# c2 c1
0 -2.000 0.8640
1 -2.000 0.8886
2 -2.000 0.9132
3 -2.000 0.9378
4 -2.000 0.9624
5 -2.000 0.9870
6 -2.000 1.0116
7 -2.000 1.0362
8 -2.000 1.0608
9 -2.000 1.0854
10 -2.000 1.1100
11 -1.754 0.8640
12 -1.754 0.8886
13 -1.754 0.9132
14 -1.754 0.9378
15 -1.754 0.9624
16 -1.754 0.9870
17 -1.754 1.0116
18 -1.754 1.0362
19 -1.754 1.0608
20 -1.754 1.0854
21 -1.754 1.1100
22 -1.508 0.8640
23 -1.508 0.8886
24 -1.508 0.9132
25 -1.508 0.9378
26 -1.508 0.9624
27 -1.508 0.9870
28 -1.508 1.0116
29 -1.508 1.0362
30 -1.508 1.0608
31 -1.508 1.0854
32 -1.508 1.1100
33 -1.262 0.8640
34 -1.262 0.8886
35 -1.262 0.9132
36 -1.262 0.9378
37 -1.262 0.9624
38 -1.262 0.9870
39 -1.262 1.0116
40 -1.262 1.0362
41 -1.262 1.0608
42 -1.262 1.0854
43 -1.262 1.1100
44 -1.016 0.8640
45 -1.016 0.8886
46 -1.016 0.9132
47 -1.016 0.9378
48 -1.016 0.9624
49 -1.016 0.9870
50 -1.016 1.0116
51 -1.016 1.0362
52 -1.016 1.0608
53 -1.016 1.0854
54 -1.016 1.1100
55 -0.770 0.8640
56 -0.770 0.8886
57 -0.770 0.9132
58 -0.770 0.9378
59 -0.770 0.9624
60 -0.770 0.9870
61 -0.770 1.0116
62 -0.770 1.0362
63 -0.770 1.0608
64 -0.770 1.0854
65 -0.770 1.1100
66 -0.524 0.8640
67 -0.524 0.8886
68 -0.524 0.9132
69 -0.524 0.9378
70 -0.524 0.9624
71 -0.524 0.9870
72 -0.524 1.0116
73 -0.524 1.0362
74 -0.524 1.0608
75 -0.524 1.0854
76 -0.524 1.1100
77 -0.278 0.8640
78 -0.278 0.8886
79 -0.278 0.9132
80 -0.278 0.9378
81 -0.278 0.9624
82 -0.278 0.9870
83 -0.278 1.0116
84 -0.278 1.0362
85 -0.278 1.0608
86 -0.278 1.0854
87 -0.278 1.1100
88 -0.032 0.8640
89 -0.032 0.8886
90 -0.032 0.9132
91 -0.032 0.9378
92 -0.032 0.9624
93 -0.032 0.9870
94 -0.032 1.0116
95 -0.032 1.0362
96 -0.032 1.0608
97 -0.032 1.0854
98 -0.032 1.1100
99 0.214 0.8640
100 0.214 0.8886
101 0.214 0.9132
102 0.214 0.9378
103 0.214 0.9624
104 0.214 0.9870
105 0.214 1.0116
106 0.214 1.0362
107 0.214 1.0608
108 0.214 1.0854
109 0.214 1.1100
110 0.460 0.8640
111 0.460 0.8886
112 0.460 0.9132
113 0.460 0.9378
114 0.460 0.9624
115 0.460 0.9870
116 0.460 1.0116
117 0.460 1.0362
118 0.460 1.0608
119 0.460 1.0854
120 0.460 1.1100
121 0.706 0.8640
122 0.706 0.8886
123 0.706 0.9132
124 0.706 0.9378
125 0.706 0.9624
126 0.706 0.9870
127 0.706 1.0116
128 0.706 1.0362
129 0.706 1.0608
130 0.706 1.0854
131 0.706 1.1100
132 0.952 0.8640
133 0.952 0.8886
134 0.952 0.9132
135 0.952 0.9378
136 0.952 0.9624
137 0.952 0.9870
138 0.952 1.0116
139 0.952 1.0362
140 0.952 1.0608
141 0.952 1.0854
142 0.952 1.1100
143 1.198 0.8640
144 1.198 0.8886
145 1.198 0.9132
146 1.198 0.9378
147 1.198 0.9624
148 1.198 0.9870
149 1.198 1.0116
150 1.198 1.0362
151 1.198 1.0608
152 1.198 1.0854
153 1.198 1.1100
154 1.444 0.8640
155 1.444 0.8886
156 1.444 0.9132
157 1.444 0.9378
158 1.444 0.9624
159 1.444 0.9870
160 1.444 1.0116
161 1.444 1.0362
162 1.444 1.0608
163 1.444 1.0854
164 1.444 1.1100
165 1.690 0.8640
166 1.690 0.8886
167 1.690 0.9132
168 1.690 0.9378
169 1.690 0.9624
170 1.690 0.9870
171 1.690 1.0116
172 1.690 1.0362
173 1.690 1.0608
174 1.690 1.0854
175 1.690 1.1100
176 1.936 0.8640
177 1.936 0.8886
178 1.936 0.9132
179 1.936 0.9378
180 1.936 0.9624
181 1.936 0.9870
182 1.936 1.0116
183 1.936 1.0362
184 1.936 1.0608
185 1.936 1.0854
186 1.936 1.1100
187 2.182 0.8640
188 2.182 0.8886
189 2.182 0.9132
190 2.182 0.9378
191 2.182 0.9624
192 2.182 0.9870
193 2.182 1.0116
194 2.182 1.0362
195 2.182 1.0608
196 2.182 1.0854
197 2.182 1.1100
198 2.428 0.8640
199 2.428 0.8886
200 2.428 0.9132
201 2.428 0.9378
202 2.428 0.9624
203 2.428 0.9870
204 2.428 1.0116
205 2.428 1.0362
206 2.428 1.0608
207 2.428 1.0854
208 2.428 1.1100
209 2.674 0.8640
210 2.674 0.8886
211 2.674 0.9132
212 2.674 0.9378
213 2.674 0.9624
214 2.674 0.9870
215 2.674 1.0116
216 2.674 1.0362
217 2.674 1.0608
218 2.674 1.0854
219 2.674 1.1100
220 2.920 0.8640
221 2.920 0.8886
222 2.920 0.9132
223 2.920 0.9378
224 2.920 0.9624
225 2.920 0.9870
226 2.920 1.0116
227 2.920 1.0362
228 2.920 1.0608
229 2.920 1.0854
230 2.920 1.1100
231 3.166 0.8640
232 3.166 0.8886
233 3.166 0.9132
234 3.166 0.9378
235 3.166 0.9624
236 3.166 0.9870
237 3.166 1.0116
238 3.166 1.0362
239 3.166 1.0608
240 3.166 1.0854
241 3.166 1.1100
242 3.412 0.8640
243 3.412 0.8886
244 3.412 0.9132
245 3.412 0.9378
246 3.412 0.9624
247 3.412 0.9870
248 3.412 1.0116
249 3.412 1.0362
250 3.412 1.0608
251 3.412 1.0854
252 3.412 1.1100
253 3.658 0.8640
254 3.658 0.8886
255 3.658 0.9132
256 3.658 0.9378
257 3.658 0.9624
258 3.658 0.9870
259 3.658 1.0116
260 3.658 1.0362
261 3.658 1.0608
262 3.658 1.0854
263 3.658 1.1100
264 3.904 0.8640
265 3.904 0.8886
266 3.904 0.9132
267 3.904 0.9378
268 3.904 0.9624
269 3.904 0.9870
270 3.904 1.0116
271 3.904 1.0362
272 3.904 1.0608
273 3.904 1.0854
274 3.904 1.1100
275 4.150 0.8640
276 4.150 0.8886
277 4.150 0.9132
278 4.150 0.9378
279 4.150 0.9624
280 4.150 0.9870
281 4.150 1.0116
282 4.150 1.0362
283 4.150 1.0608
284 4.150 1.0854
285 4.150 1.1100
286 4.396 0.8640
287 4.396 0.8886
288 4.396 0.9132
289 4.396 0.9378
290 4.396 0.9624
291 4.396 0.9870
292 4.396 1.0116
293 4.396 1.0362
294 4.396 1.0608
295 4.396 1.0854
296 4.396 1.1100
297 4.642 0.8640
298 4.642 0.8886
299 4.642 0.9132
300 4.642 0.9378
301 4.642 0.9624
302 4.642 0.9870
303 4.642 1.0116
304 4.642 1.0362
305 4.642 1.0608
306 4.642 1.0854
307 4.642 1.1100
308 4.888 0.8640
309 4.888 0.8886
310 4.888 0.9132
311 4.888 0.9378
312 4.888 0.9624
313 4.888 0.9870
314 4.888 1.0116
315 4.888 1.0362
316 4.888 1.0608
317 4.888 1.0854
318 4.888 1.1100
319 5.134 0.8640
320 5.134 0.8886
321 5.134 0.9132
322 5.134 0.9378
323 5.134 0.9624
324 5.134 0.9870
325 5.134 1.0116
326 5.134 1.0362
327 5.134 1.0608
328 5.134 1.0854
329 5.134 1.1100
