# c2 c1	 CHI2_before CHI2_after PHI_eff
0 -1.97926 0.850	2.4240 1.1727 0.4843
1 -1.97926 0.875	2.4947 1.1720 0.4875
2 -1.97926 0.900	2.5785 1.1720 0.4902
3 -1.97926 0.925	2.7181 1.1717 0.4879
4 -1.97926 0.950	2.9917 1.1711 0.4857
5 -1.97926 0.975	3.4509 1.1722 0.4624
6 -1.97926 1.000	4.4925 1.1761 0.3921
7 -1.97926 1.025	7.9364 1.1895 0.2541
8 -1.97926 1.050	inf inf inf
9 -1.97926 1.075	69.4034 2.5153 0.0004
10 -1.97926 1.100	12.9761 1.3376 0.0102
11 -1.73185 0.850	2.3489 1.1735 0.4785
12 -1.73185 0.875	2.3930 1.1731 0.4829
13 -1.73185 0.900	2.4580 1.1722 0.4822
14 -1.73185 0.925	2.5774 1.1709 0.4838
15 -1.73185 0.950	2.7634 1.1697 0.4809
16 -1.73185 0.975	3.0680 1.1702 0.4705
17 -1.73185 1.000	3.7766 1.1705 0.4257
18 -1.73185 1.025	5.8363 1.1748 0.3106
19 -1.73185 1.050	25.7415 1.2401 0.0379
20 -1.73185 1.075	120.7762 2.8746 0.0003
21 -1.73185 1.100	13.4895 1.3402 0.0087
22 -1.48444 0.850	2.3213 1.1731 0.4712
23 -1.48444 0.875	2.3407 1.1728 0.4729
24 -1.48444 0.900	2.3880 1.1720 0.4762
25 -1.48444 0.925	2.4523 1.1713 0.4783
26 -1.48444 0.950	2.5668 1.1702 0.4769
27 -1.48444 0.975	2.7870 1.1691 0.4723
28 -1.48444 1.000	3.2566 1.1674 0.4458
29 -1.48444 1.025	4.4827 1.1675 0.3619
30 -1.48444 1.050	11.1287 1.1781 0.1000
31 -1.48444 1.075	277.1074 2.8815 0.0004
32 -1.48444 1.100	14.0476 1.3406 0.0068
33 -1.23704 0.850	2.2856 1.1735 0.4623
34 -1.23704 0.875	2.3002 1.1731 0.4658
35 -1.23704 0.900	2.3140 1.1728 0.4680
36 -1.23704 0.925	2.3863 1.1709 0.4700
37 -1.23704 0.950	2.4404 1.1702 0.4699
38 -1.23704 0.975	2.5756 1.1689 0.4682
39 -1.23704 1.000	2.8662 1.1666 0.4534
40 -1.23704 1.025	3.6282 1.1626 0.3959
41 -1.23704 1.050	7.1361 1.1513 0.1881
42 -1.23704 1.075	inf inf inf
43 -1.23704 1.100	14.6448 1.3330 0.0046
44 -0.98963 0.850	2.2497 1.1744 0.4543
45 -0.98963 0.875	2.2583 1.1739 0.4561
46 -0.98963 0.900	2.2766 1.1730 0.4578
47 -0.98963 0.925	2.3046 1.1721 0.4605
48 -0.98963 0.950	2.3499 1.1707 0.4609
49 -0.98963 0.975	2.4424 1.1684 0.4586
50 -0.98963 1.000	2.6054 1.1661 0.4500
51 -0.98963 1.025	3.0443 1.1613 0.4123
52 -0.98963 1.050	4.8767 1.1446 0.2490
53 -0.98963 1.075	inf inf inf
54 -0.98963 1.100	15.6350 1.3174 0.0031
55 -0.742222 0.850	2.2399 1.1751 0.4468
56 -0.742222 0.875	2.2262 1.1750 0.4469
57 -0.742222 0.900	2.2410 1.1740 0.4477
58 -0.742222 0.925	2.2657 1.1727 0.4500
59 -0.742222 0.950	2.3023 1.1709 0.4506
60 -0.742222 0.975	2.3340 1.1693 0.4463
61 -0.742222 1.000	2.4457 1.1660 0.4418
62 -0.742222 1.025	2.7009 1.1606 0.4158
63 -0.742222 1.050	3.6454 1.1457 0.2913
64 -0.742222 1.075	inf inf inf
65 -0.742222 1.100	17.4527 1.3058 0.0022
66 -0.494815 0.850	2.2260 1.1758 0.4363
67 -0.494815 0.875	2.2377 1.1750 0.4372
68 -0.494815 0.900	2.2373 1.1745 0.4394
69 -0.494815 0.925	2.2621 1.1731 0.4412
70 -0.494815 0.950	2.2584 1.1721 0.4390
71 -0.494815 0.975	2.3007 1.1696 0.4370
72 -0.494815 1.000	2.3229 1.1675 0.4290
73 -0.494815 1.025	2.4650 1.1621 0.4083
74 -0.494815 1.050	2.9804 1.1485 0.3117
75 -0.494815 1.075	81.4164 1.5297 0.0230
76 -0.494815 1.100	21.6444 1.2903 0.0013
77 -0.247407 0.850	2.2348 1.1764 0.4284
78 -0.247407 0.875	2.2434 1.1756 0.4269
79 -0.247407 0.900	2.2520 1.1749 0.4296
80 -0.247407 0.925	2.2329 1.1745 0.4270
81 -0.247407 0.950	2.2503 1.1727 0.4235
82 -0.247407 0.975	2.2703 1.1710 0.4248
83 -0.247407 1.000	2.2943 1.1683 0.4179
84 -0.247407 1.025	2.3508 1.1641 0.3989
85 -0.247407 1.050	2.6517 1.1521 0.3190
86 -0.247407 1.075	17.3833 1.0718 0.0476
87 -0.247407 1.100	35.2629 1.2761 0.0012
88 0 0.850	2.2526 1.1770 0.4209
89 0 0.875	2.2368 1.1771 0.4194
90 0 0.900	2.2400 1.1764 0.4185
91 0 0.925	2.2606 1.1749 0.4158
92 0 0.950	2.2590 1.1742 0.4165
93 0 0.975	2.2722 1.1723 0.4116
94 0 1.000	2.2954 1.1696 0.4038
95 0 1.025	2.3512 1.1653 0.3871
96 0 1.050	2.5243 1.1563 0.3185
97 0 1.075	7.5225 1.0916 0.0732
98 0 1.100	97.4276 1.4544 0.0017
99 0.247407 0.850	2.2562 1.1782 0.4102
100 0.247407 0.875	2.2758 1.1772 0.4098
101 0.247407 0.900	2.2845 1.1763 0.4052
102 0.247407 0.925	2.2624 1.1766 0.4055
103 0.247407 0.950	2.2763 1.1754 0.4040
104 0.247407 0.975	2.2856 1.1741 0.4002
105 0.247407 1.000	2.3214 1.1714 0.3915
106 0.247407 1.025	2.3641 1.1680 0.3725
107 0.247407 1.050	2.5314 1.1604 0.3135
108 0.247407 1.075	4.8482 1.1169 0.0941
109 0.247407 1.100	inf inf inf
110 0.494815 0.850	2.2870 1.1786 0.4016
111 0.494815 0.875	2.2971 1.1782 0.4016
112 0.494815 0.900	2.2895 1.1782 0.3999
113 0.494815 0.925	2.3126 1.1769 0.3944
114 0.494815 0.950	2.3043 1.1768 0.3926
115 0.494815 0.975	2.3243 1.1752 0.3828
116 0.494815 1.000	2.3782 1.1729 0.3762
117 0.494815 1.025	2.4432 1.1699 0.3563
118 0.494815 1.050	2.6220 1.1645 0.3053
119 0.494815 1.075	4.0002 1.1360 0.1132
120 0.494815 1.100	inf inf inf
121 0.742222 0.850	2.3037 1.1796 0.3928
122 0.742222 0.875	2.3248 1.1789 0.3898
123 0.742222 0.900	2.3158 1.1792 0.3889
124 0.742222 0.925	2.3462 1.1781 0.3838
125 0.742222 0.950	2.3591 1.1776 0.3790
126 0.742222 0.975	2.3742 1.1769 0.3723
127 0.742222 1.000	2.4326 1.1751 0.3616
128 0.742222 1.025	2.5243 1.1728 0.3443
129 0.742222 1.050	2.7775 1.1679 0.2969
130 0.742222 1.075	3.7641 1.1506 0.1279
131 0.742222 1.100	inf inf inf
132 0.98963 0.850	2.3341 1.1805 0.3849
133 0.98963 0.875	2.3567 1.1800 0.3827
134 0.98963 0.900	2.3578 1.1801 0.3786
135 0.98963 0.925	2.3829 1.1794 0.3728
136 0.98963 0.950	2.4092 1.1789 0.3684
137 0.98963 0.975	2.4436 1.1783 0.3602
138 0.98963 1.000	2.5131 1.1770 0.3485
139 0.98963 1.025	2.6616 1.1745 0.3291
140 0.98963 1.050	2.9463 1.1714 0.2867
141 0.98963 1.075	3.8505 1.1614 0.1438
142 0.98963 1.100	93.3101 1.2802 0.0111
143 1.23704 0.850	2.3731 1.1812 0.3765
144 1.23704 0.875	2.3803 1.1814 0.3743
145 1.23704 0.900	2.3987 1.1811 0.3701
146 1.23704 0.925	2.4166 1.1812 0.3660
147 1.23704 0.950	2.4587 1.1805 0.3577
148 1.23704 0.975	2.5192 1.1797 0.3489
149 1.23704 1.000	2.6119 1.1786 0.3348
150 1.23704 1.025	2.7723 1.1770 0.3126
151 1.23704 1.050	3.1266 1.1749 0.2758
152 1.23704 1.075	4.0837 1.1693 0.1590
153 1.23704 1.100	28.3007 1.0334 0.0248
154 1.48444 0.850	2.4140 1.1822 0.3717
155 1.48444 0.875	2.4175 1.1825 0.3678
156 1.48444 0.900	2.4307 1.1826 0.3605
157 1.48444 0.925	2.4784 1.1819 0.3541
158 1.48444 0.950	2.5344 1.1812 0.3446
159 1.48444 0.975	2.6036 1.1808 0.3349
160 1.48444 1.000	2.7149 1.1801 0.3214
161 1.48444 1.025	2.8985 1.1795 0.3021
162 1.48444 1.050	3.3612 1.1767 0.2636
163 1.48444 1.075	4.3922 1.1746 0.1701
164 1.48444 1.100	14.1915 1.0818 0.0264
165 1.73185 0.850	2.4344 1.1833 0.3598
166 1.73185 0.875	2.4545 1.1835 0.3580
167 1.73185 0.900	2.4970 1.1830 0.3505
168 1.73185 0.925	2.5299 1.1833 0.3463
169 1.73185 0.950	2.5827 1.1832 0.3373
170 1.73185 0.975	2.6592 1.1832 0.3266
171 1.73185 1.000	2.8206 1.1820 0.3084
172 1.73185 1.025	3.0340 1.1817 0.2881
173 1.73185 1.050	3.5220 1.1802 0.2518
174 1.73185 1.075	4.6332 1.1797 0.1745
175 1.73185 1.100	9.8031 1.1263 0.0306
176 1.97926 0.850	2.4703 1.1845 0.3549
177 1.97926 0.875	2.5235 1.1839 0.3517
178 1.97926 0.900	2.5221 1.1849 0.3447
179 1.97926 0.925	2.6035 1.1838 0.3347
180 1.97926 0.950	2.6608 1.1840 0.3250
181 1.97926 0.975	2.7637 1.1839 0.3147
182 1.97926 1.000	2.9150 1.1839 0.2994
183 1.97926 1.025	3.1791 1.1834 0.2744
184 1.97926 1.050	3.7088 1.1828 0.2404
185 1.97926 1.075	4.9043 1.1830 0.1753
186 1.97926 1.100	8.2422 1.1572 0.0371
187 2.22667 0.850	2.5398 1.1844 0.3465
188 2.22667 0.875	2.5301 1.1859 0.3419
189 2.22667 0.900	2.6075 1.1849 0.3347
190 2.22667 0.925	2.6463 1.1857 0.3290
191 2.22667 0.950	2.7212 1.1857 0.3174
192 2.22667 0.975	2.8341 1.1858 0.3034
193 2.22667 1.000	3.0196 1.1856 0.2868
194 2.22667 1.025	3.3049 1.1857 0.2628
195 2.22667 1.050	3.8985 1.1850 0.2287
196 2.22667 1.075	5.1830 1.1851 0.1718
197 2.22667 1.100	7.8488 1.1755 0.0479
198 2.47407 0.850	2.5779 1.1856 0.3408
199 2.47407 0.875	2.6248 1.1854 0.3325
200 2.47407 0.900	2.6434 1.1864 0.3256
201 2.47407 0.925	2.7282 1.1862 0.3186
202 2.47407 0.950	2.8142 1.1865 0.3087
203 2.47407 0.975	2.9363 1.1868 0.2948
204 2.47407 1.000	3.1348 1.1868 0.2752
205 2.47407 1.025	3.4838 1.1865 0.2509
206 2.47407 1.050	4.0418 1.1880 0.2180
207 2.47407 1.075	5.3774 1.1885 0.1677
208 2.47407 1.100	7.8865 1.1871 0.0604
209 2.72148 0.850	2.6337 1.1860 0.3303
210 2.72148 0.875	2.6740 1.1862 0.3228
211 2.72148 0.900	2.7316 1.1867 0.3204
212 2.72148 0.925	2.7821 1.1877 0.3130
213 2.72148 0.950	2.8817 1.1879 0.3005
214 2.72148 0.975	3.0274 1.1881 0.2841
215 2.72148 1.000	3.2441 1.1884 0.2648
216 2.72148 1.025	3.6113 1.1887 0.2425
217 2.72148 1.050	4.2207 1.1901 0.2105
218 2.72148 1.075	5.5617 1.1912 0.1610
219 2.72148 1.100	8.1017 1.1939 0.0727
220 2.96889 0.850	2.6755 1.1873 0.3266
221 2.96889 0.875	2.6959 1.1883 0.3208
222 2.96889 0.900	2.7713 1.1882 0.3127
223 2.96889 0.925	2.8441 1.1888 0.3033
224 2.96889 0.950	2.9497 1.1893 0.2913
225 2.96889 0.975	3.1046 1.1898 0.2770
226 2.96889 1.000	3.3440 1.1901 0.2565
227 2.96889 1.025	3.7085 1.1915 0.2367
228 2.96889 1.050	4.3809 1.1920 0.1990
229 2.96889 1.075	5.7444 1.1933 0.1536
230 2.96889 1.100	8.3374 1.1982 0.0820
231 3.2163 0.850	2.7008 1.1886 0.3185
232 3.2163 0.875	2.7681 1.1886 0.3132
233 3.2163 0.900	2.8450 1.1886 0.3030
234 3.2163 0.925	2.9306 1.1893 0.2958
235 3.2163 0.950	3.0299 1.1902 0.2819
236 3.2163 0.975	3.2151 1.1907 0.2707
237 3.2163 1.000	3.4361 1.1919 0.2470
238 3.2163 1.025	3.8449 1.1927 0.2241
239 3.2163 1.050	4.5439 1.1939 0.1915
240 3.2163 1.075	5.8923 1.1962 0.1489
241 3.2163 1.100	8.5436 1.2011 0.0875
242 3.4637 0.850	2.7648 1.1889 0.3106
243 3.4637 0.875	2.8328 1.1892 0.3071
244 3.4637 0.900	2.9050 1.1895 0.2961
245 3.4637 0.925	2.9698 1.1911 0.2887
246 3.4637 0.950	3.1046 1.1915 0.2757
247 3.4637 0.975	3.3036 1.1916 0.2583
248 3.4637 1.000	3.5225 1.1940 0.2429
249 3.4637 1.025	3.9667 1.1945 0.2164
250 3.4637 1.050	4.6699 1.1963 0.1843
251 3.4637 1.075	6.0244 1.1987 0.1426
252 3.4637 1.100	8.6402 1.2044 0.0894
253 3.71111 0.850	2.8227 1.1898 0.3086
254 3.71111 0.875	2.8702 1.1905 0.2990
255 3.71111 0.900	2.9510 1.1911 0.2926
256 3.71111 0.925	3.0545 1.1916 0.2816
257 3.71111 0.950	3.1916 1.1923 0.2678
258 3.71111 0.975	3.3527 1.1940 0.2526
259 3.71111 1.000	3.6379 1.1950 0.2336
260 3.71111 1.025	4.0632 1.1969 0.2114
261 3.71111 1.050	4.7665 1.1992 0.1792
262 3.71111 1.075	6.1457 1.2012 0.1377
263 3.71111 1.100	8.7763 1.2060 0.0891
264 3.95852 0.850	2.8570 1.1911 0.3034
265 3.95852 0.875	2.9344 1.1911 0.2931
266 3.95852 0.900	3.0098 1.1919 0.2841
267 3.95852 0.925	3.1346 1.1921 0.2720
268 3.95852 0.950	3.2660 1.1935 0.2618
269 3.95852 0.975	3.4550 1.1949 0.2470
270 3.95852 1.000	3.7332 1.1967 0.2288
271 3.95852 1.025	4.1907 1.1980 0.2029
272 3.95852 1.050	4.9156 1.2004 0.1711
273 3.95852 1.075	6.2353 1.2040 0.1324
274 3.95852 1.100	8.8459 1.2082 0.0876
275 4.20593 0.850	2.9115 1.1917 0.2962
276 4.20593 0.875	2.9771 1.1923 0.2873
277 4.20593 0.900	3.0713 1.1928 0.2767
278 4.20593 0.925	3.1769 1.1939 0.2681
279 4.20593 0.950	3.3225 1.1951 0.2560
280 4.20593 0.975	3.5344 1.1965 0.2426
281 4.20593 1.000	3.8133 1.1984 0.2214
282 4.20593 1.025	4.2925 1.1998 0.1973
283 4.20593 1.050	5.0613 1.2015 0.1631
284 4.20593 1.075	6.3621 1.2059 0.1281
285 4.20593 1.100	8.8864 1.2106 0.0856
286 4.45333 0.850	2.9816 1.1919 0.2901
287 4.45333 0.875	3.0360 1.1932 0.2834
288 4.45333 0.900	3.1205 1.1942 0.2756
289 4.45333 0.925	3.2548 1.1946 0.2618
290 4.45333 0.950	3.4194 1.1956 0.2500
291 4.45333 0.975	3.6246 1.1973 0.2332
292 4.45333 1.000	3.9153 1.1995 0.2151
293 4.45333 1.025	4.4002 1.2010 0.1887
294 4.45333 1.050	5.1326 1.2045 0.1609
295 4.45333 1.075	6.4714 1.2073 0.1219
296 4.45333 1.100	8.9236 1.2126 0.0833
297 4.70074 0.850	3.0228 1.1931 0.2848
298 4.70074 0.875	3.1078 1.1933 0.2739
299 4.70074 0.900	3.1719 1.1954 0.2697
300 4.70074 0.925	3.3388 1.1952 0.2572
301 4.70074 0.950	3.4768 1.1972 0.2448
302 4.70074 0.975	3.7142 1.1982 0.2272
303 4.70074 1.000	4.0061 1.2009 0.2101
304 4.70074 1.025	4.4728 1.2035 0.1862
305 4.70074 1.050	5.2463 1.2058 0.1542
306 4.70074 1.075	6.5295 1.2102 0.1195
307 4.70074 1.100	8.9352 1.2152 0.0816
308 4.94815 0.850	3.0638 1.1940 0.2795
309 4.94815 0.875	3.1532 1.1947 0.2733
310 4.94815 0.900	3.2431 1.1958 0.2622
311 4.94815 0.925	3.3730 1.1970 0.2519
312 4.94815 0.950	3.5510 1.1980 0.2374
313 4.94815 0.975	3.7742 1.1998 0.2218
314 4.94815 1.000	4.1200 1.2013 0.2019
315 4.94815 1.025	4.5990 1.2039 0.1784
316 4.94815 1.050	5.3546 1.2073 0.1492
317 4.94815 1.075	6.6415 1.2113 0.1144
318 4.94815 1.100	8.9459 1.2171 0.0792
319 5.19556 0.850	3.1211 1.1944 0.2725
320 5.19556 0.875	3.2179 1.1950 0.2640
321 5.19556 0.900	3.3241 1.1961 0.2576
322 5.19556 0.925	3.4345 1.1980 0.2459
323 5.19556 0.950	3.6493 1.1984 0.2321
324 5.19556 0.975	3.8633 1.2010 0.2189
325 5.19556 1.000	4.2162 1.2025 0.1980
326 5.19556 1.025	4.6798 1.2057 0.1741
327 5.19556 1.050	5.4309 1.2095 0.1466
328 5.19556 1.075	6.7100 1.2136 0.1127
329 5.19556 1.100	8.9765 1.2186 0.0767
