# c2 c1	 CHI2_before CHI2_after PHI_eff
0 -2.000 0.8640	3.2384 1.0735 0.8101
1 -2.000 0.8886	3.3258 1.0756 0.8007
2 -2.000 0.9132	3.4411 1.0782 0.7890
3 -2.000 0.9378	3.6231 1.0806 0.7726
4 -2.000 0.9624	3.9177 1.0814 0.7505
5 -2.000 0.9870	4.4850 1.0742 0.7233
6 -2.000 1.0116	5.6966 1.0433 0.7333
7 -2.000 1.0362	5.9782 1.0239 0.8321
8 -2.000 1.0608	2007.4662 5.5330 0.0014
9 -2.000 1.0854	5.0214 1.4073 0.2231
10 -2.000 1.1100	2.7386 1.1507 0.8167
11 -1.754 0.8640	3.1328 1.0689 0.8229
12 -1.754 0.8886	3.1986 1.0707 0.8157
13 -1.754 0.9132	3.2865 1.0727 0.8063
14 -1.754 0.9378	3.4169 1.0749 0.7939
15 -1.754 0.9624	3.6360 1.0756 0.7762
16 -1.754 0.9870	4.0245 1.0715 0.7547
17 -1.754 1.0116	4.8230 1.0497 0.7507
18 -1.754 1.0362	5.5465 1.0252 0.8702
19 -1.754 1.0608	1063.0136 1.4985 0.0097
20 -1.754 1.0854	6.1454 1.3704 0.1726
21 -1.754 1.1100	2.7735 1.1468 0.8123
22 -1.508 0.8640	3.0337 1.0648 0.8348
23 -1.508 0.8886	3.0904 1.0661 0.8291
24 -1.508 0.9132	3.1485 1.0676 0.8220
25 -1.508 0.9378	3.2457 1.0693 0.8127
26 -1.508 0.9624	3.3997 1.0700 0.7998
27 -1.508 0.9870	3.6761 1.0671 0.7828
28 -1.508 1.0116	4.1846 1.0525 0.7753
29 -1.508 1.0362	4.8709 1.0238 0.8757
30 -1.508 1.0608	555.3582 1.4839 0.0464
31 -1.508 1.0854	8.0828 1.3343 0.1361
32 -1.508 1.1100	2.7871 1.1423 0.8066
33 -1.262 0.8640	2.9472 1.0608 0.8453
34 -1.262 0.8886	2.9821 1.0618 0.8413
35 -1.262 0.9132	3.0227 1.0633 0.8371
36 -1.262 0.9378	3.0924 1.0642 0.8299
37 -1.262 0.9624	3.1955 1.0648 0.8210
38 -1.262 0.9870	3.3633 1.0631 0.8098
39 -1.262 1.0116	3.7012 1.0527 0.8025
40 -1.262 1.0362	4.1760 1.0257 0.8654
41 -1.262 1.0608	2250.2006 12.0271 0.0027
42 -1.262 1.0854	11.3673 1.2925 0.1019
43 -1.262 1.1100	2.8222 1.1373 0.7994
44 -1.016 0.8640	2.8621 1.0575 0.8561
45 -1.016 0.8886	2.8953 1.0579 0.8527
46 -1.016 0.9132	2.9257 1.0586 0.8492
47 -1.016 0.9378	2.9636 1.0594 0.8451
48 -1.016 0.9624	3.0367 1.0594 0.8389
49 -1.016 0.9870	3.1352 1.0581 0.8324
50 -1.016 1.0116	3.3211 1.0510 0.8287
51 -1.016 1.0362	3.6095 1.0290 0.8662
52 -1.016 1.0608	27.2065 1.0199 0.6493
53 -1.016 1.0854	19.5661 1.2227 0.0677
54 -1.016 1.1100	2.8690 1.1314 0.7897
55 -0.770 0.8640	2.7998 1.0540 0.8646
56 -0.770 0.8886	2.8080 1.0545 0.8632
57 -0.770 0.9132	2.8241 1.0549 0.8615
58 -0.770 0.9378	2.8547 1.0550 0.8585
59 -0.770 0.9624	2.9051 1.0546 0.8547
60 -0.770 0.9870	2.9468 1.0534 0.8521
61 -0.770 1.0116	3.0398 1.0480 0.8519
62 -0.770 1.0362	3.1713 1.0315 0.8769
63 -0.770 1.0608	3.3645 1.0320 0.8012
64 -0.770 1.0854	61.6016 1.1310 0.0571
65 -0.770 1.1100	2.9433 1.1242 0.7765
66 -0.524 0.8640	2.7381 1.0509 0.8728
67 -0.524 0.8886	2.7414 1.0511 0.8722
68 -0.524 0.9132	2.7445 1.0513 0.8717
69 -0.524 0.9378	2.7557 1.0511 0.8706
70 -0.524 0.9624	2.7737 1.0505 0.8695
71 -0.524 0.9870	2.7868 1.0491 0.8694
72 -0.524 1.0116	2.8280 1.0445 0.8717
73 -0.524 1.0362	2.8508 1.0323 0.8914
74 -0.524 1.0608	2.3388 1.0300 0.8947
75 -0.524 1.0854	1064.0443 1.2234 0.0413
76 -0.524 1.1100	3.0625 1.1158 0.7593
77 -0.278 0.8640	2.6757 1.0482 0.8806
78 -0.278 0.8886	2.6755 1.0481 0.8806
79 -0.278 0.9132	2.6774 1.0478 0.8805
80 -0.278 0.9378	2.6747 1.0474 0.8808
81 -0.278 0.9624	2.6717 1.0466 0.8816
82 -0.278 0.9870	2.6696 1.0448 0.8832
83 -0.278 1.0116	2.6678 1.0408 0.8881
84 -0.278 1.0362	2.6155 1.0318 0.9058
85 -0.278 1.0608	2.1884 1.0269 0.9297
86 -0.278 1.0854	396.5120 11.6874 0.0071
87 -0.278 1.1100	3.2557 1.1060 0.7370
88 -0.032 0.8640	2.6178 1.0459 0.8879
89 -0.032 0.8886	2.6132 1.0455 0.8884
90 -0.032 0.9132	2.6056 1.0450 0.8892
91 -0.032 0.9378	2.6047 1.0442 0.8900
92 -0.032 0.9624	2.5805 1.0433 0.8925
93 -0.032 0.9870	2.5697 1.0411 0.8952
94 -0.032 1.0116	2.5284 1.0377 0.9024
95 -0.032 1.0362	2.4393 1.0307 0.9188
96 -0.032 1.0608	2.0801 1.0259 0.9419
97 -0.032 1.0854	853.5399 2.0958 0.0371
98 -0.032 1.1100	3.6442 1.0949 0.7075
99 0.214 0.8640	2.5688 1.0436 0.8943
100 0.214 0.8886	2.5625 1.0431 0.8952
101 0.214 0.9132	2.5503 1.0423 0.8965
102 0.214 0.9378	2.5361 1.0414 0.8984
103 0.214 0.9624	2.5025 1.0404 0.9019
104 0.214 0.9870	2.4845 1.0380 0.9056
105 0.214 1.0116	2.4278 1.0348 0.9137
106 0.214 1.0362	2.3116 1.0293 0.9290
107 0.214 1.0608	2.0042 1.0257 0.9467
108 0.214 1.0854	140.2245 1.0320 0.3322
109 0.214 1.1100	4.4282 1.0848 0.6692
110 0.460 0.8640	2.5318 1.0413 0.8994
111 0.460 0.8886	2.5130 1.0408 0.9013
112 0.460 0.9132	2.4917 1.0402 0.9036
113 0.460 0.9378	2.4810 1.0389 0.9056
114 0.460 0.9624	2.4557 1.0373 0.9088
115 0.460 0.9870	2.4078 1.0354 0.9145
116 0.460 1.0116	2.3375 1.0323 0.9226
117 0.460 1.0362	2.2189 1.0279 0.9368
118 0.460 1.0608	1.9480 1.0261 0.9488
119 0.460 1.0854	11.8409 1.0502 0.5404
120 0.460 1.1100	5.9078 1.0847 0.5890
121 0.706 0.8640	2.4954 1.0393 0.9045
122 0.706 0.8886	2.4824 1.0386 0.9061
123 0.706 0.9132	2.4605 1.0377 0.9085
124 0.706 0.9378	2.4405 1.0365 0.9113
125 0.706 0.9624	2.3962 1.0352 0.9159
126 0.706 0.9870	2.3480 1.0331 0.9213
127 0.706 1.0116	2.2740 1.0305 0.9302
128 0.706 1.0362	2.1574 1.0268 0.9420
129 0.706 1.0608	1.9093 1.0269 0.9493
130 0.706 1.0854	4.0395 1.0492 0.6724
131 0.706 1.1100	14.3308 1.0644 0.4752
132 0.952 0.8640	2.4609 1.0376 0.9091
133 0.952 0.8886	2.4331 1.0370 0.9117
134 0.952 0.9132	2.4135 1.0360 0.9142
135 0.952 0.9378	2.3884 1.0348 0.9172
136 0.952 0.9624	2.3449 1.0334 0.9219
137 0.952 0.9870	2.2955 1.0314 0.9276
138 0.952 1.0116	2.2219 1.0289 0.9355
139 0.952 1.0362	2.0977 1.0264 0.9462
140 0.952 1.0608	1.8911 1.0279 0.9479
141 0.952 1.0854	2.5901 1.0498 0.7407
142 0.952 1.1100	6488.9852 6.5379 0.0021
143 1.198 0.8640	2.4223 1.0362 0.9136
144 1.198 0.8886	2.4045 1.0353 0.9158
145 1.198 0.9132	2.3799 1.0344 0.9186
146 1.198 0.9378	2.3523 1.0331 0.9218
147 1.198 0.9624	2.3115 1.0317 0.9264
148 1.198 0.9870	2.2571 1.0299 0.9322
149 1.198 1.0116	2.1746 1.0279 0.9399
150 1.198 1.0362	2.0662 1.0263 0.9485
151 1.198 1.0608	1.8839 1.0295 0.9456
152 1.198 1.0854	2.1521 1.0522 0.7727
153 1.198 1.1100	100.1118 1.1475 0.4322
154 1.444 0.8640	2.3948 1.0348 0.9173
155 1.444 0.8886	2.3700 1.0338 0.9192
156 1.444 0.9132	2.3400 1.0332 0.9231
157 1.444 0.9378	2.3089 1.0320 0.9265
158 1.444 0.9624	2.2702 1.0306 0.9311
159 1.444 0.9870	2.2133 1.0289 0.9364
160 1.444 1.0116	2.1501 1.0271 0.9427
161 1.444 1.0362	2.0337 1.0266 0.9498
162 1.444 1.0608	1.8810 1.0315 0.9429
163 1.444 1.0854	1.9934 1.0566 0.7913
164 1.444 1.1100	88.9276 25.7569 0.0364
165 1.690 0.8640	2.3679 1.0335 0.9207
166 1.690 0.8886	2.3421 1.0329 0.9235
167 1.690 0.9132	2.3181 1.0319 0.9264
168 1.690 0.9378	2.2848 1.0306 0.9293
169 1.690 0.9624	2.2424 1.0294 0.9341
170 1.690 0.9870	2.1863 1.0280 0.9392
171 1.690 1.0116	2.1162 1.0270 0.9455
172 1.690 1.0362	2.0126 1.0271 0.9497
173 1.690 1.0608	1.8870 1.0337 0.9393
174 1.690 1.0854	1.9480 1.0620 0.8030
175 1.690 1.1100	114.1867 1.0320 0.5647
176 1.936 0.8640	2.3452 1.0324 0.9237
177 1.936 0.8886	2.3203 1.0317 0.9263
178 1.936 0.9132	2.2846 1.0310 0.9298
179 1.936 0.9378	2.2604 1.0297 0.9326
180 1.936 0.9624	2.2133 1.0286 0.9368
181 1.936 0.9870	2.1591 1.0276 0.9419
182 1.936 1.0116	2.0904 1.0269 0.9468
183 1.936 1.0362	2.0041 1.0280 0.9490
184 1.936 1.0608	1.9020 1.0365 0.9361
185 1.936 1.0854	1.9447 1.0679 0.8111
186 1.936 1.1100	19.1384 1.0520 0.4677
187 2.182 0.8640	2.3189 1.0316 0.9267
188 2.182 0.8886	2.3010 1.0307 0.9290
189 2.182 0.9132	2.2717 1.0298 0.9318
190 2.182 0.9378	2.2394 1.0290 0.9353
191 2.182 0.9624	2.1880 1.0282 0.9396
192 2.182 0.9870	2.1451 1.0271 0.9432
193 2.182 1.0116	2.0766 1.0271 0.9473
194 2.182 1.0362	2.0009 1.0293 0.9481
195 2.182 1.0608	1.9109 1.0395 0.9327
196 2.182 1.0854	1.9602 1.0740 0.8173
197 2.182 1.1100	8.2884 1.0715 0.4311
198 2.428 0.8640	2.3020 1.0307 0.9291
199 2.428 0.8886	2.2778 1.0300 0.9313
200 2.428 0.9132	2.2516 1.0292 0.9343
201 2.428 0.9378	2.2200 1.0284 0.9374
202 2.428 0.9624	2.1751 1.0277 0.9412
203 2.428 0.9870	2.1227 1.0273 0.9450
204 2.428 1.0116	2.0675 1.0277 0.9479
205 2.428 1.0362	1.9917 1.0309 0.9471
206 2.428 1.0608	1.9251 1.0425 0.9289
207 2.428 1.0854	1.9850 1.0797 0.8212
208 2.428 1.1100	5.2248 1.0939 0.4333
209 2.674 0.8640	2.2821 1.0301 0.9313
210 2.674 0.8886	2.2579 1.0294 0.9337
211 2.674 0.9132	2.2270 1.0288 0.9366
212 2.674 0.9378	2.1975 1.0281 0.9396
213 2.674 0.9624	2.1616 1.0275 0.9426
214 2.674 0.9870	2.1030 1.0276 0.9462
215 2.674 1.0116	2.0594 1.0284 0.9477
216 2.674 1.0362	1.9895 1.0326 0.9454
217 2.674 1.0608	1.9413 1.0456 0.9254
218 2.674 1.0854	2.0122 1.0854 0.8246
219 2.674 1.1100	4.0597 1.1140 0.4468
220 2.920 0.8640	2.2654 1.0295 0.9333
221 2.920 0.8886	2.2364 1.0290 0.9359
222 2.920 0.9132	2.2139 1.0283 0.9382
223 2.920 0.9378	2.1833 1.0278 0.9409
224 2.920 0.9624	2.1459 1.0275 0.9438
225 2.920 0.9870	2.0987 1.0277 0.9463
226 2.920 1.0116	2.0442 1.0294 0.9477
227 2.920 1.0362	1.9927 1.0344 0.9436
228 2.920 1.0608	1.9526 1.0489 0.9220
229 2.920 1.0854	2.0417 1.0906 0.8270
230 2.920 1.1100	3.4861 1.1337 0.4634
231 3.166 0.8640	2.2469 1.0291 0.9352
232 3.166 0.8886	2.2260 1.0285 0.9373
233 3.166 0.9132	2.1949 1.0281 0.9398
234 3.166 0.9378	2.1688 1.0276 0.9420
235 3.166 0.9624	2.1297 1.0276 0.9447
236 3.166 0.9870	2.0970 1.0282 0.9465
237 3.166 1.0116	2.0389 1.0306 0.9472
238 3.166 1.0362	1.9863 1.0366 0.9421
239 3.166 1.0608	1.9699 1.0523 0.9189
240 3.166 1.0854	2.0692 1.0954 0.8284
241 3.166 1.1100	3.1389 1.1538 0.4849
242 3.412 0.8640	2.2348 1.0286 0.9365
243 3.412 0.8886	2.2099 1.0283 0.9388
244 3.412 0.9132	2.1890 1.0278 0.9408
245 3.412 0.9378	2.1565 1.0277 0.9432
246 3.412 0.9624	2.1200 1.0279 0.9453
247 3.412 0.9870	2.0791 1.0290 0.9471
248 3.412 1.0116	2.0434 1.0316 0.9459
249 3.412 1.0362	1.9935 1.0384 0.9393
250 3.412 1.0608	1.9828 1.0555 0.9155
251 3.412 1.0854	2.0945 1.1000 0.8297
252 3.412 1.1100	2.9285 1.1727 0.5120
253 3.658 0.8640	2.2211 1.0284 0.9380
254 3.658 0.8886	2.2008 1.0280 0.9400
255 3.658 0.9132	2.1665 1.0279 0.9423
256 3.658 0.9378	2.1486 1.0277 0.9437
257 3.658 0.9624	2.1148 1.0282 0.9456
258 3.658 0.9870	2.0776 1.0296 0.9464
259 3.658 1.0116	2.0339 1.0329 0.9449
260 3.658 1.0362	2.0044 1.0405 0.9372
261 3.658 1.0608	2.0019 1.0585 0.9119
262 3.658 1.0854	2.1188 1.1043 0.8306
263 3.658 1.1100	2.8153 1.1883 0.5403
264 3.904 0.8640	2.2088 1.0282 0.9392
265 3.904 0.8886	2.1863 1.0280 0.9411
266 3.904 0.9132	2.1570 1.0279 0.9431
267 3.904 0.9378	2.1368 1.0280 0.9446
268 3.904 0.9624	2.1059 1.0287 0.9458
269 3.904 0.9870	2.0712 1.0305 0.9462
270 3.904 1.0116	2.0377 1.0343 0.9438
271 3.904 1.0362	2.0156 1.0427 0.9350
272 3.904 1.0608	2.0120 1.0618 0.9094
273 3.904 1.0854	2.1429 1.1083 0.8311
274 3.904 1.1100	2.7538 1.2005 0.5677
275 4.150 0.8640	2.1977 1.0281 0.9405
276 4.150 0.8886	2.1735 1.0280 0.9421
277 4.150 0.9132	2.1528 1.0280 0.9436
278 4.150 0.9378	2.1273 1.0284 0.9450
279 4.150 0.9624	2.0946 1.0294 0.9462
280 4.150 0.9870	2.0723 1.0314 0.9454
281 4.150 1.0116	2.0382 1.0358 0.9426
282 4.150 1.0362	2.0204 1.0449 0.9328
283 4.150 1.0608	2.0309 1.0650 0.9068
284 4.150 1.0854	2.1582 1.1120 0.8315
285 4.150 1.1100	2.7174 1.2094 0.5922
286 4.396 0.8640	2.1864 1.0281 0.9413
287 4.396 0.8886	2.1754 1.0278 0.9421
288 4.396 0.9132	2.1456 1.0282 0.9441
289 4.396 0.9378	2.1177 1.0289 0.9456
290 4.396 0.9624	2.0878 1.0301 0.9459
291 4.396 0.9870	2.0664 1.0324 0.9449
292 4.396 1.0116	2.0466 1.0373 0.9410
293 4.396 1.0362	2.0258 1.0472 0.9307
294 4.396 1.0608	2.0495 1.0678 0.9033
295 4.396 1.0854	2.1430 1.1157 0.8317
296 4.396 1.1100	2.6995 1.2159 0.6138
297 4.642 0.8640	2.1788 1.0281 0.9420
298 4.642 0.8886	2.1611 1.0281 0.9432
299 4.642 0.9132	2.1382 1.0284 0.9445
300 4.642 0.9378	2.1133 1.0292 0.9454
301 4.642 0.9624	2.0946 1.0306 0.9453
302 4.642 0.9870	2.0647 1.0336 0.9442
303 4.642 1.0116	2.0397 1.0390 0.9398
304 4.642 1.0362	2.0313 1.0494 0.9285
305 4.642 1.0608	2.0750 1.0709 0.9013
306 4.642 1.0854	2.1855 1.1187 0.8316
307 4.642 1.1100	2.6880 1.2205 0.6325
308 4.888 0.8640	2.1707 1.0281 0.9426
309 4.888 0.8886	2.1501 1.0283 0.9438
310 4.888 0.9132	2.1294 1.0288 0.9448
311 4.888 0.9378	2.1081 1.0299 0.9457
312 4.888 0.9624	2.0862 1.0314 0.9448
313 4.888 0.9870	2.0646 1.0346 0.9431
314 4.888 1.0116	2.0475 1.0405 0.9382
315 4.888 1.0362	2.0384 1.0517 0.9264
316 4.888 1.0608	2.0814 1.0738 0.8989
317 4.888 1.0854	2.2118 1.1219 0.8321
318 4.888 1.1100	2.6816 1.2236 0.6485
319 5.134 0.8640	2.1607 1.0283 0.9433
320 5.134 0.8886	2.1460 1.0286 0.9441
321 5.134 0.9132	2.1227 1.0292 0.9449
322 5.134 0.9378	2.1093 1.0303 0.9451
323 5.134 0.9624	2.0772 1.0325 0.9450
324 5.134 0.9870	2.0633 1.0359 0.9424
325 5.134 1.0116	2.0422 1.0423 0.9368
326 5.134 1.0362	2.0470 1.0539 0.9243
327 5.134 1.0608	2.0825 1.0767 0.8967
328 5.134 1.0854	2.2185 1.1247 0.8318
329 5.134 1.1100	2.6789 1.2255 0.6618
