# c2 c1	 CHI2_before CHI2_after PHI_eff
0 -2.000 0.8640	18.1919 1.0777 0.6613
1 -2.000 0.8886	18.7124 1.0792 0.6357
2 -2.000 0.9132	19.1192 1.0838 0.5968
3 -2.000 0.9378	19.4896 1.0911 0.5393
4 -2.000 0.9624	19.9772 1.0992 0.4629
5 -2.000 0.9870	20.7929 1.1033 0.3786
6 -2.000 1.0116	22.1809 1.0899 0.3816
7 -2.000 1.0362	29.8882 1.0530 0.6955
8 -2.000 1.0608	968.3710 1.1353 0.0202
9 -2.000 1.0854	96.5306 1.1198 0.0429
10 -2.000 1.1100	20.6576 1.2014 0.1180
11 -1.754 0.8640	16.2684 1.0699 0.7117
12 -1.754 0.8886	16.3540 1.0728 0.6903
13 -1.754 0.9132	16.3598 1.0759 0.6641
14 -1.754 0.9378	16.3011 1.0814 0.6240
15 -1.754 0.9624	16.3931 1.0858 0.5639
16 -1.754 0.9870	16.1220 1.0911 0.4872
17 -1.754 1.0116	15.8391 1.0837 0.4475
18 -1.754 1.0362	16.4818 1.0609 0.6476
19 -1.754 1.0608	313.2431 1.0748 0.0549
20 -1.754 1.0854	138.1947 1.0772 0.1288
21 -1.754 1.1100	20.5398 1.1629 0.1531
22 -1.508 0.8640	14.4840 1.0652 0.7486
23 -1.508 0.8886	14.4027 1.0663 0.7362
24 -1.508 0.9132	14.2653 1.0676 0.7186
25 -1.508 0.9378	13.9787 1.0718 0.6978
26 -1.508 0.9624	13.4953 1.0744 0.6586
27 -1.508 0.9870	12.5893 1.0797 0.6004
28 -1.508 1.0116	11.3095 1.0773 0.5512
29 -1.508 1.0362	9.9096 1.0616 0.6432
30 -1.508 1.0608	inf inf inf
31 -1.508 1.0854	281.8725 1.0596 0.3022
32 -1.508 1.1100	21.8133 1.1279 0.2007
33 -1.262 0.8640	12.9319 1.0609 0.7796
34 -1.262 0.8886	12.5919 1.0624 0.7729
35 -1.262 0.9132	12.3027 1.0628 0.7637
36 -1.262 0.9378	11.7553 1.0651 0.7492
37 -1.262 0.9624	11.0618 1.0666 0.7357
38 -1.262 0.9870	10.1263 1.0677 0.6964
39 -1.262 1.0116	8.2130 1.0686 0.6658
40 -1.262 1.0362	5.7479 1.0626 0.7059
41 -1.262 1.0608	262.8520 1.0463 0.8210
42 -1.262 1.0854	1214.5051 1.0531 0.3151
43 -1.262 1.1100	26.0348 1.0950 0.2732
44 -1.016 0.8640	11.7392 1.0567 0.8024
45 -1.016 0.8886	11.2742 1.0577 0.8027
46 -1.016 0.9132	10.8856 1.0573 0.8019
47 -1.016 0.9378	10.1032 1.0591 0.7989
48 -1.016 0.9624	9.2632 1.0595 0.7927
49 -1.016 0.9870	7.8027 1.0626 0.7810
50 -1.016 1.0116	6.0179 1.0608 0.7692
51 -1.016 1.0362	3.5915 1.0574 0.7797
52 -1.016 1.0608	51.6652 1.0497 0.8502
53 -1.016 1.0854	308.8813 1.1231 0.1949
54 -1.016 1.1100	35.6545 1.0712 0.3598
55 -0.770 0.8640	10.5163 1.0557 0.8221
56 -0.770 0.8886	9.9863 1.0558 0.8275
57 -0.770 0.9132	9.3514 1.0566 0.8276
58 -0.770 0.9378	8.7715 1.0551 0.8298
59 -0.770 0.9624	7.8420 1.0547 0.8319
60 -0.770 0.9870	6.3142 1.0567 0.8394
61 -0.770 1.0116	4.4556 1.0558 0.8408
62 -0.770 1.0362	2.3668 1.0533 0.8566
63 -0.770 1.0608	20.7366 1.0496 0.8826
64 -0.770 1.0854	259.2575 1.0888 0.2195
65 -0.770 1.1100	58.7073 1.0574 0.4165
66 -0.524 0.8640	9.4541 1.0545 0.8374
67 -0.524 0.8886	8.9854 1.0544 0.8362
68 -0.524 0.9132	8.4446 1.0534 0.8414
69 -0.524 0.9378	7.7057 1.0539 0.8508
70 -0.524 0.9624	6.7274 1.0521 0.8583
71 -0.524 0.9870	5.2741 1.0528 0.8690
72 -0.524 1.0116	3.5078 1.0523 0.8842
73 -0.524 1.0362	1.7664 1.0512 0.9064
74 -0.524 1.0608	12.1077 1.0497 0.9074
75 -0.524 1.0854	321.3301 1.1726 0.0025
76 -0.524 1.1100	121.6275 1.0533 0.4183
77 -0.278 0.8640	8.7114 1.0531 0.8445
78 -0.278 0.8886	8.1232 1.0535 0.8480
79 -0.278 0.9132	7.5533 1.0527 0.8571
80 -0.278 0.9378	6.6280 1.0536 0.8623
81 -0.278 0.9624	5.7814 1.0520 0.8688
82 -0.278 0.9870	4.4654 1.0522 0.8852
83 -0.278 1.0116	2.9483 1.0515 0.9003
84 -0.278 1.0362	1.6880 1.0514 0.9151
85 -0.278 1.0608	9.0518 1.0497 0.8946
86 -0.278 1.0854	inf inf inf
87 -0.278 1.1100	371.6724 1.0572 0.4065
88 -0.032 0.8640	8.0220 1.0530 0.8462
89 -0.032 0.8886	7.4225 1.0534 0.8528
90 -0.032 0.9132	6.8301 1.0530 0.8572
91 -0.032 0.9378	6.0312 1.0530 0.8625
92 -0.032 0.9624	5.0553 1.0531 0.8731
93 -0.032 0.9870	3.8774 1.0537 0.8846
94 -0.032 1.0116	2.7081 1.0531 0.8914
95 -0.032 1.0362	1.9383 1.0543 0.8943
96 -0.032 1.0608	8.3381 1.0529 0.8458
97 -0.032 1.0854	385.4389 1.0612 0.6762
98 -0.032 1.1100	3451.0617 1.1769 0.2441
99 0.214 0.8640	7.3717 1.0539 0.8458
100 0.214 0.8886	6.7828 1.0543 0.8489
101 0.214 0.9132	6.3259 1.0536 0.8511
102 0.214 0.9378	5.4483 1.0547 0.8612
103 0.214 0.9624	4.6168 1.0548 0.8657
104 0.214 0.9870	3.6322 1.0558 0.8715
105 0.214 1.0116	2.6720 1.0574 0.8713
106 0.214 1.0362	2.4588 1.0596 0.8485
107 0.214 1.0608	8.4935 1.0602 0.7604
108 0.214 1.0854	143.5514 1.0544 0.6563
109 0.214 1.1100	inf inf inf
110 0.460 0.8640	6.7943 1.0568 0.8447
111 0.460 0.8886	6.4432 1.0551 0.8437
112 0.460 0.9132	5.8946 1.0552 0.8434
113 0.460 0.9378	5.0387 1.0570 0.8525
114 0.460 0.9624	4.3160 1.0576 0.8527
115 0.460 0.9870	3.4906 1.0596 0.8534
116 0.460 1.0116	2.8668 1.0621 0.8409
117 0.460 1.0362	3.2031 1.0670 0.7986
118 0.460 1.0608	9.1565 1.0717 0.6622
119 0.460 1.0854	85.2504 1.0570 0.5561
120 0.460 1.1100	742.6734 1.0883 0.2053
121 0.706 0.8640	6.4705 1.0565 0.8360
122 0.706 0.8886	5.9260 1.0572 0.8366
123 0.706 0.9132	5.3584 1.0583 0.8386
124 0.706 0.9378	4.7850 1.0595 0.8382
125 0.706 0.9624	4.1622 1.0613 0.8346
126 0.706 0.9870	3.5613 1.0638 0.8265
127 0.706 1.0116	3.2313 1.0685 0.8033
128 0.706 1.0362	4.0126 1.0770 0.7354
129 0.706 1.0608	10.0849 1.0865 0.5697
130 0.706 1.0854	62.3253 1.0691 0.4201
131 0.706 1.1100	643.0064 1.1982 0.0124
132 0.952 0.8640	6.1771 1.0584 0.8262
133 0.952 0.8886	5.6094 1.0599 0.8285
134 0.952 0.9132	5.2171 1.0604 0.8226
135 0.952 0.9378	4.6532 1.0627 0.8203
136 0.952 0.9624	4.1187 1.0655 0.8121
137 0.952 0.9870	3.7539 1.0692 0.7942
138 0.952 1.0116	3.7083 1.0763 0.7597
139 0.952 1.0362	5.0085 1.0866 0.6818
140 0.952 1.0608	11.3278 1.1022 0.4979
141 0.952 1.0854	51.2897 1.0895 0.2974
142 0.952 1.1100	3302.0439 1.3740 0.0012
143 1.198 0.8640	5.8389 1.0606 0.8164
144 1.198 0.8886	5.4382 1.0620 0.8133
145 1.198 0.9132	5.0906 1.0638 0.8054
146 1.198 0.9378	4.5679 1.0664 0.8006
147 1.198 0.9624	4.2256 1.0699 0.7859
148 1.198 0.9870	4.0260 1.0749 0.7631
149 1.198 1.0116	4.3011 1.0835 0.7175
150 1.198 1.0362	6.0646 1.0977 0.6287
151 1.198 1.0608	12.6567 1.1194 0.4381
152 1.198 1.0854	45.6929 1.1160 0.2121
153 1.198 1.1100	1286.9336 1.0935 0.4085
154 1.444 0.8640	5.6766 1.0630 0.8027
155 1.444 0.8886	5.2718 1.0653 0.7992
156 1.444 0.9132	4.9819 1.0672 0.7887
157 1.444 0.9378	4.6243 1.0705 0.7768
158 1.444 0.9624	4.3753 1.0741 0.7601
159 1.444 0.9870	4.3774 1.0812 0.7275
160 1.444 1.0116	5.0556 1.0899 0.6801
161 1.444 1.0362	7.0753 1.1096 0.5736
162 1.444 1.0608	14.0777 1.1351 0.3896
163 1.444 1.0854	42.6895 1.1454 0.1611
164 1.444 1.1100	448.7569 1.0603 0.3648
165 1.690 0.8640	5.5277 1.0657 0.7882
166 1.690 0.8886	5.1920 1.0680 0.7827
167 1.690 0.9132	4.9475 1.0707 0.7696
168 1.690 0.9378	4.7233 1.0744 0.7532
169 1.690 0.9624	4.6375 1.0798 0.7280
170 1.690 0.9870	4.8004 1.0873 0.6949
171 1.690 1.0116	5.6395 1.1005 0.6314
172 1.690 1.0362	8.2938 1.1186 0.5309
173 1.690 1.0608	15.4605 1.1520 0.3467
174 1.690 1.0854	41.1318 1.1777 0.1262
175 1.690 1.1100	266.9087 1.0632 0.2294
176 1.936 0.8640	5.4752 1.0682 0.7722
177 1.936 0.8886	5.1887 1.0716 0.7630
178 1.936 0.9132	4.9629 1.0751 0.7509
179 1.936 0.9378	4.8447 1.0782 0.7328
180 1.936 0.9624	4.8769 1.0851 0.7038
181 1.936 0.9870	5.2734 1.0942 0.6585
182 1.936 1.0116	6.4644 1.1073 0.5952
183 1.936 1.0362	9.4189 1.1298 0.4865
184 1.936 1.0608	16.7558 1.1695 0.3055
185 1.936 1.0854	40.5827 1.2084 0.1056
186 1.936 1.1100	191.9384 1.0876 0.1128
187 2.182 0.8640	5.3942 1.0724 0.7571
188 2.182 0.8886	5.1795 1.0746 0.7466
189 2.182 0.9132	5.0945 1.0784 0.7270
190 2.182 0.9378	5.0256 1.0841 0.7043
191 2.182 0.9624	5.1835 1.0922 0.6731
192 2.182 0.9870	5.7436 1.1021 0.6238
193 2.182 1.0116	7.2248 1.1170 0.5550
194 2.182 1.0362	10.5795 1.1395 0.4465
195 2.182 1.0608	18.3788 1.1812 0.2793
196 2.182 1.0854	40.6829 1.2348 0.0940
197 2.182 1.1100	152.2371 1.1362 0.0522
198 2.428 0.8640	5.3749 1.0754 0.7413
199 2.428 0.8886	5.2695 1.0784 0.7256
200 2.428 0.9132	5.1838 1.0829 0.7078
201 2.428 0.9378	5.2980 1.0879 0.6797
202 2.428 0.9624	5.5790 1.0962 0.6446
203 2.428 0.9870	6.3415 1.1076 0.5932
204 2.428 1.0116	8.0012 1.1247 0.5176
205 2.428 1.0362	11.5571 1.1519 0.4059
206 2.428 1.0608	19.7151 1.1954 0.2517
207 2.428 1.0854	41.0406 1.2596 0.0844
208 2.428 1.1100	128.8940 1.1965 0.0258
209 2.674 0.8640	5.4519 1.0781 0.7225
210 2.674 0.8886	5.3638 1.0820 0.7068
211 2.674 0.9132	5.3500 1.0866 0.6863
212 2.674 0.9378	5.5216 1.0932 0.6568
213 2.674 0.9624	5.9791 1.1019 0.6155
214 2.674 0.9870	6.9028 1.1150 0.5611
215 2.674 1.0116	8.7993 1.1330 0.4821
216 2.674 1.0362	12.6600 1.1618 0.3723
217 2.674 1.0608	20.9472 1.2092 0.2252
218 2.674 1.0854	41.5825 1.2813 0.0763
219 2.674 1.1100	113.5565 1.2639 0.0148
220 2.920 0.8640	5.4819 1.0818 0.7064
221 2.920 0.8886	5.4605 1.0866 0.6866
222 2.920 0.9132	5.5910 1.0915 0.6620
223 2.920 0.9378	5.8394 1.0985 0.6294
224 2.920 0.9624	6.3724 1.1085 0.5877
225 2.920 0.9870	7.5653 1.1200 0.5309
226 2.920 1.0116	9.6460 1.1404 0.4510
227 2.920 1.0362	13.7678 1.1706 0.3419
228 2.920 1.0608	22.1642 1.2215 0.2019
229 2.920 1.0854	42.3963 1.2981 0.0702
230 2.920 1.1100	103.1622 1.3314 0.0097
231 3.166 0.8640	5.5883 1.0855 0.6874
232 3.166 0.8886	5.6526 1.0895 0.6667
233 3.166 0.9132	5.7761 1.0967 0.6405
234 3.166 0.9378	6.1574 1.1034 0.6056
235 3.166 0.9624	6.8435 1.1136 0.5609
236 3.166 0.9870	8.1885 1.1268 0.5030
237 3.166 1.0116	10.3701 1.1497 0.4181
238 3.166 1.0362	14.7520 1.1808 0.3122
239 3.166 1.0608	23.4341 1.2317 0.1831
240 3.166 1.0854	42.9123 1.3165 0.0629
241 3.166 1.1100	96.0194 1.3939 0.0073
242 3.412 0.8640	5.7135 1.0893 0.6691
243 3.412 0.8886	5.8297 1.0941 0.6459
244 3.412 0.9132	6.0638 1.1001 0.6201
245 3.412 0.9378	6.5590 1.1071 0.5833
246 3.412 0.9624	7.3431 1.1187 0.5358
247 3.412 0.9870	8.7350 1.1343 0.4719
248 3.412 1.0116	11.2384 1.1563 0.3901
249 3.412 1.0362	15.7883 1.1915 0.2860
250 3.412 1.0608	24.5202 1.2439 0.1651
251 3.412 1.0854	43.9714 1.3251 0.0580
252 3.412 1.1100	91.5847 1.4410 0.0062
253 3.658 0.8640	5.8765 1.0923 0.6515
254 3.658 0.8886	6.0509 1.0971 0.6273
255 3.658 0.9132	6.3626 1.1040 0.5963
256 3.658 0.9378	6.8680 1.1136 0.5588
257 3.658 0.9624	7.7305 1.1269 0.5067
258 3.658 0.9870	9.3113 1.1419 0.4446
259 3.658 1.0116	12.0215 1.1638 0.3641
260 3.658 1.0362	16.7863 1.1975 0.2630
261 3.658 1.0608	25.6775 1.2517 0.1486
262 3.658 1.0854	44.5223 1.3393 0.0519
263 3.658 1.1100	88.6293 1.4739 0.0059
264 3.904 0.8640	6.0431 1.0960 0.6328
265 3.904 0.8886	6.2817 1.1023 0.6054
266 3.904 0.9132	6.6603 1.1084 0.5756
267 3.904 0.9378	7.3148 1.1170 0.5369
268 3.904 0.9624	8.3388 1.1301 0.4853
269 3.904 0.9870	9.8972 1.1491 0.4190
270 3.904 1.0116	12.7999 1.1712 0.3392
271 3.904 1.0362	17.5583 1.2088 0.2394
272 3.904 1.0608	26.4539 1.2650 0.1330
273 3.904 1.0854	45.2305 1.3487 0.0469
274 3.904 1.1100	87.0233 1.4923 0.0060
275 4.150 0.8640	6.2460 1.1001 0.6144
276 4.150 0.8886	6.5462 1.1049 0.5878
277 4.150 0.9132	6.9691 1.1130 0.5544
278 4.150 0.9378	7.6978 1.1225 0.5135
279 4.150 0.9624	8.7875 1.1362 0.4613
280 4.150 0.9870	10.6177 1.1535 0.3969
281 4.150 1.0116	13.5520 1.1786 0.3161
282 4.150 1.0362	18.5961 1.2148 0.2209
283 4.150 1.0608	27.4536 1.2732 0.1204
284 4.150 1.0854	45.5549 1.3621 0.0417
285 4.150 1.1100	86.0776 1.5036 0.0061
286 4.396 0.8640	6.4014 1.1039 0.5982
287 4.396 0.8886	6.8086 1.1090 0.5693
288 4.396 0.9132	7.2683 1.1183 0.5338
289 4.396 0.9378	8.0480 1.1289 0.4914
290 4.396 0.9624	9.2524 1.1428 0.4387
291 4.396 0.9870	11.1904 1.1608 0.3737
292 4.396 1.0116	14.3254 1.1852 0.2946
293 4.396 1.0362	19.4136 1.2235 0.2025
294 4.396 1.0608	28.4607 1.2804 0.1091
295 4.396 1.0854	45.9543 1.3747 0.0375
296 4.396 1.1100	85.3068 1.5097 0.0061
297 4.642 0.8640	6.6647 1.1082 0.5767
298 4.642 0.8886	7.0716 1.1136 0.5487
299 4.642 0.9132	7.5735 1.1235 0.5138
300 4.642 0.9378	8.4271 1.1348 0.4695
301 4.642 0.9624	9.7698 1.1480 0.4171
302 4.642 0.9870	11.7945 1.1674 0.3521
303 4.642 1.0116	14.9906 1.1933 0.2742
304 4.642 1.0362	20.2464 1.2311 0.1861
305 4.642 1.0608	29.0955 1.2919 0.0980
306 4.642 1.0854	46.5059 1.3800 0.0336
307 4.642 1.1100	84.4694 1.5142 0.0059
308 4.888 0.8640	6.8918 1.1108 0.5625
309 4.888 0.8886	7.3387 1.1180 0.5312
310 4.888 0.9132	7.9696 1.1270 0.4958
311 4.888 0.9378	8.8594 1.1392 0.4507
312 4.888 0.9624	10.2718 1.1534 0.3969
313 4.888 0.9870	12.4413 1.1724 0.3327
314 4.888 1.0116	15.5958 1.2021 0.2550
315 4.888 1.0362	21.1144 1.2376 0.1717
316 4.888 1.0608	29.9590 1.2990 0.0889
317 4.888 1.0854	46.9096 1.3884 0.0302
318 4.888 1.1100	83.3195 1.5208 0.0055
319 5.134 0.8640	7.1030 1.1163 0.5426
320 5.134 0.8886	7.5988 1.1228 0.5128
321 5.134 0.9132	8.2963 1.1324 0.4759
322 5.134 0.9378	9.3052 1.1437 0.4310
323 5.134 0.9624	10.8195 1.1581 0.3780
324 5.134 0.9870	12.9302 1.1805 0.3126
325 5.134 1.0116	16.3907 1.2069 0.2388
326 5.134 1.0362	21.6866 1.2481 0.1574
327 5.134 1.0608	30.5970 1.3084 0.0806
328 5.134 1.0854	47.2218 1.3972 0.0270
329 5.134 1.1100	82.4291 1.5227 0.0050
