# c2 c1	 CHI2_before CHI2_after PHI_eff
0 -2.000 0.8640	8.9035 2.8359 0.3671
1 -2.000 0.8886	9.0103 2.8709 0.3606
2 -2.000 0.9132	9.1532 2.9154 0.3514
3 -2.000 0.9378	9.3549 2.9716 0.3374
4 -2.000 0.9624	9.6571 3.0411 0.3147
5 -2.000 0.9870	10.1551 3.1155 0.2754
6 -2.000 1.0116	11.0973 3.1131 0.2010
7 -2.000 1.0362	14.6587 2.4377 0.0841
8 -2.000 1.0608	189.8236 0.9627 0.0195
9 -2.000 1.0854	67.2216 6.3664 0.0014
10 -2.000 1.1100	7.1071 0.9923 0.3786
11 -1.754 0.8640	8.0680 2.5668 0.4000
12 -1.754 0.8886	8.0715 2.5708 0.3978
13 -1.754 0.9132	8.0770 2.5738 0.3939
14 -1.754 0.9378	8.0851 2.5733 0.3877
15 -1.754 0.9624	8.0910 2.5615 0.3767
16 -1.754 0.9870	8.0836 2.5139 0.3560
17 -1.754 1.0116	8.0311 2.3405 0.3144
18 -1.754 1.0362	8.1455 1.6503 0.2437
19 -1.754 1.0608	54.1579 0.7803 0.0445
20 -1.754 1.0854	81.8509 6.2934 0.0011
21 -1.754 1.1100	7.4373 1.0551 0.3574
22 -1.508 0.8640	7.3117 2.3249 0.4330
23 -1.508 0.8886	7.2300 2.3036 0.4346
24 -1.508 0.9132	7.1264 2.2740 0.4364
25 -1.508 0.9378	6.9833 2.2300 0.4381
26 -1.508 0.9624	6.7710 2.1586 0.4393
27 -1.508 0.9870	6.4153 2.0282 0.4395
28 -1.508 1.0116	5.7381 1.7509 0.4392
29 -1.508 1.0362	4.3037 1.0895 0.4765
30 -1.508 1.0608	23.1380 0.7875 0.0733
31 -1.508 1.0854	116.6426 6.7735 0.0009
32 -1.508 1.1100	8.4049 1.2467 0.2993
33 -1.262 0.8640	6.6274 2.1080 0.4654
34 -1.262 0.8886	6.4827 2.0670 0.4712
35 -1.262 0.9132	6.2964 2.0124 0.4783
36 -1.262 0.9378	6.0393 1.9365 0.4878
37 -1.262 0.9624	5.6695 1.8239 0.5010
38 -1.262 0.9870	5.0868 1.6425 0.5219
39 -1.262 1.0116	4.0820 1.3196 0.5642
40 -1.262 1.0362	2.1472 0.7440 0.7098
41 -1.262 1.0608	16.7550 0.8488 0.0839
42 -1.262 1.0854	219.7702 9.6587 0.0007
43 -1.262 1.1100	10.3101 1.6254 0.2111
44 -1.016 0.8640	6.0196 1.9144 0.4973
45 -1.016 0.8886	5.8241 1.8581 0.5067
46 -1.016 0.9132	5.5704 1.7852 0.5189
47 -1.016 0.9378	5.2333 1.6873 0.5357
48 -1.016 0.9624	4.7579 1.5490 0.5598
49 -1.016 0.9870	4.0542 1.3424 0.5991
50 -1.016 1.0116	2.9207 1.0173 0.6766
51 -1.016 1.0362	1.1124 0.5746 0.8771
52 -1.016 1.0608	16.7291 0.9876 0.0654
53 -1.016 1.0854	705.3944 31.2001 0.0007
54 -1.016 1.1100	13.5781 2.2708 0.1156
55 -0.770 0.8640	5.4742 1.7420 0.5280
56 -0.770 0.8886	5.2378 1.6747 0.5409
57 -0.770 0.9132	4.9412 1.5892 0.5578
58 -0.770 0.9378	4.5513 1.4775 0.5808
59 -0.770 0.9624	4.0230 1.3264 0.6144
60 -0.770 0.9870	3.2676 1.1147 0.6681
61 -0.770 1.0116	2.1639 0.8185 0.7669
62 -0.770 1.0362	0.8485 0.5345 0.9500
63 -0.770 1.0608	18.3280 1.2609 0.0411
64 -0.770 1.0854	3292.0912 971.0661 0.0003
65 -0.770 1.1100	18.9155 3.2987 0.0440
66 -0.524 0.8640	4.9869 1.5892 0.5575
67 -0.524 0.8886	4.7259 1.5145 0.5735
68 -0.524 0.9132	4.4023 1.4214 0.5943
69 -0.524 0.9378	3.9845 1.3029 0.6225
70 -0.524 0.9624	3.4362 1.1489 0.6630
71 -0.524 0.9870	2.6923 0.9476 0.7258
72 -0.524 1.0116	1.7285 0.7017 0.8300
73 -0.524 1.0362	1.1301 0.5817 0.9335
74 -0.524 1.0608	20.6081 1.6962 0.0249
75 -0.524 1.0854	1424.4583 335.8020 0.0007
76 -0.524 1.1100	27.5264 4.9693 0.0114
77 -0.278 0.8640	4.5585 1.4545 0.5855
78 -0.278 0.8886	4.2812 1.3755 0.6040
79 -0.278 0.9132	3.9419 1.2789 0.6280
80 -0.278 0.9378	3.5130 1.1595 0.6602
81 -0.278 0.9624	2.9759 1.0110 0.7051
82 -0.278 0.9870	2.2927 0.8312 0.7711
83 -0.278 1.0116	1.5556 0.6479 0.8638
84 -0.278 1.0362	1.8029 0.6866 0.8540
85 -0.278 1.0608	23.2825 2.2905 0.0165
86 -0.278 1.0854	1339.3003 254.6903 0.0002
87 -0.278 1.1100	41.6393 7.9537 0.0028
88 -0.032 0.8640	4.1809 1.3365 0.6117
89 -0.032 0.8886	3.8940 1.2558 0.6324
90 -0.032 0.9132	3.5557 1.1591 0.6584
91 -0.032 0.9378	3.1356 1.0436 0.6931
92 -0.032 0.9624	2.6328 0.9068 0.7395
93 -0.032 0.9870	2.0540 0.7563 0.8025
94 -0.032 1.0116	1.5942 0.6422 0.8699
95 -0.032 1.0362	2.7634 0.8306 0.7428
96 -0.032 1.0608	26.1854 2.9990 0.0123
97 -0.032 1.0854	1349.5521 488.4891 0.0005
98 -0.032 1.1100	64.6765 13.3568 0.0010
99 0.214 0.8640	3.8505 1.2337 0.6361
100 0.214 0.8886	3.5666 1.1536 0.6581
101 0.214 0.9132	3.2316 1.0601 0.6858
102 0.214 0.9378	2.8407 0.9519 0.7209
103 0.214 0.9624	2.3925 0.8316 0.7662
104 0.214 0.9870	1.9501 0.7150 0.8196
105 0.214 1.0116	1.8117 0.6715 0.8504
106 0.214 1.0362	3.9339 1.0023 0.6245
107 0.214 1.0608	29.1950 3.7604 0.0101
108 0.214 1.0854	1384.7349 1000.3787 0.0003
109 0.214 1.1100	102.0022 22.8329 0.0006
110 0.460 0.8640	3.5664 1.1448 0.6584
111 0.460 0.8886	3.2892 1.0673 0.6812
112 0.460 0.9132	2.9734 0.9792 0.7092
113 0.460 0.9378	2.6163 0.8816 0.7437
114 0.460 0.9624	2.2454 0.7808 0.7844
115 0.460 0.9870	1.9538 0.7016 0.8239
116 0.460 1.0116	2.1746 0.7273 0.8114
117 0.460 1.0362	5.2529 1.1936 0.5131
118 0.460 1.0608	32.1853 4.5205 0.0087
119 0.460 1.0854	inf inf inf
120 0.460 1.1100	164.8509 38.6963 0.0004
121 0.706 0.8640	3.3222 1.0688 0.6785
122 0.706 0.8886	3.0598 0.9955 0.7014
123 0.706 0.9132	2.7687 0.9148 0.7290
124 0.706 0.9378	2.4606 0.8298 0.7609
125 0.706 0.9624	2.1755 0.7511 0.7948
126 0.706 0.9870	2.0575 0.7100 0.8157
127 0.706 1.0116	2.6638 0.8022 0.7573
128 0.706 1.0362	6.6753 1.4012 0.4169
129 0.706 1.0608	35.0531 5.2471 0.0077
130 0.706 1.0854	1420.6550 497.6755 0.0002
131 0.706 1.1100	272.1782 65.6038 0.0003
132 0.952 0.8640	3.1155 1.0045 0.6964
133 0.952 0.8886	2.8742 0.9366 0.7188
134 0.952 0.9132	2.6198 0.8644 0.7442
135 0.952 0.9378	2.3672 0.7937 0.7721
136 0.952 0.9624	2.1759 0.7388 0.7974
137 0.952 0.9870	2.2474 0.7359 0.7968
138 0.952 1.0116	3.2540 0.8928 0.6956
139 0.952 1.0362	8.1685 1.6204 0.3366
140 0.952 1.0608	37.7434 5.9251 0.0069
141 0.952 1.0854	848.8237 329.3739 0.0002
142 0.952 1.1100	467.2222 112.2497 0.0002
143 1.198 0.8640	2.9484 0.9507 0.7118
144 1.198 0.8886	2.7303 0.8894 0.7331
145 1.198 0.9132	2.5130 0.8273 0.7560
146 1.198 0.9378	2.3220 0.7721 0.7787
147 1.198 0.9624	2.2433 0.7406 0.7920
148 1.198 0.9870	2.5189 0.7748 0.7675
149 1.198 1.0116	3.9292 0.9961 0.6310
150 1.198 1.0362	9.7013 1.8480 0.2713
151 1.198 1.0608	40.2270 6.5545 0.0062
152 1.198 1.0854	593.2480 229.7172 0.0003
153 1.198 1.1100	875.3082 197.7373 0.0001
154 1.444 0.8640	2.8145 0.9065 0.7247
155 1.444 0.8886	2.6250 0.8525 0.7440
156 1.444 0.9132	2.4435 0.8020 0.7644
157 1.444 0.9378	2.3272 0.7623 0.7798
158 1.444 0.9624	2.3633 0.7552 0.7807
159 1.444 0.9870	2.8531 0.8261 0.7325
160 1.444 1.0116	4.6729 1.1070 0.5645
161 1.444 1.0362	11.2638 2.0809 0.2187
162 1.444 1.0608	42.5434 7.1380 0.0056
163 1.444 1.0854	445.0644 170.9076 0.0002
164 1.444 1.1100	1866.9144 352.0776 0.0003
165 1.690 0.8640	2.7096 0.8713 0.7354
166 1.690 0.8886	2.5531 0.8250 0.7519
167 1.690 0.9132	2.4255 0.7852 0.7672
168 1.690 0.9378	2.3785 0.7625 0.7756
169 1.690 0.9624	2.5428 0.7787 0.7618
170 1.690 0.9870	3.2491 0.8861 0.6919
171 1.690 1.0116	5.4736 1.2287 0.5035
172 1.690 1.0362	12.7873 2.3151 0.1760
173 1.690 1.0608	44.7302 7.6819 0.0051
174 1.690 1.0854	351.9012 136.8984 0.0002
175 1.690 1.1100	1421.3648 568.2065 0.0001
176 1.936 0.8640	2.6354 0.8435 0.7431
177 1.936 0.8886	2.5130 0.8060 0.7570
178 1.936 0.9132	2.4376 0.7777 0.7669
179 1.936 0.9378	2.4705 0.7717 0.7668
180 1.936 0.9624	2.7658 0.8112 0.7385
181 1.936 0.9870	3.6945 0.9545 0.6489
182 1.936 1.0116	6.3173 1.3555 0.4454
183 1.936 1.0362	14.3347 2.5550 0.1432
184 1.936 1.0608	46.7904 8.1873 0.0047
185 1.936 1.0854	293.8088 115.4204 0.0002
186 1.936 1.1100	1823.6920 864.2939 0.0001
187 2.182 0.8640	2.5856 0.8234 0.7489
188 2.182 0.8886	2.5037 0.7942 0.7587
189 2.182 0.9132	2.4811 0.7783 0.7635
190 2.182 0.9378	2.6012 0.7881 0.7534
191 2.182 0.9624	3.0314 0.8511 0.7114
192 2.182 0.9870	4.1876 1.0280 0.6030
193 2.182 1.0116	7.1952 1.4868 0.3919
194 2.182 1.0362	15.8335 2.7918 0.1164
195 2.182 1.0608	48.6622 8.6585 0.0043
196 2.182 1.0854	255.6453 100.9082 0.0002
197 2.182 1.1100	1668.8366 1433.9619 0.0002
198 2.428 0.8640	2.5635 0.8093 0.7518
199 2.428 0.8886	2.5184 0.7896 0.7583
200 2.428 0.9132	2.5578 0.7850 0.7560
201 2.428 0.9378	2.7656 0.8111 0.7365
202 2.428 0.9624	3.3366 0.8965 0.6805
203 2.428 0.9870	4.7166 1.1094 0.5594
204 2.428 1.0116	8.1020 1.6243 0.3449
205 2.428 1.0362	17.3458 3.0313 0.0956
206 2.428 1.0608	50.4886 9.1002 0.0040
207 2.428 1.0854	232.9055 90.0606 0.0003
208 2.428 1.1100	1617.6436 1327.7413 0.0002
209 2.674 0.8640	2.5663 0.8009 0.7521
210 2.674 0.8886	2.5639 0.7899 0.7538
211 2.674 0.9132	2.6630 0.7977 0.7456
212 2.674 0.9378	2.9643 0.8396 0.7161
213 2.674 0.9624	3.6740 0.9484 0.6487
214 2.674 0.9870	5.2794 1.1940 0.5151
215 2.674 1.0116	9.0244 1.7635 0.3022
216 2.674 1.0362	18.8075 3.2688 0.0790
217 2.674 1.0608	52.1477 9.5140 0.0038
218 2.674 1.0854	217.3222 81.0958 0.0003
219 2.674 1.1100	1550.8012 1291.3737 0.0004
220 2.920 0.8640	2.5871 0.7980 0.7505
221 2.920 0.8886	2.6322 0.7959 0.7472
222 2.920 0.9132	2.7956 0.8152 0.7318
223 2.920 0.9378	3.1917 0.8728 0.6928
224 2.920 0.9624	4.0462 1.0029 0.6134
225 2.920 0.9870	5.8702 1.2829 0.4727
226 2.920 1.0116	9.9602 1.9055 0.2646
227 2.920 1.0362	20.2485 3.5042 0.0656
228 2.920 1.0608	53.7878 9.9033 0.0035
229 2.920 1.0854	203.8871 73.7558 0.0004
230 2.920 1.1100	1655.4714 1289.9424 0.0003
231 3.166 0.8640	2.6321 0.7994 0.7463
232 3.166 0.8886	2.7230 0.8064 0.7382
233 3.166 0.9132	2.9543 0.8373 0.7156
234 3.166 0.9378	3.4459 0.9107 0.6680
235 3.166 0.9624	4.4426 1.0627 0.5789
236 3.166 0.9870	6.4830 1.3746 0.4319
237 3.166 1.0116	10.9047 2.0498 0.2316
238 3.166 1.0362	21.6467 3.7386 0.0550
239 3.166 1.0608	55.2819 10.2694 0.0033
240 3.166 1.0854	194.9995 67.7523 0.0004
241 3.166 1.1100	1806.8479 1337.4168 0.0003
242 3.412 0.8640	2.6978 0.8046 0.7394
243 3.412 0.8886	2.8350 0.8211 0.7269
244 3.412 0.9132	3.1357 0.8632 0.6970
245 3.412 0.9378	3.7253 0.9518 0.6409
246 3.412 0.9624	4.8628 1.1268 0.5451
247 3.412 0.9870	7.1182 1.4709 0.3948
248 3.412 1.0116	11.8520 2.1953 0.2028
249 3.412 1.0362	23.0098 3.9687 0.0463
250 3.412 1.0608	56.6413 10.6154 0.0032
251 3.412 1.0854	188.4205 62.7611 0.0005
252 3.412 1.1100	1987.0489 1363.9764 0.0001
253 3.658 0.8640	2.7791 0.8144 0.7316
254 3.658 0.8886	2.9695 0.8388 0.7127
255 3.658 0.9132	3.3392 0.8927 0.6768
256 3.658 0.9378	4.0250 0.9972 0.6138
257 3.658 0.9624	5.3052 1.1924 0.5104
258 3.658 0.9870	7.7660 1.5680 0.3590
259 3.658 1.0116	12.7992 2.3413 0.1774
260 3.658 1.0362	24.3471 4.1975 0.0393
261 3.658 1.0608	58.0001 10.9397 0.0030
262 3.658 1.0854	183.0236 58.6814 0.0006
263 3.658 1.1100	1768.4122 913.8688 0.0001
264 3.904 0.8640	2.8802 0.8270 0.7213
265 3.904 0.8886	3.1218 0.8605 0.6976
266 3.904 0.9132	3.5606 0.9257 0.6554
267 3.904 0.9378	4.3449 1.0457 0.5861
268 3.904 0.9624	5.7656 1.2613 0.4770
269 3.904 0.9870	8.4284 1.6694 0.3273
270 3.904 1.0116	13.7466 2.4889 0.1557
271 3.904 1.0362	25.6465 4.4233 0.0336
272 3.904 1.0608	59.3208 11.2470 0.0029
273 3.904 1.0854	178.5219 55.2978 0.0007
274 3.904 1.1100	2115.4058 685.0212 0.0001
275 4.150 0.8640	2.9961 0.8430 0.7098
276 4.150 0.8886	3.2899 0.8852 0.6810
277 4.150 0.9132	3.8012 0.9615 0.6328
278 4.150 0.9378	4.6845 1.0960 0.5573
279 4.150 0.9624	6.2424 1.3333 0.4452
280 4.150 0.9870	9.1015 1.7713 0.2973
281 4.150 1.0116	14.6907 2.6373 0.1370
282 4.150 1.0362	26.9188 4.6460 0.0290
283 4.150 1.0608	60.4634 11.5372 0.0027
284 4.150 1.0854	174.5646 52.4352 0.0008
285 4.150 1.1100	1513.6700 532.6423 0.0001
286 4.396 0.8640	3.1303 0.8610 0.6958
287 4.396 0.8886	3.4764 0.9122 0.6626
288 4.396 0.9132	4.0589 0.9997 0.6092
289 4.396 0.9378	5.0399 1.1495 0.5293
290 4.396 0.9624	6.7337 1.4078 0.4152
291 4.396 0.9870	9.7824 1.8750 0.2700
292 4.396 1.0116	15.6273 2.7850 0.1205
293 4.396 1.0362	28.1470 4.8651 0.0251
294 4.396 1.0608	61.5880 11.8130 0.0026
295 4.396 1.0854	170.9266 49.9757 0.0009
296 4.396 1.1100	1125.1085 433.7390 0.0002
297 4.642 0.8640	3.2768 0.8823 0.6814
298 4.642 0.8886	3.6777 0.9419 0.6436
299 4.642 0.9132	4.3292 1.0418 0.5867
300 4.642 0.9378	5.4095 1.2043 0.5009
301 4.642 0.9624	7.2384 1.4842 0.3865
302 4.642 0.9870	10.4631 1.9787 0.2446
303 4.642 1.0116	16.5508 2.9324 0.1062
304 4.642 1.0362	29.3621 5.0816 0.0220
305 4.642 1.0608	62.7002 12.0732 0.0025
306 4.642 1.0854	167.4313 47.8378 0.0009
307 4.642 1.1100	865.1574 365.9978 0.0002
308 4.888 0.8640	3.4384 0.9056 0.6656
309 4.888 0.8886	3.8920 0.9742 0.6240
310 4.888 0.9132	4.6187 1.0831 0.5610
311 4.888 0.9378	5.7929 1.2628 0.4745
312 4.888 0.9624	7.7475 1.5604 0.3581
313 4.888 0.9870	11.1559 2.0854 0.2223
314 4.888 1.0116	17.4654 3.0793 0.0938
315 4.888 1.0362	30.5183 5.2959 0.0194
316 4.888 1.0608	63.7231 12.3210 0.0024
317 4.888 1.0854	164.1410 45.9631 0.0009
318 4.888 1.1100	699.1690 314.5689 0.0004
319 5.134 0.8640	3.6128 0.9309 0.6487
320 5.134 0.8886	4.1212 1.0078 0.6031
321 5.134 0.9132	4.9180 1.1288 0.5377
322 5.134 0.9378	6.1878 1.3212 0.4473
323 5.134 0.9624	8.2704 1.6396 0.3324
324 5.134 0.9870	11.8448 2.1916 0.2016
325 5.134 1.0116	18.3787 3.2263 0.0831
326 5.134 1.0362	31.6080 5.5028 0.0170
327 5.134 1.0608	64.6481 12.5562 0.0023
328 5.134 1.0854	160.9968 44.3102 0.0009
329 5.134 1.1100	594.9362 271.0629 0.0003
