1,2,0.31335
1,3,0.53254
1,4,0.33504
1,5,0.061216
1,6,0.17907
1,7,-0.042251
1,8,0.049292
1,9,-0.0056517
1,10,0.078826
1,11,0.11602
1,12,-0.1669
1,13,-0.038277
1,14,0.095273
1,15,-0.021624
1,16,-0.17037
1,17,-0.081255
1,18,-0.1134
1,19,-0.095837
1,20,-0.08272
1,21,-0.12766
1,22,0.00050757
1,23,-0.032948
1,24,0.087054
1,25,0.036866
1,26,-0.19292
1,27,0.075272
1,28,-0.097427
1,29,-0.1353
1,30,-0.19816
1,31,-0.10572
1,32,-0.15037
1,33,-0.18402
1,34,-0.17107
1,35,0.02986
1,36,0.021498
1,37,-0.14528
1,38,-0.18009
1,39,0.28001
1,40,-0.0035683
1,41,-0.012394
1,42,0.27776
1,43,-0.09589
1,44,-0.10743
1,45,-0.17936
1,46,-0.065156
1,47,-0.059372
1,48,0.11264
1,49,-0.077878
1,50,0.070076
1,51,0.45339
1,52,-0.020456
1,53,-0.0048159
2,3,1.1146
2,4,0.76813
2,5,0.5459
2,6,0.3948
2,7,0.16404
2,8,0.037477
2,9,0.13698
2,10,-0.14844
2,11,0.099373
2,12,-0.13028
2,13,-0.19477
2,14,-0.23091
2,15,-0.13344
2,16,-0.19293
2,17,-0.087262
2,18,0.064478
2,19,0.048855
2,20,0.14342
2,21,0.070535
2,22,-0.22482
2,23,-0.25801
2,24,-0.19884
2,25,-0.1903
2,26,-0.1785
2,27,0.32945
2,28,-0.20947
2,29,-0.24079
2,30,-0.017232
2,31,-0.25395
2,32,-0.057569
2,33,-0.2125
2,34,-0.029954
2,35,-0.010764
2,36,-0.20778
2,37,-0.077964
2,38,0.0026652
2,39,-0.1915
2,40,0.12467
2,41,-0.12337
2,42,0.19478
2,43,-0.25674
2,44,0.02441
2,45,-0.22351
2,46,-0.21321
2,47,-0.12146
2,48,0.28964
2,49,-0.24075
2,50,-0.21446
2,51,-0.24301
2,52,0.26234
2,53,-0.0467
3,4,0.56094
3,5,0.24051
3,6,0.17509
3,7,0.17632
3,8,0.082004
3,9,-0.14356
3,10,0.04537
3,11,-0.10785
3,12,0.15737
3,13,-0.060567
3,14,-0.048748
3,15,-0.016993
3,16,-0.052584
3,17,-0.12994
3,18,-0.24835
3,19,-0.081612
3,20,-0.040549
3,21,-0.19834
3,22,0.24472
3,23,-0.048198
3,24,0.044148
3,25,0.11037
3,26,0.078952
3,27,-0.17149
3,28,0.04464
3,29,-0.085513
3,30,-0.18273
3,31,-0.053818
3,32,-0.094098
3,33,-0.066858
3,34,-0.112
3,35,-0.094808
3,36,-0.047682
3,37,-0.12199
3,38,-0.15332
3,39,-0.073711
3,40,-0.19604
3,41,-0.22502
3,42,-0.23001
3,43,0.088645
3,44,-0.13419
3,45,0.023699
3,46,0.061083
3,47,0.05387
3,48,-0.20997
3,49,-0.0097548
3,50,0.080785
3,51,0.10919
3,52,-0.24408
3,53,-0.062664
4,5,0.50528
4,6,0.23608
4,7,0.1851
4,8,0.14559
4,9,-0.040315
4,10,-0.10273
4,11,-0.15976
4,12,0.0057965
4,13,-0.13086
4,14,-0.11051
4,15,-0.18115
4,16,-0.09475
4,17,-0.10193
4,18,-0.053906
4,19,-0.1267
4,20,-0.17474
4,21,-0.23047
4,22,0.14824
4,23,-0.0029168
4,24,-0.16871
4,25,-0.08422
4,26,-0.15301
4,27,-0.14569
4,28,-0.061635
4,29,-0.013734
4,30,-0.20269
4,31,-0.056434
4,32,-0.089476
4,33,-0.13275
4,34,-0.019021
4,35,-0.16421
4,36,0.065483
4,37,-0.094979
4,38,0.20673
4,39,0.43717
4,40,-0.099096
4,41,-0.020524
4,42,0.34228
4,43,-0.076668
4,44,-0.046198
4,45,-0.054455
4,46,0.017227
4,47,-0.088739
4,48,-0.17127
4,49,0.035782
4,50,-0.1061
4,51,-0.12174
4,52,-0.16723
4,53,-0.03601
5,6,0.58014
5,7,0.35278
5,8,0.233
5,9,-0.064831
5,10,0.0020962
5,11,-0.14134
5,12,0.16065
5,13,-0.0087767
5,14,0.0030151
5,15,-0.080723
5,16,-0.052603
5,17,0.024853
5,18,-0.18438
5,19,-0.070873
5,20,0.04578
5,21,-0.16973
5,22,0.043018
5,23,0.094334
5,24,-0.05524
5,25,-0.075227
5,26,-0.137
5,27,-0.0404
5,28,-0.021212
5,29,-0.058817
5,30,-0.19022
5,31,-0.053191
5,32,-0.10891
5,33,-0.01805
5,34,-0.046284
5,35,-0.14528
5,36,-0.0082874
5,37,-0.15275
5,38,-0.22234
5,39,0.042817
5,40,-0.040055
5,41,-0.15945
5,42,-0.023323
5,43,0.034765
5,44,-0.12279
5,45,-0.047684
5,46,0.0050415
5,47,-0.13839
5,48,-0.015127
5,49,-0.079471
5,50,-0.0082768
5,51,-0.12788
5,52,-0.049373
5,53,-0.072653
6,7,0.36086
6,8,0.26869
6,9,-0.0034469
6,10,0.043735
6,11,-0.168
6,12,-0.10121
6,13,0.018032
6,14,0.080556
6,15,-0.072778
6,16,-0.0086065
6,17,-0.0078068
6,18,-0.16331
6,19,0.62883
6,20,-0.18123
6,21,-0.13033
6,22,0.08961
6,23,-0.08114
6,24,0.079975
6,25,-0.15255
6,26,0.0045557
6,27,-0.13508
6,28,0.046387
6,29,-0.10293
6,30,-0.043128
6,31,0.082331
6,32,-0.13944
6,33,-0.05939
6,34,-0.11669
6,35,-0.12931
6,36,-0.041497
6,37,-0.093961
6,38,-0.034393
6,39,0.017465
6,40,-0.18153
6,41,-0.016312
6,42,-0.15693
6,43,-0.0010937
6,44,-0.049519
6,45,0.013186
6,46,-0.068386
6,47,-0.11253
6,48,-0.12049
6,49,0.039062
6,50,-0.12648
6,51,-0.082074
6,52,-0.16005
6,53,-0.095448
7,8,0.46381
7,9,0.1771
7,10,0.21564
7,11,-0.082535
7,12,0.11516
7,13,-0.12744
7,14,0.021972
7,15,0.048938
7,16,0.078516
7,17,-0.048638
7,18,-0.047239
7,19,-0.15097
7,20,-0.033445
7,21,-0.15777
7,22,0.042364
7,23,0.14116
7,24,-0.014003
7,25,-0.041979
7,26,-0.035889
7,27,-0.17998
7,28,-0.14462
7,29,-0.093497
7,30,-0.087948
7,31,0.16047
7,32,0.054446
7,33,-0.041718
7,34,-0.16944
7,35,-0.03861
7,36,0.15708
7,37,0.099335
7,38,0.10407
7,39,-0.10151
7,40,-0.12664
7,41,0.073918
7,42,-0.065998
7,43,-0.15137
7,44,-0.093284
7,45,-0.1133
7,46,-0.11703
7,47,-0.17335
7,48,-0.16251
7,49,-0.12192
7,50,-0.048487
7,51,0.015823
7,52,-0.15644
7,53,-0.098014
8,9,0.34475
8,10,0.083051
8,11,-0.054412
8,12,0.22807
8,13,0.0034482
8,14,0.13627
8,15,0.10761
8,16,0.1233
8,17,-0.079291
8,18,-0.12446
8,19,-0.0096457
8,20,-0.089814
8,21,-0.017618
8,22,0.037446
8,23,0.0053261
8,24,-0.10851
8,25,-0.030171
8,26,-0.034955
8,27,-0.08439
8,28,-0.083944
8,29,0.19307
8,30,-0.13247
8,31,0.1599
8,32,-0.11538
8,33,0.18771
8,34,-0.095816
8,35,-0.083178
8,36,-0.026735
8,37,-0.05009
8,38,-0.18597
8,39,-0.13285
8,40,-0.16046
8,41,-0.084211
8,42,-0.26201
8,43,0.049375
8,44,-0.10929
8,45,0.011319
8,46,0.019575
8,47,-0.066748
8,48,-0.19179
8,49,-0.070554
8,50,0.017467
8,51,-0.045767
8,52,-0.16177
8,53,-0.065303
9,10,0.30053
9,11,0.12322
9,12,-0.01609
9,13,-0.069852
9,14,-0.08416
9,15,0.014038
9,16,-0.074199
9,17,0.123
9,18,-0.013833
9,19,-0.1586
9,20,0.0068795
9,21,-0.13006
9,22,-0.12347
9,23,-0.12676
9,24,-0.18425
9,25,-0.068817
9,26,-0.092602
9,27,0.025366
9,28,-0.065768
9,29,-0.055259
9,30,0.33319
9,31,-0.12719
9,32,0.20607
9,33,0.0075635
9,34,0.28692
9,35,-0.10857
9,36,-0.14171
9,37,0.41093
9,38,0.19433
9,39,-0.12447
9,40,0.021236
9,41,0.2185
9,42,-0.085692
9,43,-0.14472
9,44,-0.062944
9,45,-0.11177
9,46,-0.075356
9,47,-0.065611
9,48,0.0048124
9,49,-0.17022
9,50,-0.10373
9,51,-0.11971
9,52,-0.03631
9,53,-0.10467
10,11,0.2954
10,12,0.31181
10,13,0.2728
10,14,0.20866
10,15,-0.0012316
10,16,-0.020119
10,17,-0.12645
10,18,-0.029411
10,19,-0.1135
10,20,-0.11914
10,21,-0.0039626
10,22,0.151
10,23,-0.01273
10,24,-0.0043394
10,25,-0.063105
10,26,0.064885
10,27,-0.16194
10,28,-0.12472
10,29,0.030946
10,30,-0.13234
10,31,-0.013389
10,32,-0.10543
10,33,0.43693
10,34,-0.13011
10,35,-0.041063
10,36,0.42089
10,37,-0.049894
10,38,-0.088426
10,39,0.12568
10,40,-0.12436
10,41,-0.17747
10,42,-0.15346
10,43,-0.14303
10,44,-0.070567
10,45,-0.017294
10,46,-0.12041
10,47,0.013378
10,48,-0.20541
10,49,-0.062692
10,50,-0.093964
10,51,-0.026266
10,52,-0.1694
10,53,0.071073
11,12,0.42515
11,13,0.21418
11,14,0.016742
11,15,0.18145
11,16,-0.073796
11,17,-0.17
11,18,-0.050161
11,19,-0.16862
11,20,0.040011
11,21,-0.12129
11,22,-0.16077
11,23,-0.23285
11,24,-0.15379
11,25,-0.062119
11,26,-0.21313
11,27,0.17341
11,28,-0.25986
11,29,-0.27492
11,30,-0.026191
11,31,-0.17281
11,32,-0.022769
11,33,0.12754
11,34,0.13079
11,35,2.1236
11,36,-0.036649
11,37,-0.11255
11,38,-0.049614
11,39,-0.044677
11,40,-0.010936
11,41,-0.10265
11,42,0.013993
11,43,-0.011342
11,44,-0.11254
11,45,-0.19499
11,46,-0.17034
11,47,-0.17685
11,48,0.10664
11,49,-0.1572
11,50,-0.16927
11,51,-0.23068
11,52,0.11486
11,53,-0.054584
12,13,0.37586
12,14,0.2259
12,15,0.17465
12,16,0.092181
12,17,-0.11464
12,18,-0.15468
12,19,-0.081617
12,20,0.052283
12,21,-0.019145
12,22,-0.0044186
12,23,0.081818
12,24,-0.1374
12,25,-0.0062678
12,26,0.073948
12,27,-0.12763
12,28,-0.047122
12,29,-0.0068881
12,30,-0.19227
12,31,0.1339
12,32,-0.097062
12,33,0.19148
12,34,-0.13815
12,35,-0.11073
12,36,0.074105
12,37,-0.18122
12,38,-0.11537
12,39,0.0097107
12,40,-0.076881
12,41,-0.22354
12,42,-0.024517
12,43,0.017905
12,44,0.011995
12,45,0.088102
12,46,0.078319
12,47,-0.14311
12,48,-0.18518
12,49,-0.019938
12,50,0.033615
12,51,-0.033739
12,52,-0.17872
12,53,-0.058098
13,14,0.42108
13,15,0.77351
13,16,0.28874
13,17,-0.033406
13,18,-0.01338
13,19,-0.058009
13,20,-0.07566
13,21,-0.10669
13,22,-0.063744
13,23,-0.071989
13,24,0.054993
13,25,-0.092907
13,26,-0.10317
13,27,-0.15006
13,28,-0.037999
13,29,0.0070693
13,30,-0.14415
13,31,0.16725
13,32,0.019784
13,33,0.26986
13,34,0.025413
13,35,-0.072305
13,36,0.056572
13,37,-0.039745
13,38,-0.045441
13,39,-0.036967
13,40,-0.088372
13,41,-0.087894
13,42,-0.14386
13,43,-0.085479
13,44,0.03365
13,45,0.04597
13,46,0.0061
13,47,0.039875
13,48,-0.19553
13,49,-0.091243
13,50,-0.13174
13,51,-0.075553
13,52,-0.19019
13,53,-0.053562
14,15,0.32515
14,16,0.25813
14,17,-0.0010408
14,18,-0.034924
14,19,-0.23707
14,20,-0.072371
14,21,0.02566
14,22,-0.033038
14,23,0.041137
14,24,-0.0008065
14,25,-0.020037
14,26,-0.020921
14,27,-0.14089
14,28,-0.053136
14,29,0.13861
14,30,-0.11768
14,31,0.55333
14,32,-0.095917
14,33,0.27458
14,34,-0.07158
14,35,-0.17943
14,36,0.081335
14,37,-0.12178
14,38,-0.10681
14,39,0.046846
14,40,-0.21332
14,41,-0.095059
14,42,-0.021881
14,43,0.022273
14,44,0.0019458
14,45,0.028567
14,46,0.046585
14,47,-0.145
14,48,-0.21281
14,49,-0.053356
14,50,0.10587
14,51,-0.038929
14,52,-0.29001
14,53,0.0090952
15,16,0.42627
15,17,0.21089
15,18,-0.066734
15,19,-0.17947
15,20,-0.17665
15,21,0.04106
15,22,-0.017319
15,23,-0.016011
15,24,-0.013962
15,25,0.03257
15,26,0.072382
15,27,-0.093098
15,28,-0.10369
15,29,0.052157
15,30,0.0015496
15,31,0.18058
15,32,-0.068551
15,33,0.077501
15,34,0.025123
15,35,0.0079317
15,36,-0.012498
15,37,-0.086635
15,38,-0.14639
15,39,-0.032365
15,40,-0.21998
15,41,-0.14018
15,42,0.048283
15,43,-0.072107
15,44,0.015293
15,45,-0.13421
15,46,0.092874
15,47,0.031518
15,48,-0.2182
15,49,-0.15671
15,50,0.020995
15,51,0.038043
15,52,-0.25387
15,53,0.0066698
16,17,0.15023
16,18,0.10758
16,19,0.035197
16,20,-0.18313
16,21,-0.0194
16,22,0.013597
16,23,0.024451
16,24,0.09522
16,25,0.10215
16,26,0.15361
16,27,-0.11422
16,28,0.10842
16,29,0.47844
16,30,-0.1638
16,31,0.38279
16,32,-0.087455
16,33,-0.14445
16,34,-0.22401
16,35,-0.067839
16,36,0.067073
16,37,-0.11967
16,38,-0.13149
16,39,-0.007356
16,40,-0.1203
16,41,-0.17033
16,42,-0.0050842
16,43,0.061093
16,44,-0.084128
16,45,0.019333
16,46,0.063769
16,47,-0.073789
16,48,-0.20512
16,49,-0.03895
16,50,0.015395
16,51,0.01542
16,52,-0.15141
16,53,-0.051304
17,18,0.18717
17,19,0.069908
17,20,-0.062295
17,21,-0.061334
17,22,0.0052672
17,23,-0.10837
17,24,-0.1133
17,25,-0.056037
17,26,-0.11687
17,27,-0.024644
17,28,-0.15338
17,29,0.014784
17,30,0.18109
17,31,0.024002
17,32,0.029354
17,33,-0.069507
17,34,0.045754
17,35,-0.13989
17,36,-0.040698
17,37,-0.010759
17,38,-0.043471
17,39,0.13487
17,40,-0.072082
17,41,1.1724
17,42,-0.038643
17,43,0.65581
17,44,-0.064991
17,45,-0.079497
17,46,-0.04651
17,47,0.059035
17,48,-0.095629
17,49,-0.24635
17,50,-0.057947
17,51,-0.12191
17,52,-0.10187
17,53,-0.12311
18,19,0.14281
18,20,0.15317
18,21,0.069583
18,22,-0.095184
18,23,0.037514
18,24,0.044249
18,25,-0.10639
18,26,-0.057832
18,27,0.19542
18,28,0.14225
18,29,0.2832
18,30,-0.015922
18,31,-0.086175
18,32,-0.059067
18,33,-0.014797
18,34,0.024794
18,35,0.044546
18,36,-0.085349
18,37,-0.053302
18,38,-0.047249
18,39,0.017074
18,40,0.22614
18,41,-0.057604
18,42,0.10619
18,43,-0.014376
18,44,0.040525
18,45,0.54661
18,46,-0.18426
18,47,-0.072913
18,48,0.0814
18,49,-0.11777
18,50,-0.084313
18,51,-0.091703
18,52,0.034921
18,53,-0.14362
19,20,0.21413
19,21,0.31021
19,22,-0.034606
19,23,0.16103
19,24,0.055548
19,25,-0.032125
19,26,0.0035305
19,27,0.028686
19,28,0.3648
19,29,0.15799
19,30,0.12892
19,31,-0.056339
19,32,-0.10911
19,33,-0.099209
19,34,-0.062993
19,35,-0.13916
19,36,0.040926
19,37,-0.009491
19,38,0.12287
19,39,0.020805
19,40,-0.037277
19,41,0.23774
19,42,0.091404
19,43,-0.1723
19,44,-0.093189
19,45,-0.074856
19,46,-0.096094
19,47,-0.11715
19,48,-0.034861
19,49,0.025717
19,50,-0.012411
19,51,-0.0056107
19,52,-0.057408
19,53,-0.046173
20,21,0.2707
20,22,-0.040031
20,23,0.095303
20,24,-0.00011417
20,25,0.21735
20,26,-0.079753
20,27,0.24792
20,28,-0.10354
20,29,-0.068548
20,30,0.014723
20,31,-0.1869
20,32,0.010057
20,33,0.02769
20,34,0.056187
20,35,0.054638
20,36,-0.092381
20,37,0.0096375
20,38,0.0054136
20,39,-0.090001
20,40,0.039083
20,41,-0.019709
20,42,0.033439
20,43,-0.0066221
20,44,-0.11083
20,45,-0.061696
20,46,0.026276
20,47,-0.059815
20,48,0.16571
20,49,-0.15909
20,50,0.01188
20,51,-0.086223
20,52,0.19899
20,53,0.12267
21,22,0.19525
21,23,0.11462
21,24,0.25254
21,25,0.12175
21,26,0.071617
21,27,0.16881
21,28,1.2887
21,29,0.0044866
21,30,-0.098148
21,31,0.027737
21,32,-0.12406
21,33,-0.059537
21,34,-0.12453
21,35,-0.032045
21,36,-0.14368
21,37,-0.046991
21,38,-0.17065
21,39,-0.12913
21,40,-0.044792
21,41,-0.022121
21,42,-0.02292
21,43,-0.12771
21,44,-0.066246
21,45,-0.053022
21,46,-0.0737
21,47,-0.064345
21,48,0.094511
21,49,-0.010084
21,50,-0.12218
21,51,-0.11294
21,52,0.0076819
21,53,-0.11221
22,23,0.70977
22,24,0.21791
22,25,0.098456
22,26,0.075355
22,27,-0.1614
22,28,-0.0036053
22,29,-0.0024548
22,30,-0.056166
22,31,0.040769
22,32,-0.084819
22,33,-0.011303
22,34,-0.081269
22,35,-0.090102
22,36,0.069539
22,37,-0.1202
22,38,-0.15688
22,39,0.057155
22,40,-0.0068229
22,41,-0.15611
22,42,0.010494
22,43,0.1004
22,44,-0.046844
22,45,0.048659
22,46,0.0044145
22,47,-0.0067154
22,48,-0.19087
22,49,-0.0080843
22,50,0.10444
22,51,-0.04647
22,52,-0.22506
22,53,-0.0056882
23,24,0.40361
23,25,0.13683
23,26,0.14443
23,27,-0.10417
23,28,0.13414
23,29,0.15184
23,30,0.023122
23,31,-0.004961
23,32,-0.014879
23,33,-0.034035
23,34,-0.082029
23,35,-0.081153
23,36,0.013791
23,37,-0.10527
23,38,-0.13718
23,39,-0.043928
23,40,-0.13821
23,41,-0.15127
23,42,-0.27203
23,43,0.059613
23,44,-0.023439
23,45,-0.012468
23,46,0.16275
23,47,0.067183
23,48,-0.15775
23,49,-0.047466
23,50,-0.0056222
23,51,-0.0011451
23,52,-0.20029
23,53,0.035009
24,25,0.057115
24,26,0.44141
24,27,0.060962
24,28,0.85183
24,29,0.0094361
24,30,-0.15552
24,31,0.13298
24,32,-0.11231
24,33,-0.075672
24,34,-0.053298
24,35,-0.039655
24,36,0.073619
24,37,-0.14575
24,38,-0.19362
24,39,0.0078576
24,40,-0.059555
24,41,-0.074642
24,42,-0.18773
24,43,-0.0012677
24,44,-0.12523
24,45,0.10601
24,46,0.037517
24,47,-0.15312
24,48,-0.13098
24,49,0.045106
24,50,-0.0081945
24,51,-0.24661
24,52,-0.12132
24,53,0.020189
25,26,0.33036
25,27,0.065672
25,28,0.19278
25,29,0.10267
25,30,-0.13987
25,31,0.070121
25,32,-0.087273
25,33,-0.12772
25,34,-0.068387
25,35,0.046648
25,36,-0.011794
25,37,-0.11561
25,38,-0.050981
25,39,0.031925
25,40,-0.071158
25,41,-0.0015907
25,42,-0.16056
25,43,-0.068597
25,44,0.0090089
25,45,0.046444
25,46,0.14562
25,47,-0.0013261
25,48,-0.12177
25,49,0.068626
25,50,-0.076638
25,51,0.061043
25,52,-0.079408
25,53,0.32933
26,27,0.042097
26,28,0.29185
26,29,0.14743
26,30,-0.04694
26,31,0.16877
26,32,-0.05772
26,33,-0.074364
26,34,0.013436
26,35,-0.14319
26,36,0.083242
26,37,-0.035652
26,38,-0.017696
26,39,-0.044048
26,40,0.054673
26,41,-0.1324
26,42,-0.1042
26,43,-0.053286
26,44,-0.063603
26,45,0.12184
26,46,0.046627
26,47,-0.026273
26,48,-0.17683
26,49,0.15858
26,50,0.0033753
26,51,-0.047498
26,52,-0.15608
26,53,0.14113
27,28,0.030885
27,29,-0.07329
27,30,0.072694
27,31,-0.060327
27,32,-0.036888
27,33,-0.11782
27,34,0.043864
27,35,0.035999
27,36,-0.16724
27,37,-0.055115
27,38,-0.028737
27,39,-0.050442
27,40,0.22005
27,41,-0.13559
27,42,0.2681
27,43,-0.14309
27,44,0.12401
27,45,-0.083587
27,46,-0.055606
27,47,-0.060077
27,48,0.36048
27,49,-0.065025
27,50,-0.1038
27,51,-0.14261
27,52,0.38597
27,53,0.041969
28,29,0.13341
28,30,-0.27198
28,31,0.16089
28,32,-0.041464
28,33,0.030388
28,34,-0.16971
28,35,-0.10824
28,36,-0.099156
28,37,-0.15733
28,38,-0.14498
28,39,-0.042492
28,40,-0.21571
28,41,-0.1078
28,42,-0.13574
28,43,-0.1085
28,44,-0.045428
28,45,-0.0057305
28,46,0.091051
28,47,-0.019965
28,48,-0.14364
28,49,0.030327
28,50,-0.10393
28,51,0.020053
28,52,-0.22651
28,53,-0.01592
29,30,0.34373
29,31,0.27418
29,32,0.022487
29,33,0.020887
29,34,0.02282
29,35,-0.075454
29,36,0.061785
29,37,-0.053771
29,38,-0.17517
29,39,-0.11084
29,40,-0.11325
29,41,-0.038332
29,42,-0.18622
29,43,-0.033386
29,44,-0.081291
29,45,0.0088224
29,46,-0.03421
29,47,-0.012778
29,48,-0.18412
29,49,0.12691
29,50,-0.077841
29,51,0.17159
29,52,-0.24063
29,53,-0.11049
30,31,0.011829
30,32,0.41213
30,33,0.24651
30,34,0.22081
30,35,-0.069076
30,36,-0.018669
30,37,0.34216
30,38,0.30847
30,39,-0.0038794
30,40,0.14726
30,41,0.26559
30,42,0.14407
30,43,-0.072264
30,44,-0.08441
30,45,-0.081391
30,46,-0.15334
30,47,0.074631
30,48,-0.02402
30,49,-0.098245
30,50,-0.040525
30,51,-0.16107
30,52,-0.012934
30,53,0.016371
31,32,0.022985
31,33,0.15565
31,34,-0.084514
31,35,-0.11585
31,36,-0.073995
31,37,-0.028884
31,38,-0.02497
31,39,-0.0136
31,40,-0.11144
31,41,-0.067649
31,42,-0.2208
31,43,-0.032684
31,44,-0.081678
31,45,0.014522
31,46,0.065744
31,47,-0.015233
31,48,-0.24715
31,49,-0.060947
31,50,-0.0046315
31,51,0.026547
31,52,-0.2499
31,53,-0.072927
32,33,0.10193
32,34,0.78665
32,35,0.034532
32,36,0.049941
32,37,0.47613
32,38,0.25917
32,39,-0.12236
32,40,0.084735
32,41,0.22427
32,42,-0.11769
32,43,-0.017454
32,44,-0.05204
32,45,-0.090335
32,46,0.018968
32,47,-0.10859
32,48,-0.076756
32,49,-0.15735
32,50,-0.073394
32,51,-0.0070856
32,52,-0.079308
32,53,-0.040411
33,34,0.31648
33,35,0.21699
33,36,0.35821
33,37,0.065796
33,38,-0.04563
33,39,-0.05852
33,40,-0.077315
33,41,-0.094356
33,42,-0.13608
33,43,-0.018696
33,44,-0.12036
33,45,0.037551
33,46,-0.06018
33,47,-0.018767
33,48,-0.21831
33,49,-0.062963
33,50,-0.11703
33,51,-0.11361
33,52,-0.18977
33,53,-0.18136
34,35,0.057113
34,36,-0.066263
34,37,0.3091
34,38,0.22339
34,39,-0.086565
34,40,0.063552
34,41,0.034058
34,42,-0.077959
34,43,-0.1326
34,44,0.096214
34,45,-0.061612
34,46,-0.094168
34,47,-0.12561
34,48,0.016678
34,49,-0.040626
34,50,-0.083395
34,51,-0.19204
34,52,-0.0024049
34,53,0.048257
35,36,0.042201
35,37,-0.070649
35,38,-0.01066
35,39,0.13689
35,40,-0.064101
35,41,-0.065624
35,42,0.015351
35,43,-0.018376
35,44,0.032019
35,45,-0.16069
35,46,-0.023781
35,47,-0.10909
35,48,0.118
35,49,-0.047111
35,50,-0.11458
35,51,-0.11896
35,52,0.006465
35,53,-0.076638
36,37,0.1894
36,38,-0.027997
36,39,0.12143
36,40,0.072526
36,41,-0.032878
36,42,-0.070481
36,43,0.042314
36,44,-0.0044885
36,45,-0.10137
36,46,-0.053631
36,47,-0.05953
36,48,-0.099464
36,49,-0.039061
36,50,0.015807
36,51,0.04262
36,52,-0.16051
36,53,-0.073498
37,38,0.43134
37,39,0.041193
37,40,0.30835
37,41,0.32127
37,42,-0.032282
37,43,-0.03493
37,44,0.034832
37,45,-0.058518
37,46,-0.084914
37,47,-0.10635
37,48,0.0039058
37,49,-0.046776
37,50,-0.080617
37,51,-0.14937
37,52,-0.015875
37,53,-0.091876
38,39,0.045527
38,40,0.40027
38,41,0.50564
38,42,0.064791
38,43,-0.054013
38,44,0.046005
38,45,-0.061592
38,46,0.053382
38,47,-0.16226
38,48,0.032308
38,49,-0.0024863
38,50,-0.05254
38,51,-0.016176
38,52,-0.013617
38,53,-0.035827
39,40,0.21806
39,41,0.087619
39,42,-0.016071
39,43,0.051642
39,44,-0.036677
39,45,-0.058796
39,46,0.10767
39,47,0.056924
39,48,-0.17781
39,49,0.070304
39,50,-0.028337
39,51,0.050002
39,52,-0.12685
39,53,0.023333
40,41,0.3995
40,42,0.39843
40,43,-0.13761
40,44,0.016002
40,45,-0.078137
40,46,-0.13584
40,47,-0.03253
40,48,0.27275
40,49,-0.10271
40,50,-0.13898
40,51,-0.14795
40,52,0.20494
40,53,-0.053696
41,42,-0.044646
41,43,0.20684
41,44,-0.10391
41,45,-0.14513
41,46,-0.15968
41,47,0.053131
41,48,-0.07624
41,49,-0.12078
41,50,-0.097205
41,51,0.0019491
41,52,-0.12498
41,53,-0.10477
42,43,0.15892
42,44,0.21166
42,45,-0.076097
42,46,-0.087058
42,47,0.00572
42,48,0.33474
42,49,-0.072207
42,50,0.0053844
42,51,0.022366
42,52,0.30402
42,53,-0.046142
43,44,0.24852
43,45,0.00060674
43,46,0.12133
43,47,0.49869
43,48,-0.072646
43,49,-0.031008
43,50,0.17194
43,51,0.05414
43,52,-0.12104
43,53,0.16341
44,45,0.056876
44,46,0.1555
44,47,0.56295
44,48,0.24661
44,49,-0.054736
44,50,-0.030653
44,51,0.072803
44,52,0.17872
44,53,-0.038841
45,46,0.10437
45,47,0.054109
45,48,0.072194
45,49,1.1408
45,50,0.0078074
45,51,-0.061451
45,52,-0.021397
45,53,0.074488
46,47,0.037923
46,48,0.18862
46,49,0.19335
46,50,0.30025
46,51,-0.078258
46,52,0.0073332
46,53,0.09801
47,48,0.36701
47,49,0.072091
47,50,0.4057
47,51,0.23647
47,52,0.11857
47,53,-0.025889
48,49,0.30709
48,50,0.21771
48,51,0.050502
48,52,0.6237
48,53,0.034345
49,50,0.15565
49,51,0.087788
49,52,0.15731
49,53,0.41282
50,51,0.49674
50,52,0.39174
50,53,0.10821
51,52,1.2012
51,53,0.14171
52,53,0.32683
