# d_rho r0	 CHI2_before CHI2_after PHI_eff
0 -8.0 0.850	7.5081 1.1265 0.1826
1 -8.0 0.875	7.9592 1.1437 0.1454
2 -8.0 0.900	8.5901 1.1658 0.1053
3 -8.0 0.925	9.4962 1.1947 0.0657
4 -8.0 0.950	10.9412 1.2319 0.0317
5 -8.0 0.975	13.4367 1.2835 0.0102
6 -8.0 1.000	18.4667 1.3963 0.0023
7 -8.0 1.025	35.2455 1.7662 0.0006
8 -8.0 1.050	2374.9303 19.5572 0.0005
9 -8.0 1.075	inf inf inf
10 -8.0 1.100	17.5640 9.0857 0.0004
11 -7.0 0.850	6.9262 1.1014 0.2429
12 -7.0 0.875	7.2922 1.1149 0.2041
13 -7.0 0.900	7.7678 1.1326 0.1607
14 -7.0 0.925	8.4888 1.1549 0.1127
15 -7.0 0.950	9.5704 1.1839 0.0656
16 -7.0 0.975	11.4302 1.2196 0.0275
17 -7.0 1.000	15.1753 1.2680 0.0072
18 -7.0 1.025	25.5085 1.3803 0.0017
19 -7.0 1.050	199.7868 1.2741 0.0015
20 -7.0 1.075	362.4504 177.9601 0.0001
21 -7.0 1.100	18.0358 9.0196 0.0003
22 -6.0 0.850	6.4304 1.0786 0.3092
23 -6.0 0.875	6.6800 1.0896 0.2732
24 -6.0 0.900	7.0723 1.1028 0.2292
25 -6.0 0.925	7.5819 1.1204 0.1782
26 -6.0 0.950	8.3961 1.1425 0.1209
27 -6.0 0.975	9.7227 1.1696 0.0650
28 -6.0 1.000	12.3832 1.1954 0.0232
29 -6.0 1.025	18.9802 1.2142 0.0060
30 -6.0 1.050	64.0906 1.0896 0.0058
31 -6.0 1.075	1856.2445 5.3766 0.0010
32 -6.0 1.100	18.9226 8.7928 0.0002
33 -5.0 0.850	5.9304 1.0593 0.3826
34 -5.0 0.875	6.1562 1.0668 0.3486
35 -5.0 0.900	6.4302 1.0768 0.3084
36 -5.0 0.925	6.7862 1.0903 0.2603
37 -5.0 0.950	7.3986 1.1062 0.1990
38 -5.0 0.975	8.3399 1.1263 0.1308
39 -5.0 1.000	10.1136 1.1447 0.0648
40 -5.0 1.025	14.2410 1.1420 0.0233
41 -5.0 1.050	31.4782 1.0545 0.0223
42 -5.0 1.075	509.6720 1.4210 0.3012
43 -5.0 1.100	20.3613 8.4995 0.0001
44 -4.0 0.850	5.5335 1.0416 0.4549
45 -4.0 0.875	5.6579 1.0475 0.4294
46 -4.0 0.900	5.8555 1.0546 0.3958
47 -4.0 0.925	6.1394 1.0634 0.3523
48 -4.0 0.950	6.5546 1.0748 0.2970
49 -4.0 0.975	7.1685 1.0894 0.2288
50 -4.0 1.000	8.3057 1.1029 0.1482
51 -4.0 1.025	10.8231 1.0989 0.0767
52 -4.0 1.050	18.2414 1.0383 0.0765
53 -4.0 1.075	982.4157 1.0652 0.1989
54 -4.0 1.100	22.7230 8.1281 0.0001
55 -3.0 0.850	5.1497 1.0268 0.5284
56 -3.0 0.875	5.2475 1.0305 0.5087
57 -3.0 0.900	5.3819 1.0350 0.4830
58 -3.0 0.925	5.5473 1.0411 0.4516
59 -3.0 0.950	5.7893 1.0489 0.4097
60 -3.0 0.975	6.2038 1.0578 0.3518
61 -3.0 1.000	6.9081 1.0664 0.2766
62 -3.0 1.025	8.2814 1.0651 0.1966
63 -3.0 1.050	11.5293 1.0242 0.2049
64 -3.0 1.075	1601.7908 1.0137 0.0613
65 -3.0 1.100	26.8319 7.6124 0.0001
66 -2.0 0.850	4.8006 1.0144 0.5983
67 -2.0 0.875	4.8780 1.0162 0.5848
68 -2.0 0.900	4.9389 1.0191 0.5696
69 -2.0 0.925	5.0432 1.0225 0.5490
70 -2.0 0.950	5.1812 1.0269 0.5227
71 -2.0 0.975	5.4007 1.0319 0.4862
72 -2.0 1.000	5.7583 1.0366 0.4376
73 -2.0 1.025	6.4699 1.0346 0.3826
74 -2.0 1.050	7.7915 1.0090 0.4264
75 -2.0 1.075	894.7619 2.2259 0.0176
76 -2.0 1.100	34.5516 6.9661 0.0001
77 -1.0 0.850	4.5044 1.0039 0.6617
78 -1.0 0.875	4.5221 1.0050 0.6563
79 -1.0 0.900	4.5632 1.0061 0.6489
80 -1.0 0.925	4.6106 1.0075 0.6392
81 -1.0 0.950	4.6534 1.0096 0.6291
82 -1.0 0.975	4.7544 1.0113 0.6137
83 -1.0 1.000	4.8761 1.0129 0.5993
84 -1.0 1.025	5.1428 1.0098 0.5914
85 -1.0 1.050	5.5241 0.9944 0.6751
86 -1.0 1.075	58.1055 0.9833 0.2694
87 -1.0 1.100	51.5615 6.4240 0.0001
88 0.0 0.850	4.2304 0.9955 0.7178
89 0.0 0.875	4.2103 0.9960 0.7189
90 0.0 0.900	4.2083 0.9963 0.7193
91 0.0 0.925	4.2280 0.9962 0.7177
92 0.0 0.950	4.2039 0.9966 0.7202
93 0.0 0.975	4.2099 0.9964 0.7233
94 0.0 1.000	4.1987 0.9956 0.7331
95 0.0 1.025	4.1940 0.9920 0.7608
96 0.0 1.050	4.1032 0.9839 0.8307
97 0.0 1.075	17.8486 0.9798 0.2176
98 0.0 1.100	91.3265 7.0014 0.0002
99 1.0 0.850	3.9907 0.9891 0.7653
100 1.0 0.875	3.9787 0.9887 0.7681
101 1.0 0.900	3.9175 0.9888 0.7752
102 1.0 0.925	3.8801 0.9883 0.7817
103 1.0 0.950	3.8391 0.9875 0.7902
104 1.0 0.975	3.7658 0.9867 0.8041
105 1.0 1.000	3.6675 0.9849 0.8230
106 1.0 1.025	3.5143 0.9823 0.8519
107 1.0 1.050	3.2617 0.9802 0.8311
108 1.0 1.075	10.0417 0.9870 0.1705
109 1.0 1.100	199.2344 9.1773 0.0002
110 2.0 0.850	3.7461 0.9849 0.8049
111 2.0 0.875	3.7216 0.9842 0.8098
112 2.0 0.900	3.6749 0.9836 0.8165
113 2.0 0.925	3.6306 0.9827 0.8240
114 2.0 0.950	3.5253 0.9822 0.8365
115 2.0 0.975	3.4201 0.9813 0.8499
116 2.0 1.000	3.2554 0.9806 0.8636
117 2.0 1.025	3.0344 0.9807 0.8595
118 2.0 1.050	2.7875 0.9858 0.7142
119 2.0 1.075	7.6597 1.0004 0.1089
120 2.0 1.100	1309.7100 19.0479 0.0001
121 3.0 0.850	3.5713 0.9817 0.8315
122 3.0 0.875	3.5182 0.9812 0.8371
123 3.0 0.900	3.4188 0.9813 0.8464
124 3.0 0.925	3.3663 0.9806 0.8522
125 3.0 0.950	3.2660 0.9803 0.8599
126 3.0 0.975	3.1365 0.9804 0.8641
127 3.0 1.000	2.9454 0.9818 0.8574
128 3.0 1.025	2.7330 0.9864 0.8022
129 3.0 1.050	2.5669 1.0014 0.5527
130 3.0 1.075	6.8957 1.0237 0.0560
131 3.0 1.100	inf inf inf
132 4.0 0.850	3.4102 0.9802 0.8485
133 4.0 0.875	3.3408 0.9802 0.8536
134 4.0 0.900	3.2600 0.9803 0.8582
135 4.0 0.925	3.1735 0.9805 0.8609
136 4.0 0.950	3.0471 0.9816 0.8615
137 4.0 0.975	2.9469 0.9830 0.8486
138 4.0 1.000	2.7537 0.9877 0.8138
139 4.0 1.025	2.5431 0.9989 0.7054
140 4.0 1.050	2.5334 1.0265 0.3993
141 4.0 1.075	6.6544 1.0641 0.0263
142 4.0 1.100	2366.5607 3.0496 0.0004
143 5.0 0.850	3.2522 0.9805 0.8574
144 5.0 0.875	3.1652 0.9811 0.8597
145 5.0 0.900	3.1040 0.9816 0.8586
146 5.0 0.925	2.9834 0.9832 0.8555
147 5.0 0.950	2.8819 0.9854 0.8431
148 5.0 0.975	2.7687 0.9896 0.8132
149 5.0 1.000	2.5979 0.9986 0.7479
150 5.0 1.025	2.4503 1.0176 0.5948
151 5.0 1.050	2.6205 1.0608 0.2776
152 5.0 1.075	6.6227 1.1249 0.0125
153 5.0 1.100	18859.6285 9.7950 0.0002
154 6.0 0.850	3.1069 0.9821 0.8570
155 6.0 0.875	3.0308 0.9833 0.8548
156 6.0 0.900	2.9656 0.9847 0.8466
157 6.0 0.925	2.8715 0.9873 0.8345
158 6.0 0.950	2.7652 0.9917 0.8096
159 6.0 0.975	2.6221 0.9994 0.7613
160 6.0 1.000	2.4930 1.0134 0.6681
161 6.0 1.025	2.4314 1.0416 0.4857
162 6.0 1.050	2.7797 1.1035 0.1888
163 6.0 1.075	6.7047 1.2023 0.0059
164 6.0 1.100	189.7360 1.3028 0.0007
165 7.0 0.850	2.9796 0.9850 0.8490
166 7.0 0.875	2.9362 0.9866 0.8398
167 7.0 0.900	2.8229 0.9898 0.8278
168 7.0 0.925	2.7514 0.9938 0.8043
169 7.0 0.950	2.6572 1.0005 0.7653
170 7.0 0.975	2.5366 1.0118 0.6995
171 7.0 1.000	2.4435 1.0318 0.5837
172 7.0 1.025	2.4667 1.0704 0.3881
173 7.0 1.050	2.9809 1.1544 0.1282
174 7.0 1.075	6.8284 1.2979 0.0028
175 7.0 1.100	41.5862 1.2711 0.0017
176 8.0 0.850	2.9012 0.9887 0.8318
177 8.0 0.875	2.8358 0.9916 0.8187
178 8.0 0.900	2.7714 0.9956 0.7973
179 8.0 0.925	2.6650 1.0020 0.7655
180 8.0 0.950	2.5825 1.0114 0.7142
181 8.0 0.975	2.4993 1.0266 0.6322
182 8.0 1.000	2.4527 1.0532 0.5015
183 8.0 1.025	2.5416 1.1035 0.3055
184 8.0 1.050	3.2104 1.2128 0.0878
185 8.0 1.075	6.9464 1.4183 0.0015
186 8.0 1.100	26.7873 1.4593 0.0027
187 9.0 0.850	2.8083 0.9939 0.8110
188 9.0 0.875	2.7635 0.9976 0.7903
189 9.0 0.900	2.6941 1.0033 0.7624
190 9.0 0.925	2.6133 1.0116 0.7206
191 9.0 0.950	2.5310 1.0241 0.6581
192 9.0 0.975	2.4555 1.0440 0.5638
193 9.0 1.000	2.4633 1.0775 0.4247
194 9.0 1.025	2.6483 1.1402 0.2379
195 9.0 1.050	3.4556 1.2779 0.0611
196 9.0 1.075	7.0568 1.5660 0.0009
197 9.0 1.100	25.7827 1.6592 0.0025
198 10.0 0.850	2.7419 0.9999 0.7843
199 10.0 0.875	2.6729 1.0053 0.7588
200 10.0 0.900	2.6220 1.0124 0.7228
201 10.0 0.925	2.5599 1.0230 0.6728
202 10.0 0.950	2.5012 1.0386 0.6007
203 10.0 0.975	2.4542 1.0633 0.4977
204 10.0 1.000	2.5198 1.1044 0.3569
205 10.0 1.025	2.7850 1.1807 0.1852
206 10.0 1.050	3.7032 1.3485 0.0432
207 10.0 1.075	7.1602 1.7362 0.0006
208 10.0 1.100	27.7344 1.7048 0.0019
209 11.0 0.850	2.6715 1.0070 0.7536
210 11.0 0.875	2.6312 1.0135 0.7223
211 11.0 0.900	2.5545 1.0229 0.6808
212 11.0 0.925	2.5229 1.0356 0.6219
213 11.0 0.950	2.4652 1.0548 0.5430
214 11.0 0.975	2.4844 1.0843 0.4356
215 11.0 1.000	2.5828 1.1334 0.2968
216 11.0 1.025	2.9250 1.2240 0.1436
217 11.0 1.050	3.9479 1.4239 0.0312
218 11.0 1.075	7.2605 1.9189 0.0005
219 11.0 1.100	31.7355 1.7006 0.0020
220 12.0 0.850	2.6237 1.0149 0.7193
221 12.0 0.875	2.5923 1.0229 0.6834
222 12.0 0.900	2.5380 1.0340 0.6358
223 12.0 0.925	2.5107 1.0495 0.5726
224 12.0 0.950	2.4891 1.0722 0.4880
225 12.0 0.975	2.5251 1.1071 0.3786
226 12.0 1.000	2.6673 1.1646 0.2461
227 12.0 1.025	3.0869 1.2704 0.1122
228 12.0 1.050	4.1948 1.5033 0.0231
229 12.0 1.075	7.3732 2.1034 0.0004
230 12.0 1.100	33.6797 1.6542 0.0011
231 13.0 0.850	2.5849 1.0237 0.6844
232 13.0 0.875	2.5468 1.0333 0.6437
233 13.0 0.900	2.5214 1.0463 0.5910
234 13.0 0.925	2.5029 1.0645 0.5229
235 13.0 0.950	2.4969 1.0910 0.4354
236 13.0 0.975	2.5663 1.1314 0.3271
237 13.0 1.000	2.7586 1.1978 0.2035
238 13.0 1.025	3.2445 1.3191 0.0878
239 13.0 1.050	4.4351 1.5848 0.0173
240 13.0 1.075	7.5098 2.2871 0.0004
241 13.0 1.100	32.6959 1.7396 0.0007
242 14.0 0.850	2.5786 1.0331 0.6476
243 14.0 0.875	2.5472 1.0443 0.6026
244 14.0 0.900	2.5077 1.0595 0.5463
245 14.0 0.925	2.5062 1.0806 0.4753
246 14.0 0.950	2.5196 1.1112 0.3870
247 14.0 0.975	2.6340 1.1572 0.2820
248 14.0 1.000	2.8607 1.2326 0.1681
249 14.0 1.025	3.4161 1.3700 0.0693
250 14.0 1.050	4.6651 1.6680 0.0132
251 14.0 1.075	7.6668 2.4696 0.0004
252 14.0 1.100	29.3560 1.9731 0.0004
253 15.0 0.850	2.5568 1.0434 0.6102
254 15.0 0.875	2.5322 1.0563 0.5624
255 15.0 0.900	2.5065 1.0737 0.5031
256 15.0 0.925	2.5292 1.0976 0.4303
257 15.0 0.950	2.5655 1.1322 0.3424
258 15.0 0.975	2.6993 1.1842 0.2420
259 15.0 1.000	2.9751 1.2689 0.1390
260 15.0 1.025	3.5836 1.4224 0.0549
261 15.0 1.050	4.8952 1.7525 0.0103
262 15.0 1.075	7.8419 2.6507 0.0004
263 15.0 1.100	25.9340 2.3520 0.0004
264 16.0 0.850	2.5367 1.0545 0.5729
265 16.0 0.875	2.5138 1.0692 0.5225
266 16.0 0.900	2.5123 1.0887 0.4612
267 16.0 0.925	2.5414 1.1157 0.3879
268 16.0 0.950	2.6112 1.1544 0.3021
269 16.0 0.975	2.7904 1.2126 0.2080
270 16.0 1.000	3.1021 1.3067 0.1155
271 16.0 1.025	3.7584 1.4767 0.0441
272 16.0 1.050	5.1142 1.8374 0.0081
273 16.0 1.075	8.0299 2.8274 0.0004
274 16.0 1.100	23.2923 2.7851 0.0004
275 17.0 0.850	2.5221 1.0661 0.5359
276 17.0 0.875	2.5227 1.0825 0.4840
277 17.0 0.900	2.5247 1.1045 0.4216
278 17.0 0.925	2.5819 1.1346 0.3491
279 17.0 0.950	2.6609 1.1775 0.2657
280 17.0 0.975	2.8647 1.2418 0.1778
281 17.0 1.000	3.2258 1.3458 0.0961
282 17.0 1.025	3.9204 1.5317 0.0355
283 17.0 1.050	5.3220 1.9218 0.0065
284 17.0 1.075	8.2308 2.9965 0.0004
285 17.0 1.100	21.3254 3.2142 0.0004
286 18.0 0.850	2.5187 1.0784 0.4999
287 18.0 0.875	2.5204 1.0967 0.4469
288 18.0 0.900	2.5572 1.1209 0.3843
289 18.0 0.925	2.6186 1.1543 0.3133
290 18.0 0.950	2.7393 1.2015 0.2338
291 18.0 0.975	2.9432 1.2723 0.1527
292 18.0 1.000	3.3531 1.3859 0.0802
293 18.0 1.025	4.0943 1.5879 0.0290
294 18.0 1.050	5.5265 2.0060 0.0053
295 18.0 1.075	8.4341 3.1553 0.0005
296 18.0 1.100	19.9680 3.6093 0.0004
297 19.0 0.850	2.5324 1.0911 0.4648
298 19.0 0.875	2.5545 1.1113 0.4116
299 19.0 0.900	2.5909 1.1380 0.3496
300 19.0 0.925	2.6675 1.1746 0.2803
301 19.0 0.950	2.8015 1.2262 0.2049
302 19.0 0.975	3.0516 1.3036 0.1313
303 19.0 1.000	3.4728 1.4269 0.0671
304 19.0 1.025	4.2543 1.6440 0.0236
305 19.0 1.050	5.7253 2.0890 0.0044
306 19.0 1.075	8.6361 3.3034 0.0005
307 19.0 1.100	19.0035 3.9613 0.0004
308 20.0 0.850	2.5521 1.1045 0.4321
309 20.0 0.875	2.5822 1.1266 0.3784
310 20.0 0.900	2.6212 1.1558 0.3172
311 20.0 0.925	2.7143 1.1957 0.2506
312 20.0 0.950	2.8737 1.2520 0.1804
313 20.0 0.975	3.1453 1.3356 0.1128
314 20.0 1.000	3.6093 1.4687 0.0565
315 20.0 1.025	4.4181 1.7008 0.0195
316 20.0 1.050	5.9137 2.1712 0.0037
317 20.0 1.075	8.8562 3.4419 0.0006
318 20.0 1.100	18.3473 4.2696 0.0003
319 21.0 0.850	2.5692 1.1184 0.4001
320 21.0 0.875	2.5903 1.1425 0.3467
321 21.0 0.900	2.6677 1.1741 0.2872
322 21.0 0.925	2.7764 1.2175 0.2241
323 21.0 0.950	2.9543 1.2783 0.1586
324 21.0 0.975	3.2400 1.3684 0.0970
325 21.0 1.000	3.7368 1.5109 0.0476
326 21.0 1.025	4.5767 1.7573 0.0162
327 21.0 1.050	6.1010 2.2519 0.0031
328 21.0 1.075	9.0304 3.5711 0.0006
329 21.0 1.100	17.9025 4.5394 0.0003
