# d_rho r0	 CHI2_before CHI2_after PHI_eff
0 -8.0 0.850	6.3528 1.2127 0.2508
1 -8.0 0.875	7.3004 1.2220 0.1937
2 -8.0 0.900	8.6491 1.2350 0.1330
3 -8.0 0.925	10.6757 1.2561 0.0774
4 -8.0 0.950	13.8226 1.2894 0.0305
5 -8.0 0.975	19.5408 1.3588 0.0069
6 -8.0 1.000	32.6287 1.5662 0.0013
7 -8.0 1.025	75.5633 2.5371 0.0005
8 -8.0 1.050	501.1864 12.2972 0.0004
9 -8.0 1.075	inf inf inf
10 -8.0 1.100	138.1122 58.9455 0.0001
11 -7.0 0.850	5.2979 1.1984 0.3317
12 -7.0 0.875	6.0052 1.2055 0.2765
13 -7.0 0.900	7.0096 1.2152 0.2112
14 -7.0 0.925	8.5017 1.2286 0.1381
15 -7.0 0.950	10.7993 1.2512 0.0692
16 -7.0 0.975	14.7529 1.2917 0.0193
17 -7.0 1.000	23.0047 1.4054 0.0031
18 -7.0 1.025	47.9780 1.8678 0.0007
19 -7.0 1.050	250.9415 4.4306 0.0004
20 -7.0 1.075	inf inf inf
21 -7.0 1.100	142.5844 60.2944 0.0001
22 -6.0 0.850	4.4058 1.1862 0.4150
23 -6.0 0.875	4.9176 1.1917 0.3689
24 -6.0 0.900	5.6494 1.1973 0.3014
25 -6.0 0.925	6.7335 1.2077 0.2291
26 -6.0 0.950	8.3889 1.2210 0.1381
27 -6.0 0.975	11.0639 1.2483 0.0561
28 -6.0 1.000	16.1650 1.3085 0.0094
29 -6.0 1.025	30.6199 1.5126 0.0014
30 -6.0 1.050	126.1867 2.0190 0.0004
31 -6.0 1.075	inf inf inf
32 -6.0 1.100	155.0554 61.6836 0.0001
33 -5.0 0.850	3.6666 1.1768 0.4975
34 -5.0 0.875	4.0241 1.1796 0.4582
35 -5.0 0.900	4.5333 1.1839 0.4071
36 -5.0 0.925	5.2779 1.1904 0.3390
37 -5.0 0.950	6.4356 1.1988 0.2453
38 -5.0 0.975	8.2739 1.2120 0.1294
39 -5.0 1.000	11.4502 1.2454 0.0345
40 -5.0 1.025	19.7467 1.3232 0.0049
41 -5.0 1.050	60.1200 1.4969 0.0012
42 -5.0 1.075	inf inf inf
43 -5.0 1.100	171.8050 63.1995 0.0001
44 -4.0 0.850	3.0673 1.1689 0.5659
45 -4.0 0.875	3.3144 1.1695 0.5362
46 -4.0 0.900	3.6347 1.1727 0.5055
47 -4.0 0.925	4.1242 1.1760 0.4528
48 -4.0 0.950	4.8847 1.1809 0.3749
49 -4.0 0.975	6.0876 1.1876 0.2568
50 -4.0 1.000	8.0455 1.2033 0.1085
51 -4.0 1.025	12.4772 1.2322 0.0214
52 -4.0 1.050	29.6291 1.2969 0.0061
53 -4.0 1.075	inf inf inf
54 -4.0 1.100	inf inf inf
55 -3.0 0.850	2.6102 1.1623 0.6129
56 -3.0 0.875	2.7606 1.1622 0.5993
57 -3.0 0.900	2.9415 1.1638 0.5858
58 -3.0 0.925	3.2399 1.1645 0.5527
59 -3.0 0.950	3.6813 1.1667 0.5031
60 -3.0 0.975	4.4042 1.1691 0.4125
61 -3.0 1.000	5.5649 1.1737 0.2565
62 -3.0 1.025	7.6914 1.1821 0.0816
63 -3.0 1.050	14.5231 1.1923 0.0302
64 -3.0 1.075	472.3482 4.7974 0.0008
65 -3.0 1.100	inf inf inf
66 -2.0 0.850	2.2656 1.1584 0.6439
67 -2.0 0.875	2.3303 1.1583 0.6450
68 -2.0 0.900	2.4411 1.1569 0.6377
69 -2.0 0.925	2.5801 1.1567 0.6294
70 -2.0 0.950	2.8141 1.1560 0.6067
71 -2.0 0.975	3.1804 1.1550 0.5561
72 -2.0 1.000	3.7667 1.1554 0.4603
73 -2.0 1.025	4.7508 1.1505 0.2524
74 -2.0 1.050	7.0146 1.1323 0.1273
75 -2.0 1.075	76.4419 1.1717 0.2670
76 -2.0 1.100	inf inf inf
77 -1.0 0.850	2.0133 1.1573 0.6553
78 -1.0 0.875	2.0426 1.1558 0.6605
79 -1.0 0.900	2.0957 1.1534 0.6634
80 -1.0 0.925	2.1374 1.1522 0.6698
81 -1.0 0.950	2.2127 1.1502 0.6726
82 -1.0 0.975	2.3607 1.1467 0.6630
83 -1.0 1.000	2.5712 1.1428 0.6285
84 -1.0 1.025	2.8976 1.1330 0.5045
85 -1.0 1.050	3.3599 1.1032 0.3545
86 -1.0 1.075	25.1527 1.0421 0.4677
87 -1.0 1.100	inf inf inf
88 0.0 0.850	1.9027 1.1563 0.6412
89 0.0 0.875	1.8831 1.1552 0.6493
90 0.0 0.900	1.8790 1.1532 0.6589
91 0.0 0.925	1.8710 1.1509 0.6715
92 0.0 0.950	1.8807 1.1474 0.6855
93 0.0 0.975	1.8832 1.1428 0.6973
94 0.0 1.000	1.9024 1.1363 0.7072
95 0.0 1.025	1.9112 1.1245 0.6844
96 0.0 1.050	1.8480 1.0950 0.5941
97 0.0 1.075	16.6444 1.0250 0.3997
98 0.0 1.100	inf inf inf
99 1.0 0.850	1.8384 1.1583 0.6039
100 1.0 0.875	1.8174 1.1571 0.6130
101 1.0 0.900	1.8074 1.1548 0.6238
102 1.0 0.925	1.7864 1.1520 0.6335
103 1.0 0.950	1.7552 1.1486 0.6476
104 1.0 0.975	1.7240 1.1435 0.6658
105 1.0 1.000	1.6784 1.1364 0.6852
106 1.0 1.025	1.6266 1.1248 0.6929
107 1.0 1.050	1.7271 1.1000 0.6164
108 1.0 1.075	15.2770 1.0330 0.1914
109 1.0 1.100	inf inf inf
110 2.0 0.850	1.9143 1.1602 0.5544
111 2.0 0.875	1.8957 1.1591 0.5581
112 2.0 0.900	1.8837 1.1573 0.5610
113 2.0 0.925	1.8831 1.1546 0.5676
114 2.0 0.950	1.8788 1.1512 0.5747
115 2.0 0.975	1.8709 1.1468 0.5784
116 2.0 1.000	1.9033 1.1401 0.5857
117 2.0 1.025	2.0040 1.1306 0.5686
118 2.0 1.050	2.5724 1.1143 0.4233
119 2.0 1.075	15.8651 1.0599 0.0551
120 2.0 1.100	inf inf inf
121 3.0 0.850	2.0378 1.1643 0.4937
122 3.0 0.875	2.0551 1.1631 0.4908
123 3.0 0.900	2.0931 1.1612 0.4903
124 3.0 0.925	2.1332 1.1589 0.4837
125 3.0 0.950	2.1884 1.1564 0.4787
126 3.0 0.975	2.3026 1.1524 0.4686
127 3.0 1.000	2.5046 1.1475 0.4509
128 3.0 1.025	2.9346 1.1417 0.3957
129 3.0 1.050	4.2476 1.1346 0.2215
130 3.0 1.075	17.4506 1.1091 0.0117
131 3.0 1.100	inf inf inf
132 4.0 0.850	2.2816 1.1682 0.4277
133 4.0 0.875	2.3375 1.1671 0.4149
134 4.0 0.900	2.4007 1.1667 0.4101
135 4.0 0.925	2.5377 1.1644 0.3957
136 4.0 0.950	2.6926 1.1629 0.3790
137 4.0 0.975	2.9527 1.1607 0.3529
138 4.0 1.000	3.4270 1.1581 0.3140
139 4.0 1.025	4.3595 1.1565 0.2422
140 4.0 1.050	6.6496 1.1598 0.0971
141 4.0 1.075	21.2025 1.1821 0.0037
142 4.0 1.100	inf inf inf
143 5.0 0.850	2.5881 1.1735 0.3627
144 5.0 0.875	2.7102 1.1730 0.3523
145 5.0 0.900	2.8478 1.1726 0.3342
146 5.0 0.925	3.0405 1.1725 0.3155
147 5.0 0.950	3.3362 1.1719 0.2857
148 5.0 0.975	3.8045 1.1712 0.2464
149 5.0 1.000	4.6132 1.1716 0.1980
150 5.0 1.025	6.1778 1.1747 0.1267
151 5.0 1.050	9.7972 1.1896 0.0374
152 5.0 1.075	27.4634 1.2990 0.0012
153 5.0 1.100	inf inf inf
154 6.0 0.850	2.9794 1.1794 0.3011
155 6.0 0.875	3.1413 1.1798 0.2832
156 6.0 0.900	3.3356 1.1812 0.2643
157 6.0 0.925	3.6502 1.1816 0.2366
158 6.0 0.950	4.1155 1.1824 0.2034
159 6.0 0.975	4.7849 1.1854 0.1655
160 6.0 1.000	5.9815 1.1896 0.1154
161 6.0 1.025	8.2000 1.2003 0.0570
162 6.0 1.050	13.3102 1.2329 0.0109
163 6.0 1.075	30.7397 1.6944 0.0005
164 6.0 1.100	233.5303 1.4426 0.0007
165 7.0 0.850	3.3802 1.1876 0.2454
166 7.0 0.875	3.6208 1.1888 0.2278
167 7.0 0.900	3.9180 1.1906 0.2015
168 7.0 0.925	4.3473 1.1928 0.1721
169 7.0 0.950	4.9222 1.1975 0.1411
170 7.0 0.975	5.8803 1.2029 0.1022
171 7.0 1.000	7.4265 1.2141 0.0608
172 7.0 1.025	10.2333 1.2396 0.0224
173 7.0 1.050	16.0732 1.3363 0.0029
174 7.0 1.075	31.4429 2.4047 0.0003
175 7.0 1.100	111.2055 1.5066 0.0006
176 8.0 0.850	3.8691 1.1960 0.1955
177 8.0 0.875	4.1437 1.1989 0.1731
178 8.0 0.900	4.5483 1.2020 0.1491
179 8.0 0.925	5.0936 1.2068 0.1219
180 8.0 0.950	5.8661 1.2140 0.0932
181 8.0 0.975	7.0141 1.2262 0.0608
182 8.0 1.000	8.8878 1.2481 0.0301
183 8.0 1.025	12.0188 1.3054 0.0089
184 8.0 1.050	17.9312 1.5460 0.0013
185 8.0 1.075	33.3951 3.2454 0.0003
186 8.0 1.100	74.5678 2.0074 0.0005
187 9.0 0.850	4.3801 1.2061 0.1526
188 9.0 0.875	4.7460 1.2101 0.1316
189 9.0 0.900	5.2108 1.2161 0.1099
190 9.0 0.925	5.8648 1.2239 0.0844
191 9.0 0.950	6.7630 1.2364 0.0592
192 9.0 0.975	8.1421 1.2562 0.0341
193 9.0 1.000	10.2515 1.2971 0.0148
194 9.0 1.025	13.5284 1.4089 0.0041
195 9.0 1.050	19.5210 1.8422 0.0009
196 9.0 1.075	35.3302 4.0721 0.0003
197 9.0 1.100	64.8687 2.6319 0.0004
198 10.0 0.850	4.9257 1.2179 0.1179
199 10.0 0.875	5.3562 1.2243 0.1003
200 10.0 0.900	5.9071 1.2325 0.0781
201 10.0 0.925	6.6558 1.2450 0.0582
202 10.0 0.950	7.7212 1.2633 0.0374
203 10.0 0.975	9.2594 1.2955 0.0199
204 10.0 1.000	11.4821 1.3652 0.0078
205 10.0 1.025	14.8342 1.5544 0.0023
206 10.0 1.050	21.1445 2.1965 0.0007
207 10.0 1.075	36.4282 4.8736 0.0003
208 10.0 1.100	64.5610 3.1250 0.0003
209 11.0 0.850	5.4644 1.2321 0.0895
210 11.0 0.875	5.9804 1.2402 0.0732
211 11.0 0.900	6.6234 1.2521 0.0555
212 11.0 0.925	7.4707 1.2696 0.0383
213 11.0 0.950	8.6358 1.2969 0.0229
214 11.0 0.975	10.2601 1.3474 0.0116
215 11.0 1.000	12.6425 1.4545 0.0046
216 11.0 1.025	16.0932 1.7365 0.0016
217 11.0 1.050	22.8513 2.5822 0.0006
218 11.0 1.075	37.1804 5.6024 0.0003
219 11.0 1.100	66.6316 3.4421 0.0002
220 12.0 0.850	6.0438 1.2478 0.0678
221 12.0 0.875	6.6033 1.2596 0.0537
222 12.0 0.900	7.3059 1.2757 0.0387
223 12.0 0.925	8.2499 1.3001 0.0258
224 12.0 0.950	9.5417 1.3384 0.0147
225 12.0 0.975	11.2886 1.4106 0.0071
226 12.0 1.000	13.6979 1.5669 0.0030
227 12.0 1.025	17.3874 1.9484 0.0012
228 12.0 1.050	24.5784 2.9786 0.0005
229 12.0 1.075	37.8549 6.2615 0.0003
230 12.0 1.100	67.0228 3.8600 0.0002
231 13.0 0.850	inf inf inf
232 13.0 0.875	7.2431 1.2810 0.0384
233 13.0 0.900	8.0157 1.3030 0.0272
234 13.0 0.925	9.0349 1.3353 0.0170
235 13.0 0.950	10.3841 1.3894 0.0096
236 13.0 0.975	12.2010 1.4892 0.0046
237 13.0 1.000	14.7242 1.6990 0.0022
238 13.0 1.025	18.7534 2.1795 0.0011
239 13.0 1.050	26.2145 3.3708 0.0004
240 13.0 1.075	38.5488 6.8555 0.0003
241 13.0 1.100	66.0430 4.5135 0.0002
242 14.0 0.850	7.2137 1.2869 0.0384
243 14.0 0.875	7.8662 1.3067 0.0278
244 14.0 0.900	8.7358 1.3340 0.0189
245 14.0 0.925	9.7943 1.3777 0.0117
246 14.0 0.950	11.1940 1.4498 0.0066
247 14.0 0.975	13.0912 1.5817 0.0033
248 14.0 1.000	15.7584 1.8477 0.0016
249 14.0 1.025	20.0751 2.4280 0.0009
250 14.0 1.050	27.6270 3.7620 0.0004
251 14.0 1.075	39.3383 7.4073 0.0002
252 14.0 1.100	67.4535 5.1644 0.0002
253 15.0 0.850	7.7960 1.3104 0.0282
254 15.0 0.875	8.5066 1.3351 0.0201
255 15.0 0.900	9.3940 1.3714 0.0135
256 15.0 0.925	10.5386 1.4268 0.0083
257 15.0 0.950	11.9891 1.5197 0.0046
258 15.0 0.975	13.9797 1.6864 0.0025
259 15.0 1.000	16.7946 2.0099 0.0013
260 15.0 1.025	21.3570 2.6861 0.0008
261 15.0 1.050	28.8326 4.1541 0.0003
262 15.0 1.075	40.1534 7.9431 0.0002
263 15.0 1.100	66.2898 5.8759 0.0002
264 16.0 0.850	8.3565 1.3377 0.0211
265 16.0 0.875	9.1298 1.3683 0.0148
266 16.0 0.900	10.0502 1.4138 0.0098
267 16.0 0.925	11.2183 1.4841 0.0059
268 16.0 0.950	12.7705 1.5992 0.0034
269 16.0 0.975	14.8371 1.8030 0.0020
270 16.0 1.000	17.8182 2.1855 0.0011
271 16.0 1.025	22.6189 2.9481 0.0007
272 16.0 1.050	29.9313 4.5484 0.0003
273 16.0 1.075	41.0388 8.4616 0.0002
274 16.0 1.100	66.1408 6.7214 0.0002
275 17.0 0.850	8.9155 1.3681 0.0159
276 17.0 0.875	9.7115 1.4060 0.0109
277 17.0 0.900	10.6943 1.4618 0.0072
278 17.0 0.925	11.9312 1.5477 0.0044
279 17.0 0.950	13.5301 1.6881 0.0026
280 17.0 0.975	15.6813 1.9305 0.0016
281 17.0 1.000	18.8156 2.3723 0.0010
282 17.0 1.025	23.8030 3.2132 0.0006
283 17.0 1.050	30.9342 4.9456 0.0003
284 17.0 1.075	41.9810 8.9608 0.0002
285 17.0 1.100	66.9382 7.5949 0.0002
286 18.0 0.850	9.4929 1.4018 0.0122
287 18.0 0.875	10.2903 1.4485 0.0083
288 18.0 0.900	11.3620 1.5146 0.0055
289 18.0 0.925	12.6341 1.6183 0.0035
290 18.0 0.950	14.3061 1.7847 0.0021
291 18.0 0.975	16.5436 2.0664 0.0013
292 18.0 1.000	19.8636 2.5654 0.0009
293 18.0 1.025	24.9060 3.4795 0.0005
294 18.0 1.050	31.9377 5.3396 0.0003
295 18.0 1.075	42.9966 9.4393 0.0002
296 18.0 1.100	67.8226 8.5089 0.0002
297 19.0 0.850	10.0519 1.4389 0.0091
298 19.0 0.875	10.9233 1.4939 0.0063
299 19.0 0.900	11.9879 1.5741 0.0043
300 19.0 0.925	13.2960 1.6968 0.0027
301 19.0 0.950	15.0503 1.8896 0.0018
302 19.0 0.975	17.3825 2.2113 0.0012
303 19.0 1.000	20.8430 2.7653 0.0008
304 19.0 1.025	25.9930 3.7462 0.0004
305 19.0 1.050	32.8776 5.7298 0.0002
306 19.0 1.075	43.9985 9.9036 0.0002
307 19.0 1.100	67.8613 9.4054 0.0002
308 20.0 0.850	10.5802 1.4808 0.0072
309 20.0 0.875	11.4954 1.5453 0.0050
310 20.0 0.900	12.5681 1.6399 0.0033
311 20.0 0.925	13.9764 1.7810 0.0022
312 20.0 0.950	15.7913 2.0022 0.0015
313 20.0 0.975	18.2451 2.3624 0.0010
314 20.0 1.000	21.8779 2.9666 0.0007
315 20.0 1.025	26.9884 4.0170 0.0004
316 20.0 1.050	33.8022 6.1170 0.0002
317 20.0 1.075	44.9513 10.3559 0.0002
318 20.0 1.100	67.4651 10.2657 0.0002
319 21.0 0.850	11.1108 1.5262 0.0056
320 21.0 0.875	12.0284 1.6021 0.0040
321 21.0 0.900	13.1756 1.7106 0.0028
322 21.0 0.925	14.6433 1.8717 0.0019
323 21.0 0.950	16.5210 2.1211 0.0013
324 21.0 0.975	19.0968 2.5193 0.0010
325 21.0 1.000	22.7914 3.1727 0.0007
326 21.0 1.025	27.9029 4.2934 0.0003
327 21.0 1.050	34.6948 6.5005 0.0002
328 21.0 1.075	45.9221 10.7945 0.0002
329 21.0 1.100	66.8194 11.0681 0.0002
