# d_rho r0	 CHI2_before CHI2_after PHI_eff
0 -8.0 0.850	51.6394 1.0972 0.1227
1 -8.0 0.875	53.3837 1.1101 0.1000
2 -8.0 0.900	55.5411 1.1281 0.0757
3 -8.0 0.925	58.8403 1.1503 0.0498
4 -8.0 0.950	63.6347 1.1820 0.0263
5 -8.0 0.975	71.4652 1.2308 0.0094
6 -8.0 1.000	86.1548 1.3523 0.0021
7 -8.0 1.025	124.0303 2.1544 0.0008
8 -8.0 1.050	931.3260 41.0999 0.0004
9 -8.0 1.075	825.6073 59.7649 0.0002
10 -8.0 1.100	20.8007 9.4597 0.0004
11 -7.0 0.850	49.2851 1.0782 0.1593
12 -7.0 0.875	50.5658 1.0892 0.1371
13 -7.0 0.900	52.5734 1.1018 0.1103
14 -7.0 0.925	54.8616 1.1210 0.0816
15 -7.0 0.950	58.6869 1.1444 0.0507
16 -7.0 0.975	64.8371 1.1755 0.0231
17 -7.0 1.000	75.9534 1.2241 0.0063
18 -7.0 1.025	106.5324 1.4074 0.0014
19 -7.0 1.050	281.1364 4.5634 0.0006
20 -7.0 1.075	565.5130 23.0679 0.0003
21 -7.0 1.100	21.5678 9.3750 0.0002
22 -6.0 0.850	46.8430 1.0624 0.2013
23 -6.0 0.875	47.8742 1.0708 0.1801
24 -6.0 0.900	49.3734 1.0811 0.1544
25 -6.0 0.925	51.5991 1.0936 0.1230
26 -6.0 0.950	54.3460 1.1123 0.0880
27 -6.0 0.975	58.8029 1.1359 0.0509
28 -6.0 1.000	66.8811 1.1621 0.0195
29 -6.0 1.025	87.3535 1.1899 0.0045
30 -6.0 1.050	162.6916 2.2058 0.0009
31 -6.0 1.075	511.8102 6.9709 0.0003
32 -6.0 1.100	22.4011 9.2880 0.0002
33 -5.0 0.850	44.7269 1.0475 0.2453
34 -5.0 0.875	45.4292 1.0543 0.2274
35 -5.0 0.900	46.5897 1.0617 0.2037
36 -5.0 0.925	48.1082 1.0718 0.1747
37 -5.0 0.950	50.1513 1.0857 0.1394
38 -5.0 0.975	53.5433 1.1026 0.0966
39 -5.0 1.000	59.2876 1.1208 0.0513
40 -5.0 1.025	71.9683 1.1235 0.0178
41 -5.0 1.050	118.3586 1.2251 0.0021
42 -5.0 1.075	736.7753 2.1905 0.0012
43 -5.0 1.100	23.4566 9.2548 0.0002
44 -4.0 0.850	42.6911 1.0344 0.2909
45 -4.0 0.875	43.2555 1.0390 0.2761
46 -4.0 0.900	44.0513 1.0445 0.2569
47 -4.0 0.925	45.1009 1.0520 0.2332
48 -4.0 0.950	46.8254 1.0604 0.2003
49 -4.0 0.975	48.9175 1.0740 0.1611
50 -4.0 1.000	52.8510 1.0871 0.1101
51 -4.0 1.025	60.2670 1.0908 0.0588
52 -4.0 1.050	85.8923 1.0577 0.0252
53 -4.0 1.075	1417.3935 1.0645 0.0595
54 -4.0 1.100	25.0214 9.2814 0.0002
55 -3.0 0.850	40.8484 1.0227 0.3361
56 -3.0 0.875	41.1655 1.0261 0.3259
57 -3.0 0.900	41.7121 1.0297 0.3122
58 -3.0 0.925	42.4241 1.0345 0.2945
59 -3.0 0.950	43.3510 1.0411 0.2711
60 -3.0 0.975	44.8492 1.0489 0.2391
61 -3.0 1.000	47.1025 1.0587 0.1967
62 -3.0 1.025	51.5069 1.0616 0.1441
63 -3.0 1.050	63.7941 1.0289 0.1282
64 -3.0 1.075	2912.6429 1.2638 0.0102
65 -3.0 1.100	27.8449 9.4152 0.0003
66 -2.0 0.850	39.1037 1.0127 0.3797
67 -2.0 0.875	39.2835 1.0147 0.3737
68 -2.0 0.900	39.4948 1.0173 0.3662
69 -2.0 0.925	39.8828 1.0202 0.3561
70 -2.0 0.950	40.4702 1.0234 0.3416
71 -2.0 0.975	41.1196 1.0287 0.3244
72 -2.0 1.000	42.3753 1.0334 0.2990
73 -2.0 1.025	44.3823 1.0355 0.2711
74 -2.0 1.050	49.1041 1.0150 0.2877
75 -2.0 1.075	851.3914 1.5497 0.0435
76 -2.0 1.100	32.9882 9.7680 0.0003
77 -1.0 0.850	37.3591 1.0047 0.4214
78 -1.0 0.875	37.4648 1.0052 0.4184
79 -1.0 0.900	37.5599 1.0063 0.4161
80 -1.0 0.925	37.7246 1.0074 0.4127
81 -1.0 0.950	37.7632 1.0097 0.4099
82 -1.0 0.975	38.0523 1.0111 0.4046
83 -1.0 1.000	38.2843 1.0132 0.4018
84 -1.0 1.025	38.7460 1.0123 0.4069
85 -1.0 1.050	39.5307 0.9994 0.4614
86 -1.0 1.075	120.0252 0.9869 0.0573
87 -1.0 1.100	43.2812 10.7001 0.0003
88 0.0 0.850	35.9847 0.9969 0.4576
89 0.0 0.875	35.7621 0.9977 0.4597
90 0.0 0.900	35.6205 0.9981 0.4616
91 0.0 0.925	35.5762 0.9981 0.4641
92 0.0 0.950	35.3597 0.9985 0.4684
93 0.0 0.975	35.1100 0.9986 0.4752
94 0.0 1.000	34.8200 0.9977 0.4878
95 0.0 1.025	34.1508 0.9951 0.5157
96 0.0 1.050	32.3899 0.9881 0.5608
97 0.0 1.075	52.4060 0.9837 0.0588
98 0.0 1.100	79.8035 11.5739 0.0003
99 1.0 0.850	34.4252 0.9918 0.4911
100 1.0 0.875	34.2285 0.9915 0.4948
101 1.0 0.900	34.0145 0.9911 0.4998
102 1.0 0.925	33.6026 0.9911 0.5069
103 1.0 0.950	33.0890 0.9909 0.5163
104 1.0 0.975	32.6981 0.9890 0.5284
105 1.0 1.000	31.7713 0.9877 0.5483
106 1.0 1.025	30.2331 0.9855 0.5755
107 1.0 1.050	27.2833 0.9834 0.5505
108 1.0 1.075	32.7332 0.9925 0.0409
109 1.0 1.100	196.6108 11.6265 0.0003
110 2.0 0.850	33.0169 0.9877 0.5186
111 2.0 0.875	32.7449 0.9871 0.5241
112 2.0 0.900	32.3721 0.9865 0.5306
113 2.0 0.925	31.9185 0.9857 0.5393
114 2.0 0.950	31.2613 0.9850 0.5504
115 2.0 0.975	30.4648 0.9837 0.5637
116 2.0 1.000	29.1520 0.9828 0.5794
117 2.0 1.025	27.0965 0.9827 0.5842
118 2.0 1.050	23.4702 0.9885 0.4663
119 2.0 1.075	23.8800 1.0224 0.0170
120 2.0 1.100	1458.1026 13.0003 0.0003
121 3.0 0.850	31.7546 0.9846 0.5401
122 3.0 0.875	31.3793 0.9841 0.5464
123 3.0 0.900	30.9893 0.9832 0.5535
124 3.0 0.925	30.3200 0.9828 0.5619
125 3.0 0.950	29.5307 0.9823 0.5712
126 3.0 0.975	28.3490 0.9824 0.5803
127 3.0 1.000	26.9454 0.9825 0.5832
128 3.0 1.025	24.5531 0.9868 0.5527
129 3.0 1.050	20.6689 1.0043 0.3593
130 3.0 1.075	19.2909 1.0960 0.0066
131 3.0 1.100	inf inf inf
132 4.0 0.850	30.5750 0.9828 0.5568
133 4.0 0.875	30.1738 0.9822 0.5622
134 4.0 0.900	29.5470 0.9822 0.5686
135 4.0 0.925	28.8850 0.9819 0.5747
136 4.0 0.950	27.8894 0.9824 0.5797
137 4.0 0.975	26.6576 0.9838 0.5807
138 4.0 1.000	24.9832 0.9871 0.5651
139 4.0 1.025	22.3247 0.9981 0.4964
140 4.0 1.050	18.4076 1.0323 0.2622
141 4.0 1.075	16.6687 1.2287 0.0034
142 4.0 1.100	1613.6728 1.6662 0.0034
143 5.0 0.850	29.4953 0.9821 0.5680
144 5.0 0.875	28.9351 0.9822 0.5723
145 5.0 0.900	28.2004 0.9829 0.5764
146 5.0 0.925	27.4913 0.9832 0.5787
147 5.0 0.950	26.4343 0.9849 0.5773
148 5.0 0.975	25.0650 0.9884 0.5662
149 5.0 1.000	23.2160 0.9963 0.5315
150 5.0 1.025	20.5090 1.0156 0.4302
151 5.0 1.050	16.6691 1.0714 0.1863
152 5.0 1.075	14.9984 1.4056 0.0023
153 5.0 1.100	1095.1636 8.8363 0.0003
154 6.0 0.850	28.4821 0.9824 0.5738
155 6.0 0.875	27.8196 0.9833 0.5762
156 6.0 0.900	27.2583 0.9837 0.5766
157 6.0 0.925	26.1674 0.9865 0.5740
158 6.0 0.950	25.1386 0.9895 0.5652
159 6.0 0.975	23.6672 0.9959 0.5417
160 6.0 1.000	21.7054 1.0090 0.4871
161 6.0 1.025	18.9892 1.0388 0.3628
162 6.0 1.050	15.4606 1.1210 0.1327
163 6.0 1.075	13.9851 1.6061 0.0019
164 6.0 1.100	inf inf inf
165 7.0 0.850	27.4116 0.9844 0.5753
166 7.0 0.875	26.7630 0.9857 0.5745
167 7.0 0.900	26.0738 0.9874 0.5712
168 7.0 0.925	25.0288 0.9912 0.5630
169 7.0 0.950	23.8818 0.9965 0.5453
170 7.0 0.975	22.4568 1.0061 0.5105
171 7.0 1.000	20.4514 1.0252 0.4392
172 7.0 1.025	17.7316 1.0674 0.3016
173 7.0 1.050	14.3780 1.1802 0.0945
174 7.0 1.075	13.1324 1.8085 0.0017
175 7.0 1.100	5918.7461 84.9300 0.0002
176 8.0 0.850	26.4776 0.9870 0.5720
177 8.0 0.875	25.8557 0.9890 0.5683
178 8.0 0.900	24.9441 0.9926 0.5602
179 8.0 0.925	24.0409 0.9972 0.5463
180 8.0 0.950	22.7616 1.0055 0.5204
181 8.0 0.975	21.3448 1.0188 0.4738
182 8.0 1.000	19.1800 1.0455 0.3891
183 8.0 1.025	16.6390 1.1007 0.2471
184 8.0 1.050	13.6290 1.2476 0.0687
185 8.0 1.075	12.6699 2.0079 0.0017
186 8.0 1.100	161.2934 1.7651 0.0005
187 9.0 0.850	25.7287 0.9901 0.5654
188 9.0 0.875	24.9362 0.9936 0.5580
189 9.0 0.900	24.1151 0.9980 0.5452
190 9.0 0.925	23.0716 1.0051 0.5254
191 9.0 0.950	21.8044 1.0161 0.4914
192 9.0 0.975	20.1580 1.0346 0.4342
193 9.0 1.000	18.2788 1.0680 0.3426
194 9.0 1.025	15.8271 1.1383 0.2026
195 9.0 1.050	13.0018 1.3223 0.0508
196 9.0 1.075	12.3494 2.2037 0.0017
197 9.0 1.100	38.6974 1.1751 0.0036
198 10.0 0.850	24.7394 0.9954 0.5550
199 10.0 0.875	24.0644 0.9993 0.5438
200 10.0 0.900	23.1803 1.0056 0.5275
201 10.0 0.925	22.1290 1.0145 0.4996
202 10.0 0.950	20.8867 1.0284 0.4595
203 10.0 0.975	19.3634 1.0516 0.3961
204 10.0 1.000	17.3634 1.0939 0.2985
205 10.0 1.025	15.0141 1.1800 0.1645
206 10.0 1.050	12.5128 1.4032 0.0386
207 10.0 1.075	12.1109 2.3938 0.0018
208 10.0 1.100	24.1851 1.2390 0.0056
209 11.0 0.850	24.0384 1.0005 0.5421
210 11.0 0.875	23.3207 1.0059 0.5276
211 11.0 0.900	22.3268 1.0139 0.5054
212 11.0 0.925	21.3643 1.0249 0.4742
213 11.0 0.950	20.0615 1.0425 0.4270
214 11.0 0.975	18.4829 1.0711 0.3575
215 11.0 1.000	16.6253 1.1220 0.2591
216 11.0 1.025	14.3327 1.2257 0.1347
217 11.0 1.050	12.1721 1.4895 0.0303
218 11.0 1.075	12.0439 2.5774 0.0019
219 11.0 1.100	19.6021 1.4834 0.0040
220 12.0 0.850	23.3310 1.0067 0.5269
221 12.0 0.875	22.4631 1.0139 0.5077
222 12.0 0.900	21.7010 1.0229 0.4833
223 12.0 0.925	20.5922 1.0369 0.4464
224 12.0 0.950	19.3155 1.0579 0.3937
225 12.0 0.975	17.7214 1.0924 0.3209
226 12.0 1.000	15.9199 1.1528 0.2237
227 12.0 1.025	13.8253 1.2741 0.1106
228 12.0 1.050	11.8748 1.5798 0.0245
229 12.0 1.075	12.0373 2.7530 0.0020
230 12.0 1.100	20.3279 1.6695 0.0021
231 13.0 0.850	22.5587 1.0143 0.5097
232 13.0 0.875	21.8309 1.0222 0.4880
233 13.0 0.900	20.9735 1.0335 0.4590
234 13.0 0.925	19.8320 1.0502 0.4179
235 13.0 0.950	18.5828 1.0752 0.3625
236 13.0 0.975	17.0767 1.1154 0.2878
237 13.0 1.000	15.3946 1.1855 0.1937
238 13.0 1.025	13.3295 1.3253 0.0910
239 13.0 1.050	11.6394 1.6729 0.0202
240 13.0 1.075	12.0551 2.9198 0.0021
241 13.0 1.100	21.9027 1.9159 0.0013
242 14.0 0.850	21.9620 1.0218 0.4909
243 14.0 0.875	21.2856 1.0312 0.4669
244 14.0 0.900	20.2291 1.0452 0.4334
245 14.0 0.925	19.1950 1.0644 0.3899
246 14.0 0.950	17.8967 1.0936 0.3312
247 14.0 0.975	16.4586 1.1400 0.2567
248 14.0 1.000	14.7946 1.2204 0.1665
249 14.0 1.025	12.9730 1.3788 0.0756
250 14.0 1.050	11.4325 1.7675 0.0171
251 14.0 1.075	12.1218 3.0769 0.0023
252 14.0 1.100	23.1826 2.1651 0.0007
253 15.0 0.850	21.3433 1.0304 0.4710
254 15.0 0.875	20.5576 1.0418 0.4441
255 15.0 0.900	19.6796 1.0573 0.4085
256 15.0 0.925	18.5349 1.0800 0.3618
257 15.0 0.950	17.3107 1.1133 0.3024
258 15.0 0.975	15.8925 1.1661 0.2283
259 15.0 1.000	14.3293 1.2570 0.1438
260 15.0 1.025	12.6327 1.4342 0.0631
261 15.0 1.050	11.3920 1.8626 0.0147
262 15.0 1.075	12.2020 3.2236 0.0024
263 15.0 1.100	22.8893 2.4894 0.0004
264 16.0 0.850	20.8247 1.0395 0.4509
265 16.0 0.875	19.9827 1.0528 0.4212
266 16.0 0.900	19.1004 1.0706 0.3838
267 16.0 0.925	18.0447 1.0961 0.3357
268 16.0 0.950	16.7840 1.1340 0.2752
269 16.0 0.975	15.4535 1.1933 0.2033
270 16.0 1.000	13.8194 1.2951 0.1234
271 16.0 1.025	12.3180 1.4911 0.0528
272 16.0 1.050	11.2407 1.9573 0.0128
273 16.0 1.075	12.2557 3.3600 0.0024
274 16.0 1.100	20.5912 2.9203 0.0004
275 17.0 0.850	20.2833 1.0496 0.4305
276 17.0 0.875	19.4768 1.0644 0.3991
277 17.0 0.900	18.5712 1.0847 0.3595
278 17.0 0.925	17.5080 1.1134 0.3102
279 17.0 0.950	16.2312 1.1560 0.2495
280 17.0 0.975	14.9762 1.2219 0.1801
281 17.0 1.000	13.4796 1.3345 0.1070
282 17.0 1.025	12.0801 1.5493 0.0446
283 17.0 1.050	11.1441 2.0512 0.0112
284 17.0 1.075	12.3784 3.4872 0.0024
285 17.0 1.100	18.7854 3.3505 0.0004
286 18.0 0.850	19.7888 1.0601 0.4100
287 18.0 0.875	18.9616 1.0769 0.3765
288 18.0 0.900	18.0519 1.0996 0.3357
289 18.0 0.925	17.0117 1.1316 0.2858
290 18.0 0.950	15.8558 1.1786 0.2268
291 18.0 0.975	14.5872 1.2518 0.1605
292 18.0 1.000	13.1850 1.3749 0.0927
293 18.0 1.025	11.8661 1.6085 0.0379
294 18.0 1.050	11.1588 2.1439 0.0100
295 18.0 1.075	12.4352 3.6078 0.0024
296 18.0 1.100	17.6255 3.7313 0.0004
297 19.0 0.850	19.2596 1.0715 0.3891
298 19.0 0.875	18.4815 1.0901 0.3549
299 19.0 0.900	17.5414 1.1155 0.3129
300 19.0 0.925	16.5930 1.1505 0.2633
301 19.0 0.950	15.4348 1.2024 0.2055
302 19.0 0.975	14.2356 1.2824 0.1424
303 19.0 1.000	12.9056 1.4166 0.0806
304 19.0 1.025	11.6897 1.6685 0.0324
305 19.0 1.050	11.0666 2.2355 0.0089
306 19.0 1.075	12.5976 3.7213 0.0024
307 19.0 1.100	17.0051 4.0616 0.0004
308 20.0 0.850	18.7942 1.0834 0.3690
309 20.0 0.875	17.9555 1.1041 0.3330
310 20.0 0.900	17.1317 1.1316 0.2911
311 20.0 0.925	16.1839 1.1703 0.2421
312 20.0 0.950	15.0971 1.2268 0.1862
313 20.0 0.975	13.8563 1.3141 0.1263
314 20.0 1.000	12.6275 1.4590 0.0700
315 20.0 1.025	11.5590 1.7291 0.0279
316 20.0 1.050	11.0992 2.3259 0.0080
317 20.0 1.075	12.7107 3.8292 0.0024
318 20.0 1.100	16.8919 4.3520 0.0003
319 21.0 0.850	18.3505 1.0957 0.3485
320 21.0 0.875	17.5553 1.1183 0.3125
321 21.0 0.900	16.7407 1.1485 0.2706
322 21.0 0.925	15.7840 1.1908 0.2222
323 21.0 0.950	14.6979 1.2523 0.1681
324 21.0 0.975	13.5569 1.3466 0.1124
325 21.0 1.000	12.4084 1.5023 0.0611
326 21.0 1.025	11.4339 1.7902 0.0243
327 21.0 1.050	11.1002 2.4149 0.0073
328 21.0 1.075	12.8455 3.9307 0.0024
329 21.0 1.100	17.3068 4.6011 0.0003
