# d_rho r0	 CHI2_before CHI2_after PHI_eff
0 -8.0 0.850	77.1816 1.1589 0.0298
1 -8.0 0.875	79.1064 1.1828 0.0241
2 -8.0 0.900	82.2673 1.2128 0.0176
3 -8.0 0.925	85.9316 1.2623 0.0117
4 -8.0 0.950	91.6966 1.3424 0.0064
5 -8.0 0.975	100.0691 1.5047 0.0028
6 -8.0 1.000	114.8759 1.9212 0.0010
7 -8.0 1.025	165.6005 3.5684 0.0005
8 -8.0 1.050	592.8489 22.6122 0.0004
9 -8.0 1.075	253.5977 46.2900 0.0002
10 -8.0 1.100	23.1685 8.9133 0.0003
11 -7.0 0.850	74.1644 1.1298 0.0406
12 -7.0 0.875	76.0210 1.1463 0.0340
13 -7.0 0.900	78.5816 1.1680 0.0267
14 -7.0 0.925	81.7113 1.2015 0.0193
15 -7.0 0.950	86.5203 1.2524 0.0118
16 -7.0 0.975	93.9375 1.3439 0.0058
17 -7.0 1.000	106.5049 1.5514 0.0020
18 -7.0 1.025	140.5332 2.2399 0.0007
19 -7.0 1.050	324.7068 9.4153 0.0004
20 -7.0 1.075	193.6631 18.3332 0.0003
21 -7.0 1.100	23.1249 8.8943 0.0003
22 -6.0 0.850	71.4488 1.1047 0.0533
23 -6.0 0.875	73.1347 1.1156 0.0464
24 -6.0 0.900	74.7994 1.1331 0.0391
25 -6.0 0.925	77.7250 1.1544 0.0302
26 -6.0 0.950	81.5914 1.1874 0.0210
27 -6.0 0.975	87.3235 1.2417 0.0120
28 -6.0 1.000	98.0628 1.3409 0.0049
29 -6.0 1.025	123.5287 1.5770 0.0013
30 -6.0 1.050	264.3304 3.2144 0.0004
31 -6.0 1.075	164.1962 5.4555 0.0003
32 -6.0 1.100	23.1024 8.7827 0.0002
33 -5.0 0.850	68.6769 1.0838 0.0681
34 -5.0 0.875	70.0771 1.0916 0.0616
35 -5.0 0.900	71.6211 1.1029 0.0542
36 -5.0 0.925	73.5622 1.1189 0.0454
37 -5.0 0.950	76.7428 1.1398 0.0349
38 -5.0 0.975	81.5940 1.1707 0.0233
39 -5.0 1.000	89.7075 1.2202 0.0121
40 -5.0 1.025	107.9586 1.2957 0.0041
41 -5.0 1.050	200.9080 1.3468 0.0005
42 -5.0 1.075	243.2784 3.8105 0.0010
43 -5.0 1.100	23.3774 8.5504 0.0002
44 -4.0 0.850	66.2489 1.0653 0.0843
45 -4.0 0.875	67.1023 1.0715 0.0790
46 -4.0 0.900	68.3076 1.0791 0.0724
47 -4.0 0.925	69.9938 1.0890 0.0641
48 -4.0 0.950	72.3201 1.1024 0.0538
49 -4.0 0.975	75.9057 1.1211 0.0414
50 -4.0 1.000	81.7762 1.1474 0.0273
51 -4.0 1.025	94.6512 1.1705 0.0135
52 -4.0 1.050	142.6839 1.1076 0.0033
53 -4.0 1.075	1015.2250 1.0719 0.0746
54 -4.0 1.100	24.1877 8.1262 0.0002
55 -3.0 0.850	63.7118 1.0508 0.1026
56 -3.0 0.875	64.4670 1.0539 0.0979
57 -3.0 0.900	65.3250 1.0588 0.0926
58 -3.0 0.925	66.2874 1.0661 0.0864
59 -3.0 0.950	68.1691 1.0732 0.0774
60 -3.0 0.975	70.6483 1.0841 0.0665
61 -3.0 1.000	74.6415 1.0978 0.0529
62 -3.0 1.025	83.1056 1.1042 0.0369
63 -3.0 1.050	109.0542 1.0573 0.0304
64 -3.0 1.075	3560.6237 1.1808 0.1391
65 -3.0 1.100	26.9588 7.5157 0.0001
66 -2.0 0.850	61.5153 1.0372 0.1208
67 -2.0 0.875	61.9215 1.0396 0.1182
68 -2.0 0.900	62.4527 1.0426 0.1149
69 -2.0 0.925	63.3461 1.0452 0.1099
70 -2.0 0.950	64.2145 1.0508 0.1051
71 -2.0 0.975	65.7159 1.0565 0.0978
72 -2.0 1.000	68.4955 1.0613 0.0880
73 -2.0 1.025	73.3746 1.0616 0.0779
74 -2.0 1.050	85.9053 1.0327 0.0864
75 -2.0 1.075	392.9970 1.1566 0.0716
76 -2.0 1.100	33.0927 7.0934 0.0001
77 -1.0 0.850	59.3483 1.0264 0.1398
78 -1.0 0.875	59.6622 1.0270 0.1386
79 -1.0 0.900	59.8333 1.0287 0.1374
80 -1.0 0.925	60.2944 1.0298 0.1354
81 -1.0 0.950	60.7560 1.0320 0.1339
82 -1.0 0.975	61.8103 1.0327 0.1309
83 -1.0 1.000	62.8393 1.0353 0.1300
84 -1.0 1.025	65.1564 1.0324 0.1326
85 -1.0 1.050	69.9776 1.0143 0.1626
86 -1.0 1.075	118.9707 1.0101 0.0252
87 -1.0 1.100	44.9117 7.2548 0.0002
88 0.0 0.850	57.2490 1.0176 0.1588
89 0.0 0.875	57.4212 1.0172 0.1590
90 0.0 0.900	57.5118 1.0168 0.1592
91 0.0 0.925	57.4580 1.0175 0.1607
92 0.0 0.950	57.6504 1.0172 0.1624
93 0.0 0.975	57.7756 1.0170 0.1658
94 0.0 1.000	57.9318 1.0161 0.1726
95 0.0 1.025	58.2547 1.0119 0.1878
96 0.0 1.050	58.4140 1.0007 0.2278
97 0.0 1.075	68.2122 0.9941 0.0381
98 0.0 1.100	73.2631 7.5561 0.0003
99 1.0 0.850	55.3477 1.0099 0.1766
100 1.0 0.875	55.2950 1.0091 0.1783
101 1.0 0.900	55.1453 1.0085 0.1810
102 1.0 0.925	55.0110 1.0074 0.1843
103 1.0 0.950	54.5568 1.0073 0.1902
104 1.0 0.975	54.0906 1.0059 0.1975
105 1.0 1.000	53.6787 1.0026 0.2094
106 1.0 1.025	52.4641 0.9989 0.2312
107 1.0 1.050	49.8644 0.9931 0.2538
108 1.0 1.075	47.2092 0.9953 0.0286
109 1.0 1.100	141.8917 7.7334 0.0003
110 2.0 0.850	53.5379 1.0039 0.1932
111 2.0 0.875	53.1539 1.0037 0.1970
112 2.0 0.900	52.9711 1.0019 0.2006
113 2.0 0.925	52.4686 1.0008 0.2056
114 2.0 0.950	51.8618 0.9997 0.2136
115 2.0 0.975	51.0071 0.9979 0.2239
116 2.0 1.000	49.7560 0.9956 0.2381
117 2.0 1.025	47.6999 0.9928 0.2553
118 2.0 1.050	43.3348 0.9946 0.2393
119 2.0 1.075	35.9081 1.0164 0.0122
120 2.0 1.100	827.9046 6.0076 0.0002
121 3.0 0.850	51.8990 0.9990 0.2082
122 3.0 0.875	51.5494 0.9978 0.2120
123 3.0 0.900	50.9226 0.9971 0.2171
124 3.0 0.925	50.3508 0.9956 0.2236
125 3.0 0.950	49.3100 0.9954 0.2329
126 3.0 0.975	48.2541 0.9933 0.2428
127 3.0 1.000	46.4397 0.9928 0.2551
128 3.0 1.025	43.6300 0.9938 0.2597
129 3.0 1.050	38.3868 1.0060 0.2008
130 3.0 1.075	29.4279 1.0728 0.0048
131 3.0 1.100	inf inf inf
132 4.0 0.850	50.2480 0.9959 0.2216
133 4.0 0.875	49.6938 0.9951 0.2258
134 4.0 0.900	48.9694 0.9948 0.2323
135 4.0 0.925	48.3266 0.9928 0.2377
136 4.0 0.950	47.1109 0.9929 0.2463
137 4.0 0.975	45.6160 0.9929 0.2549
138 4.0 1.000	43.5333 0.9942 0.2601
139 4.0 1.025	40.2027 1.0012 0.2478
140 4.0 1.050	34.4965 1.0287 0.1559
141 4.0 1.075	25.7653 1.1844 0.0023
142 4.0 1.100	1869.8077 2.6635 0.0004
143 5.0 0.850	48.6930 0.9942 0.2334
144 5.0 0.875	48.0075 0.9938 0.2379
145 5.0 0.900	47.3184 0.9929 0.2430
146 5.0 0.925	46.3065 0.9929 0.2490
147 5.0 0.950	45.0446 0.9933 0.2550
148 5.0 0.975	43.3572 0.9950 0.2592
149 5.0 1.000	40.9476 1.0001 0.2557
150 5.0 1.025	37.3644 1.0145 0.2251
151 5.0 1.050	31.3970 1.0625 0.1152
152 5.0 1.075	23.4941 1.3404 0.0014
153 5.0 1.100	955.2702 12.0424 0.0003
154 6.0 0.850	47.2098 0.9934 0.2422
155 6.0 0.875	46.4298 0.9936 0.2468
156 6.0 0.900	45.5511 0.9938 0.2513
157 6.0 0.925	44.5397 0.9942 0.2556
158 6.0 0.950	43.0605 0.9964 0.2589
159 6.0 0.975	41.2813 1.0001 0.2570
160 6.0 1.000	38.6992 1.0096 0.2434
161 6.0 1.025	34.9136 1.0338 0.1972
162 6.0 1.050	29.0752 1.1066 0.0834
163 6.0 1.075	22.0078 1.5345 0.0011
164 6.0 1.100	1218.2355 34.6750 0.0003
165 7.0 0.850	45.9224 0.9932 0.2488
166 7.0 0.875	45.0514 0.9941 0.2525
167 7.0 0.900	44.0731 0.9952 0.2559
168 7.0 0.925	42.9331 0.9967 0.2571
169 7.0 0.950	41.3593 1.0009 0.2573
170 7.0 0.975	39.3568 1.0082 0.2498
171 7.0 1.000	36.6594 1.0232 0.2264
172 7.0 1.025	32.7746 1.0587 0.1681
173 7.0 1.050	27.2329 1.1612 0.0602
174 7.0 1.075	21.0443 1.7554 0.0010
175 7.0 1.100	1813.8401 96.2288 0.0001
176 8.0 0.850	44.6294 0.9944 0.2532
177 8.0 0.875	43.6035 0.9965 0.2562
178 8.0 0.900	42.7101 0.9979 0.2573
179 8.0 0.925	41.2493 1.0022 0.2573
180 8.0 0.950	39.8044 1.0074 0.2518
181 8.0 0.975	37.7159 1.0183 0.2380
182 8.0 1.000	34.7905 1.0405 0.2062
183 8.0 1.025	30.9619 1.0886 0.1407
184 8.0 1.050	25.6437 1.2261 0.0441
185 8.0 1.075	20.2427 1.9827 0.0011
186 8.0 1.100	893.8263 11.6037 0.0002
187 9.0 0.850	43.4123 0.9967 0.2558
188 9.0 0.875	42.4399 0.9991 0.2569
189 9.0 0.900	41.3510 1.0023 0.2563
190 9.0 0.925	39.9458 1.0077 0.2525
191 9.0 0.950	38.2643 1.0163 0.2435
192 9.0 0.975	36.1459 1.0312 0.2236
193 9.0 1.000	33.2686 1.0603 0.1848
194 9.0 1.025	29.4372 1.1233 0.1167
195 9.0 1.050	24.4223 1.2993 0.0331
196 9.0 1.075	19.6817 2.2023 0.0012
197 9.0 1.100	89.6414 3.8406 0.0002
198 10.0 0.850	42.1959 1.0002 0.2566
199 10.0 0.875	41.1510 1.0037 0.2561
200 10.0 0.900	40.0660 1.0080 0.2529
201 10.0 0.925	38.6218 1.0153 0.2460
202 10.0 0.950	37.0607 1.0259 0.2321
203 10.0 0.975	34.7358 1.0463 0.2074
204 10.0 1.000	31.7931 1.0837 0.1636
205 10.0 1.025	28.1183 1.1623 0.0962
206 10.0 1.050	23.3137 1.3803 0.0256
207 10.0 1.075	19.3108 2.4082 0.0014
208 10.0 1.100	48.9762 2.8348 0.0002
209 11.0 0.850	41.1827 1.0039 0.2552
210 11.0 0.875	40.0591 1.0087 0.2528
211 11.0 0.900	38.8929 1.0147 0.2473
212 11.0 0.925	37.5022 1.0237 0.2372
213 11.0 0.950	35.6648 1.0388 0.2199
214 11.0 0.975	33.2509 1.0647 0.1909
215 11.0 1.000	30.5478 1.1096 0.1437
216 11.0 1.025	26.9924 1.2052 0.0790
217 11.0 1.050	22.5397 1.4665 0.0205
218 11.0 1.075	19.0907 2.5983 0.0016
219 11.0 1.100	24.9827 2.3967 0.0003
220 12.0 0.850	40.1500 1.0089 0.2522
221 12.0 0.875	39.0361 1.0146 0.2476
222 12.0 0.900	37.8040 1.0225 0.2399
223 12.0 0.925	36.4180 1.0337 0.2269
224 12.0 0.950	34.4947 1.0526 0.2061
225 12.0 0.975	32.2037 1.0832 0.1734
226 12.0 1.000	29.5981 1.1375 0.1255
227 12.0 1.025	26.0134 1.2518 0.0652
228 12.0 1.050	21.8117 1.5569 0.0169
229 12.0 1.075	18.9220 2.7734 0.0019
230 12.0 1.100	22.5432 2.7364 0.0002
231 13.0 0.850	39.0582 1.0152 0.2482
232 13.0 0.875	38.0010 1.0219 0.2416
233 13.0 0.900	36.8028 1.0313 0.2313
234 13.0 0.925	35.2288 1.0459 0.2159
235 13.0 0.950	33.4888 1.0676 0.1919
236 13.0 0.975	31.1702 1.1042 0.1567
237 13.0 1.000	28.4015 1.1694 0.1090
238 13.0 1.025	25.0407 1.3020 0.0540
239 13.0 1.050	21.2352 1.6490 0.0143
240 13.0 1.075	18.7374 2.9355 0.0020
241 13.0 1.100	22.7340 3.2335 0.0002
242 14.0 0.850	38.0877 1.0219 0.2423
243 14.0 0.875	37.0058 1.0302 0.2342
244 14.0 0.900	35.7075 1.0419 0.2220
245 14.0 0.925	34.2323 1.0586 0.2036
246 14.0 0.950	32.4031 1.0848 0.1778
247 14.0 0.975	30.3102 1.1267 0.1412
248 14.0 1.000	27.5255 1.2026 0.0946
249 14.0 1.025	24.2993 1.3545 0.0450
250 14.0 1.050	20.7106 1.7417 0.0123
251 14.0 1.075	18.8551 3.0838 0.0022
252 14.0 1.100	23.6526 3.7196 0.0002
253 15.0 0.850	37.3549 1.0285 0.2354
254 15.0 0.875	36.2189 1.0384 0.2255
255 15.0 0.900	34.9884 1.0519 0.2112
256 15.0 0.925	33.4657 1.0718 0.1912
257 15.0 0.950	31.6029 1.1023 0.1634
258 15.0 0.975	29.4372 1.1513 0.1266
259 15.0 1.000	26.7701 1.2376 0.0821
260 15.0 1.025	23.7099 1.4092 0.0380
261 15.0 1.050	20.2257 1.8343 0.0109
262 15.0 1.075	18.6959 3.2250 0.0023
263 15.0 1.100	24.5833 4.1652 0.0002
264 16.0 0.850	36.4149 1.0369 0.2274
265 16.0 0.875	35.2835 1.0487 0.2167
266 16.0 0.900	33.9927 1.0645 0.2006
267 16.0 0.925	32.5885 1.0869 0.1788
268 16.0 0.950	30.8039 1.1216 0.1501
269 16.0 0.975	28.5433 1.1779 0.1134
270 16.0 1.000	25.9716 1.2751 0.0712
271 16.0 1.025	23.0905 1.4664 0.0322
272 16.0 1.050	19.8541 1.9259 0.0097
273 16.0 1.075	18.7476 3.3559 0.0024
274 16.0 1.100	25.6744 4.5640 0.0002
275 17.0 0.850	35.5677 1.0462 0.2202
276 17.0 0.875	34.5569 1.0588 0.2069
277 17.0 0.900	33.2413 1.0771 0.1897
278 17.0 0.925	31.7164 1.1033 0.1667
279 17.0 0.950	29.8711 1.1430 0.1372
280 17.0 0.975	27.8742 1.2053 0.1014
281 17.0 1.000	25.4105 1.3136 0.0621
282 17.0 1.025	22.5994 1.5251 0.0277
283 17.0 1.050	19.5314 2.0164 0.0088
284 17.0 1.075	18.7378 3.4796 0.0025
285 17.0 1.100	26.4743 4.9111 0.0002
286 18.0 0.850	34.9006 1.0552 0.2114
287 18.0 0.875	33.8035 1.0701 0.1972
288 18.0 0.900	32.4255 1.0912 0.1789
289 18.0 0.925	31.0160 1.1205 0.1553
290 18.0 0.950	29.2165 1.1644 0.1251
291 18.0 0.975	27.0901 1.2349 0.0906
292 18.0 1.000	24.8115 1.3539 0.0541
293 18.0 1.025	22.0599 1.5856 0.0241
294 18.0 1.050	19.0412 2.1069 0.0081
295 18.0 1.075	18.8568 3.5938 0.0025
296 18.0 1.100	27.3042 5.2142 0.0003
297 19.0 0.850	34.2038 1.0651 0.2019
298 19.0 0.875	33.0185 1.0825 0.1873
299 19.0 0.900	31.7299 1.1057 0.1681
300 19.0 0.925	30.3125 1.1381 0.1432
301 19.0 0.950	28.5286 1.1876 0.1142
302 19.0 0.975	26.4631 1.2651 0.0809
303 19.0 1.000	24.2564 1.3956 0.0474
304 19.0 1.025	21.5891 1.6467 0.0211
305 19.0 1.050	18.9515 2.1941 0.0076
306 19.0 1.075	18.8588 3.7021 0.0025
307 19.0 1.100	27.9828 5.4689 0.0003
308 20.0 0.850	33.4002 1.0767 0.1934
309 20.0 0.875	32.4463 1.0946 0.1771
310 20.0 0.900	31.1002 1.1207 0.1572
311 20.0 0.925	29.5919 1.1575 0.1327
312 20.0 0.950	27.9647 1.2114 0.1041
313 20.0 0.975	25.9612 1.2962 0.0725
314 20.0 1.000	23.6552 1.4390 0.0417
315 20.0 1.025	21.2117 1.7084 0.0188
316 20.0 1.050	18.7617 2.2805 0.0071
317 20.0 1.075	18.8885 3.8025 0.0024
318 20.0 1.100	28.8563 5.6594 0.0004
319 21.0 0.850	32.8790 1.0875 0.1843
320 21.0 0.875	31.6985 1.1086 0.1674
321 21.0 0.900	30.5105 1.1367 0.1470
322 21.0 0.925	29.0727 1.1768 0.1225
323 21.0 0.950	27.2791 1.2369 0.0948
324 21.0 0.975	25.4565 1.3284 0.0648
325 21.0 1.000	23.2102 1.4828 0.0368
326 21.0 1.025	20.8245 1.7704 0.0169
327 21.0 1.050	18.8107 2.3640 0.0068
328 21.0 1.075	18.9948 3.8953 0.0023
329 21.0 1.100	29.6044 5.7665 0.0003
