# d_rho r0	 CHI2_before CHI2_after PHI_eff
0 -8.0 0.850	29.2074 1.0942 0.4289
1 -8.0 0.875	31.2078 1.1022 0.3773
2 -8.0 0.900	33.7918 1.1115 0.3200
3 -8.0 0.925	37.2669 1.1253 0.2529
4 -8.0 0.950	42.7921 1.1395 0.1861
5 -8.0 0.975	51.3250 1.1620 0.1222
6 -8.0 1.000	67.8818 1.1989 0.0710
7 -8.0 1.025	108.5854 1.2596 0.0340
8 -8.0 1.050	322.9810 1.3310 0.0185
9 -8.0 1.075	inf inf inf
10 -8.0 1.100	inf inf inf
11 -7.0 0.850	25.8213 1.0866 0.4879
12 -7.0 0.875	27.5341 1.0920 0.4409
13 -7.0 0.900	29.5655 1.1004 0.3855
14 -7.0 0.925	32.2038 1.1120 0.3210
15 -7.0 0.950	36.5491 1.1232 0.2480
16 -7.0 0.975	43.0846 1.1381 0.1774
17 -7.0 1.000	54.7472 1.1607 0.1100
18 -7.0 1.025	82.4356 1.1948 0.0641
19 -7.0 1.050	200.3713 1.2417 0.0392
20 -7.0 1.075	inf inf inf
21 -7.0 1.100	inf inf inf
22 -6.0 0.850	23.0144 1.0769 0.5523
23 -6.0 0.875	24.2637 1.0821 0.5128
24 -6.0 0.900	25.6404 1.0901 0.4583
25 -6.0 0.925	27.8574 1.0986 0.3942
26 -6.0 0.950	30.7361 1.1109 0.3206
27 -6.0 0.975	35.8105 1.1219 0.2363
28 -6.0 1.000	44.1368 1.1345 0.1610
29 -6.0 1.025	61.8785 1.1504 0.1088
30 -6.0 1.050	127.1793 1.1580 0.0820
31 -6.0 1.075	inf inf inf
32 -6.0 1.100	inf inf inf
33 -5.0 0.850	20.4353 1.0685 0.6051
34 -5.0 0.875	21.0828 1.0750 0.5709
35 -5.0 0.900	22.1139 1.0809 0.5280
36 -5.0 0.925	23.5316 1.0888 0.4741
37 -5.0 0.950	25.8323 1.0977 0.3952
38 -5.0 0.975	29.1754 1.1088 0.3098
39 -5.0 1.000	34.9739 1.1177 0.2283
40 -5.0 1.025	46.1364 1.1213 0.1692
41 -5.0 1.050	81.1623 1.1164 0.1455
42 -5.0 1.075	inf inf inf
43 -5.0 1.100	inf inf inf
44 -4.0 0.850	17.8272 1.0626 0.6632
45 -4.0 0.875	18.3148 1.0663 0.6412
46 -4.0 0.900	19.0236 1.0716 0.5955
47 -4.0 0.925	19.7767 1.0799 0.5498
48 -4.0 0.950	21.1324 1.0880 0.4847
49 -4.0 0.975	23.4565 1.0963 0.3957
50 -4.0 1.000	26.9239 1.1063 0.3018
51 -4.0 1.025	33.6918 1.1072 0.2334
52 -4.0 1.050	51.0378 1.0913 0.2251
53 -4.0 1.075	inf inf inf
54 -4.0 1.100	inf inf inf
55 -3.0 0.850	15.4584 1.0576 0.7140
56 -3.0 0.875	15.6528 1.0614 0.6972
57 -3.0 0.900	16.2875 1.0629 0.6639
58 -3.0 0.925	16.8334 1.0679 0.6209
59 -3.0 0.950	17.3188 1.0769 0.5701
60 -3.0 0.975	18.5959 1.0843 0.4899
61 -3.0 1.000	20.4657 1.0932 0.4017
62 -3.0 1.025	23.4864 1.0979 0.3150
63 -3.0 1.050	31.3517 1.0796 0.2923
64 -3.0 1.075	2022.5543 1.3078 0.4302
65 -3.0 1.100	inf inf inf
66 -2.0 0.850	13.6106 1.0512 0.7521
67 -2.0 0.875	13.6043 1.0545 0.7410
68 -2.0 0.900	13.7851 1.0562 0.7198
69 -2.0 0.925	13.9809 1.0600 0.6873
70 -2.0 0.950	14.2048 1.0657 0.6450
71 -2.0 0.975	14.4750 1.0729 0.5881
72 -2.0 1.000	14.9905 1.0810 0.5059
73 -2.0 1.025	15.8812 1.0862 0.4200
74 -2.0 1.050	17.8631 1.0759 0.3911
75 -2.0 1.075	415.9001 1.0934 0.5992
76 -2.0 1.100	inf inf inf
77 -1.0 0.850	11.8833 1.0463 0.7883
78 -1.0 0.875	11.5795 1.0500 0.7799
79 -1.0 0.900	11.5444 1.0517 0.7742
80 -1.0 0.925	11.4126 1.0543 0.7525
81 -1.0 0.950	11.4829 1.0561 0.7245
82 -1.0 0.975	11.2809 1.0619 0.6845
83 -1.0 1.000	10.8344 1.0692 0.6146
84 -1.0 1.025	10.5982 1.0718 0.5341
85 -1.0 1.050	9.4639 1.0685 0.5021
86 -1.0 1.075	170.9952 1.0480 0.6743
87 -1.0 1.100	8119.2813 1.2808 0.0417
88 0.0 0.850	10.2731 1.0434 0.8156
89 0.0 0.875	10.1207 1.0436 0.8137
90 0.0 0.900	9.9056 1.0445 0.8089
91 0.0 0.925	9.4792 1.0473 0.8033
92 0.0 0.950	9.0848 1.0498 0.7942
93 0.0 0.975	8.4286 1.0546 0.7643
94 0.0 1.000	7.8287 1.0565 0.7242
95 0.0 1.025	6.3755 1.0622 0.6755
96 0.0 1.050	4.6558 1.0597 0.6409
97 0.0 1.075	102.5796 1.0393 0.7643
98 0.0 1.100	3047.6998 1.0816 0.0832
99 1.0 0.850	9.0012 1.0402 0.8321
100 1.0 0.875	8.7025 1.0405 0.8335
101 1.0 0.900	8.4300 1.0404 0.8334
102 1.0 0.925	7.9315 1.0415 0.8323
103 1.0 0.950	7.3139 1.0431 0.8338
104 1.0 0.975	6.5556 1.0452 0.8232
105 1.0 1.000	5.5068 1.0475 0.8107
106 1.0 1.025	3.8555 1.0518 0.7896
107 1.0 1.050	2.5346 1.0541 0.7788
108 1.0 1.075	77.2870 1.0364 0.8305
109 1.0 1.100	621.3887 1.0879 0.0899
110 2.0 0.850	7.8896 1.0385 0.8432
111 2.0 0.875	7.5336 1.0382 0.8458
112 2.0 0.900	7.0973 1.0385 0.8505
113 2.0 0.925	6.5710 1.0385 0.8526
114 2.0 0.950	5.8574 1.0396 0.8587
115 2.0 0.975	5.0192 1.0401 0.8665
116 2.0 1.000	3.8739 1.0418 0.8689
117 2.0 1.025	2.5345 1.0428 0.8706
118 2.0 1.050	2.5043 1.0420 0.8791
119 2.0 1.075	69.1598 1.0420 0.8640
120 2.0 1.100	603.7929 1.3356 0.1930
121 3.0 0.850	6.9682 1.0374 0.8411
122 3.0 0.875	6.5774 1.0376 0.8481
123 3.0 0.900	6.0825 1.0374 0.8538
124 3.0 0.925	5.5302 1.0371 0.8597
125 3.0 0.950	4.8471 1.0371 0.8680
126 3.0 0.975	4.0306 1.0370 0.8797
127 3.0 1.000	3.0096 1.0376 0.8925
128 3.0 1.025	2.1578 1.0374 0.9051
129 3.0 1.050	3.9141 1.0361 0.9110
130 3.0 1.075	68.3787 1.0357 0.8356
131 3.0 1.100	2034.2785 1.2353 0.1075
132 4.0 0.850	6.0450 1.0398 0.8413
133 4.0 0.875	5.8364 1.0372 0.8372
134 4.0 0.900	5.3105 1.0378 0.8464
135 4.0 0.925	4.8178 1.0373 0.8506
136 4.0 0.950	4.1584 1.0370 0.8602
137 4.0 0.975	3.4403 1.0368 0.8699
138 4.0 1.000	2.7712 1.0357 0.8779
139 4.0 1.025	2.6072 1.0357 0.8839
140 4.0 1.050	6.5200 1.0343 0.8738
141 4.0 1.075	71.5829 1.0371 0.7471
142 4.0 1.100	829.8754 1.1043 0.3165
143 5.0 0.850	5.6197 1.0391 0.8238
144 5.0 0.875	5.2294 1.0393 0.8267
145 5.0 0.900	4.8085 1.0391 0.8290
146 5.0 0.925	4.3492 1.0388 0.8316
147 5.0 0.950	3.8151 1.0391 0.8364
148 5.0 0.975	3.3286 1.0383 0.8364
149 5.0 1.000	3.0200 1.0380 0.8329
150 5.0 1.025	3.6874 1.0379 0.8138
151 5.0 1.050	9.8645 1.0368 0.7670
152 5.0 1.075	76.5863 1.0374 0.6144
153 5.0 1.100	1034.2734 1.1391 0.2259
154 6.0 0.850	5.2394 1.0410 0.8021
155 6.0 0.875	4.8766 1.0418 0.8033
156 6.0 0.900	4.5349 1.0420 0.8019
157 6.0 0.925	4.1483 1.0422 0.8008
158 6.0 0.950	3.7943 1.0425 0.7975
159 6.0 0.975	3.5555 1.0430 0.7898
160 6.0 1.000	3.7281 1.0441 0.7689
161 6.0 1.025	5.3541 1.0457 0.7157
162 6.0 1.050	14.1111 1.0439 0.6378
163 6.0 1.075	82.8450 1.0427 0.4700
164 6.0 1.100	1788.7232 1.1734 0.1985
165 7.0 0.850	4.9872 1.0445 0.7774
166 7.0 0.875	4.6943 1.0453 0.7758
167 7.0 0.900	4.3846 1.0466 0.7738
168 7.0 0.925	4.1891 1.0472 0.7616
169 7.0 0.950	4.0305 1.0487 0.7487
170 7.0 0.975	4.0955 1.0515 0.7241
171 7.0 1.000	4.8613 1.0536 0.6851
172 7.0 1.025	7.6615 1.0569 0.6099
173 7.0 1.050	18.5772 1.0591 0.4727
174 7.0 1.075	90.2052 1.0524 0.3190
175 7.0 1.100	5527.5141 2.6024 0.0593
176 8.0 0.850	4.8669 1.0491 0.7485
177 8.0 0.875	4.7077 1.0512 0.7395
178 8.0 0.900	4.4982 1.0523 0.7331
179 8.0 0.925	4.4206 1.0549 0.7177
180 8.0 0.950	4.5704 1.0564 0.6966
181 8.0 0.975	5.0464 1.0604 0.6604
182 8.0 1.000	6.3364 1.0677 0.5927
183 8.0 1.025	10.2918 1.0749 0.4912
184 8.0 1.050	23.5511 1.0814 0.3382
185 8.0 1.075	97.9294 1.0683 0.2034
186 8.0 1.100	inf inf inf
187 9.0 0.850	4.9094 1.0543 0.7169
188 9.0 0.875	4.8228 1.0568 0.7020
189 9.0 0.900	4.7750 1.0606 0.6849
190 9.0 0.925	4.8861 1.0635 0.6633
191 9.0 0.950	5.3294 1.0669 0.6360
192 9.0 0.975	6.1419 1.0752 0.5813
193 9.0 1.000	8.2836 1.0835 0.5085
194 9.0 1.025	13.4556 1.0962 0.3923
195 9.0 1.050	28.8971 1.1124 0.2267
196 9.0 1.075	105.9593 1.0952 0.1227
197 9.0 1.100	inf inf inf
198 10.0 0.850	5.0718 1.0613 0.6786
199 10.0 0.875	5.1193 1.0641 0.6618
200 10.0 0.900	5.3271 1.0665 0.6451
201 10.0 0.925	5.6331 1.0722 0.6143
202 10.0 0.950	6.2716 1.0803 0.5708
203 10.0 0.975	7.6015 1.0910 0.5090
204 10.0 1.000	10.4001 1.1060 0.4208
205 10.0 1.025	16.8903 1.1247 0.2996
206 10.0 1.050	34.5370 1.1523 0.1554
207 10.0 1.075	113.3215 1.1370 0.0592
208 10.0 1.100	3656.5442 1.0476 0.0562
209 11.0 0.850	5.4002 1.0693 0.6363
210 11.0 0.875	5.5681 1.0725 0.6192
211 11.0 0.900	5.9142 1.0776 0.5958
212 11.0 0.925	6.5135 1.0841 0.5610
213 11.0 0.950	7.4857 1.0948 0.5093
214 11.0 0.975	9.3900 1.1085 0.4438
215 11.0 1.000	12.9863 1.1286 0.3485
216 11.0 1.025	20.8733 1.1552 0.2293
217 11.0 1.050	40.6987 1.1990 0.1009
218 11.0 1.075	121.7703 1.1921 0.0309
219 11.0 1.100	1929.9607 1.0652 0.0422
220 12.0 0.850	5.8007 1.0781 0.5995
221 12.0 0.875	6.1637 1.0826 0.5762
222 12.0 0.900	6.6740 1.0888 0.5462
223 12.0 0.925	7.6031 1.0966 0.5090
224 12.0 0.950	8.7499 1.1153 0.4447
225 12.0 0.975	11.3277 1.1299 0.3781
226 12.0 1.000	16.0381 1.1518 0.2894
227 12.0 1.025	24.6752 1.2014 0.1666
228 12.0 1.050	47.3421 1.2534 0.0687
229 12.0 1.075	129.9864 1.2796 0.0156
230 12.0 1.100	1307.9474 1.0798 0.0240
231 13.0 0.850	6.4243 1.0854 0.5635
232 13.0 0.875	6.7983 1.0945 0.5304
233 13.0 0.900	7.5405 1.1030 0.4955
234 13.0 0.925	8.6717 1.1147 0.4517
235 13.0 0.950	10.6423 1.1278 0.3983
236 13.0 0.975	13.5261 1.1536 0.3198
237 13.0 1.000	18.9251 1.1869 0.2262
238 13.0 1.025	29.7999 1.2334 0.1298
239 13.0 1.050	55.1814 1.3011 0.0480
240 13.0 1.075	138.3239 1.3976 0.0082
241 13.0 1.100	1014.2158 1.1019 0.0117
242 14.0 0.850	7.1536 1.0946 0.5257
243 14.0 0.875	7.6919 1.1053 0.4893
244 14.0 0.900	8.6844 1.1153 0.4529
245 14.0 0.925	10.1165 1.1299 0.4040
246 14.0 0.950	12.4736 1.1480 0.3471
247 14.0 0.975	15.9020 1.1802 0.2667
248 14.0 1.000	22.6082 1.2151 0.1865
249 14.0 1.025	34.5768 1.2807 0.0965
250 14.0 1.050	62.0645 1.3800 0.0316
251 14.0 1.075	147.2156 1.5321 0.0051
252 14.0 1.100	852.0404 1.1354 0.0049
253 15.0 0.850	7.9283 1.1060 0.4854
254 15.0 0.875	8.7247 1.1168 0.4499
255 15.0 0.900	9.9149 1.1302 0.4085
256 15.0 0.925	11.7878 1.1453 0.3607
257 15.0 0.950	14.4830 1.1694 0.2994
258 15.0 0.975	18.5337 1.2086 0.2219
259 15.0 1.000	26.0727 1.2556 0.1455
260 15.0 1.025	39.8908 1.3308 0.0714
261 15.0 1.050	70.2503 1.4488 0.0222
262 15.0 1.075	159.2191 1.6397 0.0037
263 15.0 1.100	752.4174 1.2361 0.0015
264 16.0 0.850	8.8850 1.1172 0.4491
265 16.0 0.875	9.8049 1.1311 0.4085
266 16.0 0.900	11.2648 1.1464 0.3665
267 16.0 0.925	13.4301 1.1660 0.3167
268 16.0 0.950	16.5716 1.1952 0.2550
269 16.0 0.975	21.6160 1.2345 0.1868
270 16.0 1.000	29.9648 1.2942 0.1152
271 16.0 1.025	45.6145 1.3820 0.0538
272 16.0 1.050	78.7389 1.5265 0.0155
273 16.0 1.075	172.3613 1.7484 0.0026
274 16.0 1.100	682.7318 1.7702 0.0010
275 17.0 0.850	9.7815 1.1322 0.4077
276 17.0 0.875	10.9518 1.1474 0.3684
277 17.0 0.900	12.9113 1.1602 0.3302
278 17.0 0.925	15.3111 1.1861 0.2778
279 17.0 0.950	19.0179 1.2181 0.2190
280 17.0 0.975	24.6736 1.2667 0.1542
281 17.0 1.000	34.5580 1.3278 0.0932
282 17.0 1.025	52.0155 1.4333 0.0417
283 17.0 1.050	89.5699 1.5749 0.0120
284 17.0 1.075	187.9841 1.8503 0.0019
285 17.0 1.100	639.7955 2.5409 0.0008
286 18.0 0.850	10.8691 1.1462 0.3718
287 18.0 0.875	12.4603 1.1591 0.3370
288 18.0 0.900	14.3651 1.1818 0.2910
289 18.0 0.925	17.3836 1.2058 0.2429
290 18.0 0.950	21.5738 1.2438 0.1864
291 18.0 0.975	28.7341 1.2856 0.1325
292 18.0 1.000	38.4469 1.3831 0.0706
293 18.0 1.025	58.8958 1.4826 0.0316
294 18.0 1.050	99.0758 1.6685 0.0087
295 18.0 1.075	204.2241 2.0085 0.0015
296 18.0 1.100	618.4047 3.2414 0.0005
297 19.0 0.850	12.1591 1.1589 0.3404
298 19.0 0.875	13.8899 1.1759 0.3029
299 19.0 0.900	16.0439 1.2028 0.2572
300 19.0 0.925	19.6342 1.2265 0.2123
301 19.0 0.950	24.4963 1.2673 0.1598
302 19.0 0.975	31.3638 1.3393 0.1036
303 19.0 1.000	43.1742 1.4295 0.0558
304 19.0 1.025	65.9148 1.5435 0.0242
305 19.0 1.050	110.0312 1.7625 0.0067
306 19.0 1.075	221.9847 2.1794 0.0012
307 19.0 1.100	614.5680 3.7113 0.0003
308 20.0 0.850	13.3331 1.1767 0.3062
309 20.0 0.875	15.4459 1.1929 0.2711
310 20.0 0.900	18.0866 1.2187 0.2288
311 20.0 0.925	22.0202 1.2489 0.1848
312 20.0 0.950	27.3647 1.2967 0.1350
313 20.0 0.975	35.7394 1.3602 0.0875
314 20.0 1.000	48.5809 1.4691 0.0449
315 20.0 1.025	73.1792 1.6053 0.0183
316 20.0 1.050	122.3542 1.8552 0.0054
317 20.0 1.075	243.9372 2.2859 0.0009
318 20.0 1.100	646.5500 3.9888 0.0002
319 21.0 0.850	14.7539 1.1920 0.2767
320 21.0 0.875	17.1309 1.2105 0.2428
321 21.0 0.900	20.1469 1.2379 0.2018
322 21.0 0.925	24.5033 1.2722 0.1597
323 21.0 0.950	30.5661 1.3237 0.1142
324 21.0 0.975	39.5558 1.3998 0.0710
325 21.0 1.000	54.8486 1.4994 0.0371
326 21.0 1.025	80.5163 1.6802 0.0139
327 21.0 1.050	133.0542 1.9955 0.0042
328 21.0 1.075	262.9947 2.5146 0.0006
329 21.0 1.100	704.1646 4.3779 0.0003
