cv1: TORSION ATOMS=1642,1662,1679,1696
cv2: TORSION ATOMS=1765,1772,1792,1806
COORDINATION ...
  GROUPA=1158,1158,1161,1161,1168,1211,1211,1214,1226,1282,1287,1287,1287,1287,1286,1306,1312,1324,1331,1333,1333,1333,1333,1601,1639,1630,1630,1630,1634,1634,1648,1664,1667,1670,1672,1672,1672,1672,1672,1671,1671,1671,1671,1671,1687,1688,1784,1786,1786,1786,1786,1786,1782,1782,1798,1825,2093,2170,2191,2191
  GROUPB=1708,1712,1708,1713,1708,1708,1712,1708,1708,1705,1715,1705,1722,1757,1757,1757,1757,1757,1757,1703,1715,1705,1757,1671,1713,1701,1708,1713,1703,1708,2312,2312,2309,2309,2198,2183,2259,2257,2297,2185,2303,2306,2317,2383,1780,1780,2083,2088,2107,2139,2144,2189,2175,2179,1867,2083,2191,2244,2399,2402
  NN=10 MM=20 D_0=0.0 R_0=0.65 NLIST NL_CUTOFF=2.0 NL_STRIDE=100
  PAIR
  LABEL=cv3
... COORDINATION

COORDINATION ...
  GROUPA=118,191,191,1111,1120,1120,1113,1113,1116,1117,1153,1226,1229,1333,1337,1385,1448,1566,1573,1568,1630,1694,1718,1729,1729,1729,1729,1729,1720,1720,1724,1724,1724,1724,1724,1722,1722,1722,1722,1732,1732,1743,1762,1762,1757,1765,1765,1765,1765,1765,1765,1765,1765,1769,1769,1780,1780,1782,1813,2035
  GROUPB=1688,1687,1688,1672,1667,1672,1667,1672,1667,1672,1672,1786,1786,1786,1786,1782,1782,1782,1786,1782,1784,2191,2161,2147,2151,2155,2175,2179,2155,2175,2173,2155,2161,2167,2241,2177,2179,2189,2241,2182,2189,1796,1808,1811,1813,2088,2091,2107,2102,2144,2151,2175,2179,2091,2096,2448,1898,1842,2144,2083
  NN=10 MM=20 D_0=0.0 R_0=0.65 NLIST NL_CUTOFF=2.0 NL_STRIDE=100
  PAIR
  LABEL=cv4
... COORDINATION

COORDINATION ...
  GROUPA=1608,1625,1641,1661,1678,1695
  GROUPB=1623,1639,1659,1676,1693,1700
  NN=6 MM=12 D_0=0.0 R_0=0.25 NLIST NL_CUTOFF=0.5 NL_STRIDE=100
  LABEL=cv5
... COORDINATION

#DIHCOR ...
#  ATOMS1=1595,1609,1626,1642,1609,1626,1642,1662
#  ATOMS2=1609,1626,1642,1662,1626,1642,1662,1679
#  ATOMS3=1626,1642,1662,1679,1642,1662,1679,1696
#  LABEL=cv6
#... DIHCOR

rmsd: RMSD REFERENCE=REF.pdb TYPE=OPTIMAL
