5.012376233935356140e-02 0.000000000000000000e+00
1.503712832927703857e-01 0.000000000000000000e+00
2.506188154220581055e-01 0.000000000000000000e+00
3.508663177490234375e-01 2.669547116056656844e+00
4.511138796806335449e-01 1.619233587434978583e+00
5.513613820075988770e-01 4.341681847606781552e+00
6.516089439392089844e-01 3.888709023635777751e+00
7.518564462661743164e-01 1.168914425027893556e+00
8.521039485931396484e-01 5.006939361974588110e+00
9.523514509201049805e-01 2.915814986039392487e+00
1.052598953247070312e+00 5.669764797870167961e+00
1.152846574783325195e+00 6.717576509085136927e+00
1.253093957901000977e+00 5.475702665247343504e+00
1.353341579437255859e+00 4.333740661193686172e+00
1.453589200973510742e+00 3.443758705060242953e+00
1.553836584091186523e+00 2.191917354922729100e+00
1.654084205627441406e+00 1.692565496118991986e+00
1.754331588745117188e+00 2.364538531230566676e+00
1.854579210281372070e+00 1.634998811754921899e+00
1.954826831817626953e+00 2.856720825715385548e+00
2.055074214935302734e+00 2.663198760745043803e+00
2.155321598052978516e+00 2.848542353579812669e+00
2.255569458007812500e+00 2.926129219836667072e+00
2.355816841125488281e+00 2.622830099952975225e+00
2.456064224243164062e+00 2.632488774761739592e+00
2.556311845779418945e+00 2.581978259332947889e+00
2.656559467315673828e+00 2.203293360596196848e+00
2.756806850433349609e+00 1.741263364805266223e+00
2.857054471969604492e+00 2.188660038325348722e+00
2.957302093505859375e+00 2.458925100550580556e+00
3.057549476623535156e+00 2.512686843565593797e+00
3.157796859741210938e+00 2.488407731925098787e+00
3.258044719696044922e+00 2.306473578465841445e+00
3.358292102813720703e+00 1.906822270998717705e+00
3.458539485931396484e+00 1.991505089085775282e+00
3.558787107467651367e+00 2.325000363735727493e+00
3.659034729003906250e+00 2.545318902134090067e+00
3.759282112121582031e+00 2.294327231437844006e+00
3.859529733657836914e+00 1.887955032550817425e+00
3.959777355194091797e+00 2.194491542068141232e+00
4.060024738311767578e+00 2.569191476954448383e+00
4.160272121429443359e+00 2.274825921336942613e+00
4.260519981384277344e+00 2.278393421138996455e+00
4.360767364501953125e+00 1.687692249183282200e+00
4.461014747619628906e+00 2.128092874323000760e+00
4.561262130737304688e+00 2.035569039292819848e+00
4.661509990692138672e+00 1.629220976630843865e+00
4.761757373809814453e+00 1.838594075600343158e+00
4.862005233764648438e+00 1.749555376513735494e+00
4.962252616882324219e+00 1.948326313165111623e+00
5.062500000000000000e+00 2.013940323548592204e+00
5.162747383117675781e+00 2.159927129007530588e+00
5.262994766235351562e+00 1.779800036270879682e+00
5.363242626190185547e+00 1.828923986585955896e+00
5.463490009307861328e+00 1.729173869009483111e+00
5.563737869262695312e+00 1.549838866971288587e+00
5.663985252380371094e+00 1.423276411517815365e+00
5.764232635498046875e+00 1.593281504155375172e+00
5.864480018615722656e+00 1.337237712450346283e+00
5.964727878570556641e+00 1.562370561320684192e+00
6.064975261688232422e+00 1.223311178144898870e+00
6.165222644805908203e+00 1.253490831511643089e+00
6.265470504760742188e+00 1.238981376874467522e+00
6.365717887878417969e+00 1.216602715746752494e+00
6.465965270996093750e+00 1.369105710888485650e+00
6.566212654113769531e+00 1.212502536613000670e+00
6.666460514068603516e+00 1.191206003833849003e+00
6.766707897186279297e+00 1.213983842066793439e+00
6.866955280303955078e+00 1.262995065140741779e+00
6.967203140258789062e+00 1.247357769703646202e+00
7.067450523376464844e+00 1.112865385418171149e+00
7.167697906494140625e+00 1.056191605167130509e+00
7.267945289611816406e+00 1.058573847904674237e+00
7.368193149566650391e+00 1.078723807297256476e+00
7.468440532684326172e+00 1.020300114465005903e+00
7.568688392639160156e+00 9.068092533894679397e-01
7.668935775756835938e+00 8.720091557664949589e-01
7.769183158874511719e+00 9.099497397825734302e-01
7.869430541992187500e+00 1.111315396176970616e+00
7.969677925109863281e+00 8.439017061916515017e-01
8.069925308227539062e+00 9.297634132680056007e-01
8.170173645019531250e+00 9.120438315052558087e-01
8.270420074462890625e+00 8.513691150381403894e-01
8.370668411254882812e+00 1.043596354855686581e+00
8.470915794372558594e+00 9.175913878994144124e-01
8.571163177490234375e+00 8.377109345513592542e-01
8.671411514282226562e+00 8.800583446883545324e-01
8.771657943725585938e+00 8.600603942555902215e-01
8.871906280517578125e+00 8.827686995092179911e-01
8.972152709960937500e+00 8.220503568561039476e-01
9.072401046752929688e+00 7.758353751348294747e-01
9.172649383544921875e+00 9.674020055679216634e-01
9.272895812988281250e+00 8.811837750444122541e-01
9.373144149780273438e+00 9.076296820216849248e-01
9.473390579223632812e+00 8.700870993049990565e-01
9.573638916015625000e+00 9.422117968388422637e-01
9.673885345458984375e+00 8.662151532840099977e-01
9.774133682250976562e+00 8.623850573497765515e-01
9.874382019042968750e+00 8.890868039640363873e-01
9.974628448486328125e+00 8.247465870776510277e-01
1.007487678527832031e+01 9.062069503391447789e-01
1.017512321472167969e+01 9.619457129726941558e-01
1.027537155151367188e+01 8.210465713441394975e-01
1.037561798095703125e+01 8.513613266803221613e-01
1.047586631774902344e+01 8.471985555368266585e-01
1.057611465454101562e+01 9.140478460641003888e-01
1.067636108398437500e+01 9.259941998860954371e-01
1.077660942077636719e+01 8.518608877527226175e-01
1.087685585021972656e+01 8.418270382591623857e-01
1.097710418701171875e+01 9.308678240581483854e-01
1.107735061645507812e+01 9.815037040237156729e-01
1.117759895324707031e+01 9.560246758947097412e-01
1.127784729003906250e+01 8.896863789018057966e-01
1.137809371948242188e+01 8.689653246713843204e-01
1.147834205627441406e+01 8.990602166292522845e-01
1.157858848571777344e+01 9.526634617093768798e-01
1.167883682250976562e+01 9.994483955164793487e-01
1.177908420562744141e+01 9.681938208780649369e-01
1.187933158874511719e+01 1.059784885177787572e+00
1.197957992553710938e+01 9.660397749860157868e-01
1.207982635498046875e+01 9.908847232478861233e-01
1.218007469177246094e+01 1.017018591129641214e+00
1.228032112121582031e+01 1.029002261928690931e+00
1.238056945800781250e+01 1.079325908795511380e+00
1.248081684112548828e+01 9.707105528365893576e-01
1.258106422424316406e+01 1.051470382312351459e+00
1.268131256103515625e+01 9.649560447543634734e-01
1.278155899047851562e+01 9.822884379514329467e-01
1.288180732727050781e+01 9.869946783134946333e-01
1.298205375671386719e+01 9.796677049762770872e-01
1.308230209350585938e+01 9.801712880326231003e-01
1.318254947662353516e+01 1.005301487530929183e+00
1.328279685974121094e+01 9.601842028181446498e-01
1.338304519653320312e+01 9.791056946870544397e-01
1.348329162597656250e+01 9.081794756239112143e-01
1.358353996276855469e+01 9.522137736943774300e-01
1.368378639221191406e+01 8.905952580094174120e-01
1.378403472900390625e+01 8.533116558794903161e-01
1.388428211212158203e+01 8.530405654917017078e-01
1.398452949523925781e+01 8.933115267235954837e-01
1.408477783203125000e+01 9.606959142665091322e-01
1.418502426147460938e+01 9.241476547357332372e-01
1.428527259826660156e+01 8.771691240613628260e-01
1.438551902770996094e+01 8.985645113094821168e-01
1.448576736450195312e+01 8.120518153454441279e-01
1.458601570129394531e+01 8.553733501727367461e-01
1.468626213073730469e+01 9.081589219687628001e-01
1.478651046752929688e+01 8.565452993867148646e-01
1.488675689697265625e+01 8.450460930802924375e-01
1.498700523376464844e+01 8.573489340375912704e-01
1.508725166320800781e+01 8.997760340459479700e-01
1.518750000000000000e+01 8.678471353082521933e-01
1.528774833679199219e+01 8.593415126022246886e-01
1.538799476623535156e+01 8.747310277210101903e-01
1.548824310302734375e+01 8.648262028810399515e-01
1.558848953247070312e+01 8.550964875990817449e-01
1.568873786926269531e+01 8.805031859362615343e-01
1.578898429870605469e+01 8.879369370040799403e-01
1.588923263549804688e+01 8.885542828831056728e-01
1.598948097229003906e+01 8.541625558524381656e-01
1.608972740173339844e+01 8.422802030230346348e-01
1.618997573852539062e+01 8.722608520791936826e-01
1.629022216796875000e+01 8.815049439971532896e-01
1.639047050476074219e+01 8.412158378073050224e-01
1.649071884155273438e+01 9.003520119007677458e-01
1.659096527099609375e+01 9.051504015386120372e-01
1.669121170043945312e+01 8.752922803766269855e-01
1.679146003723144531e+01 8.777929115499459867e-01
1.689170837402343750e+01 9.416092620469722618e-01
1.699195480346679688e+01 9.591763792655080278e-01
1.709220314025878906e+01 9.106011989373410387e-01
1.719245147705078125e+01 8.563408457603860491e-01
1.729269790649414062e+01 9.382990889667380818e-01
1.739294433593750000e+01 9.646743074135128992e-01
1.749319267272949219e+01 9.504313805305494300e-01
1.759344100952148438e+01 9.246478571371249400e-01
1.769368743896484375e+01 8.750900347366689092e-01
1.779393577575683594e+01 8.914063150788610335e-01
1.789418411254882812e+01 8.907219220460141917e-01
1.799443054199218750e+01 8.716546545237339183e-01
1.809467697143554688e+01 8.943362724220287330e-01
1.819492721557617188e+01 9.504751038366995308e-01
1.829517364501953125e+01 8.857319106336599690e-01
1.839542007446289062e+01 8.751158446750061382e-01
1.849566841125488281e+01 9.053273929913125961e-01
1.859591674804687500e+01 9.367152861215265469e-01
1.869616317749023438e+01 9.551147174894700775e-01
1.879640960693359375e+01 9.505554284700432621e-01
1.889665985107421875e+01 9.386407895693810177e-01
1.899690628051757812e+01 9.287803061098406365e-01
1.909715270996093750e+01 9.643967857634100360e-01
1.919740104675292969e+01 9.911845201067379652e-01
1.929764938354492188e+01 8.964848092558974635e-01
1.939789581298828125e+01 9.479338078275006962e-01
1.949814224243164062e+01 9.294907827592409078e-01
1.959839248657226562e+01 9.260402337057025424e-01
1.969863891601562500e+01 9.831625158632083528e-01
1.979888534545898438e+01 8.533597986007437353e-01
1.989913368225097656e+01 9.475733812009604629e-01
1.999938201904296875e+01 8.867958480723264758e-01
2.009962844848632812e+01 9.140226417327802499e-01
2.019987487792968750e+01 9.049558369548141856e-01
