# d_rho r0	 chi2_before chi2_after Neff
0 -8.0 0.850	8.29989 1.21556 0.32077
1 -8.0 0.875	8.78646 1.24712 0.28042
2 -8.0 0.900	9.45211 1.28908 0.23178
3 -8.0 0.925	10.41174 1.34591 0.17408
4 -8.0 0.950	11.89548 1.42319 0.10947
5 -8.0 0.975	14.45807 1.52301 0.04797
6 -8.0 1.000	19.87941 1.63917 0.01053
7 -8.0 1.025	38.08362 1.96927 0.00139
8 -8.0 1.050	inf inf inf
9 -8.0 1.075	inf inf inf
10 -8.0 1.100	18.37196 9.26705 0.00075
11 -7.0 0.850	7.65744 1.17265 0.37987
12 -7.0 0.875	8.04342 1.19714 0.34331
13 -7.0 0.900	8.56666 1.22965 0.29803
14 -7.0 0.925	9.31014 1.27372 0.24189
15 -7.0 0.950	10.44117 1.33405 0.17360
16 -7.0 0.975	12.33989 1.41347 0.09713
17 -7.0 1.000	16.13049 1.49746 0.03197
18 -7.0 1.025	27.14315 1.57762 0.00530
19 -7.0 1.050	211.46358 1.34333 0.00279
20 -7.0 1.075	inf inf inf
21 -7.0 1.100	19.00937 9.20823 0.00066
22 -6.0 0.850	7.04896 1.13531 0.44134
23 -6.0 0.875	7.37091 1.15351 0.40823
24 -6.0 0.900	7.77483 1.17792 0.36836
25 -6.0 0.925	8.33989 1.21097 0.31751
26 -6.0 0.950	9.18344 1.25641 0.25217
27 -6.0 0.975	10.56383 1.31755 0.17028
28 -6.0 1.000	13.18055 1.38545 0.08069
29 -6.0 1.025	19.86987 1.40581 0.02075
30 -6.0 1.050	65.68861 1.18866 0.01059
31 -6.0 1.075	inf inf inf
32 -6.0 1.100	19.89879 9.00273 0.00043
33 -5.0 0.850	6.52882 1.10262 0.49991
34 -5.0 0.875	6.74915 1.11605 0.47440
35 -5.0 0.900	7.04348 1.13372 0.44181
36 -5.0 0.925	7.48387 1.15722 0.39736
37 -5.0 0.950	8.09671 1.18984 0.34039
38 -5.0 0.975	9.07304 1.23434 0.26390
39 -5.0 1.000	10.84204 1.28721 0.16531
40 -5.0 1.025	14.89801 1.30382 0.06800
41 -5.0 1.050	31.99792 1.14603 0.03822
42 -5.0 1.075	inf inf inf
43 -5.0 1.100	21.26003 8.65558 0.00025
44 -4.0 0.850	6.05377 1.07459 0.55667
45 -4.0 0.875	6.21348 1.08387 0.53710
46 -4.0 0.900	6.42465 1.09598 0.51199
47 -4.0 0.925	6.71391 1.11216 0.47901
48 -4.0 0.950	7.15071 1.13397 0.43305
49 -4.0 0.975	7.82002 1.16398 0.37006
50 -4.0 1.000	8.97280 1.20110 0.28181
51 -4.0 1.025	11.38746 1.21928 0.17061
52 -4.0 1.050	18.61925 1.11239 0.12178
53 -4.0 1.075	inf inf inf
54 -4.0 1.100	23.60115 8.24125 0.00019
55 -3.0 0.850	5.62142 1.05091 0.61051
56 -3.0 0.875	5.72900 1.05687 0.59679
57 -3.0 0.900	5.87015 1.06457 0.57921
58 -3.0 0.925	6.06202 1.07472 0.55609
59 -3.0 0.950	6.33555 1.08835 0.52472
60 -3.0 0.975	6.75092 1.10665 0.48068
61 -3.0 1.000	7.47026 1.12898 0.41544
62 -3.0 1.025	8.83462 1.14216 0.32716
63 -3.0 1.050	12.01155 1.07832 0.29292
64 -3.0 1.075	1674.21792 0.98122 0.06821
65 -3.0 1.100	27.91039 7.72240 0.00016
66 -2.0 0.850	5.22897 1.03124 0.66049
67 -2.0 0.875	5.29264 1.03465 0.65219
68 -2.0 0.900	5.37565 1.03899 0.64162
69 -2.0 0.925	5.48740 1.04459 0.62789
70 -2.0 0.950	5.64437 1.05190 0.60954
71 -2.0 0.975	5.87796 1.06131 0.58434
72 -2.0 1.000	6.25478 1.07219 0.54928
73 -2.0 1.025	6.93250 1.07709 0.50582
74 -2.0 1.050	8.22755 1.04053 0.52654
75 -2.0 1.075	1168.65642 1.32557 0.21880
76 -2.0 1.100	36.35549 7.06342 0.00013
77 -1.0 0.850	4.87347 1.01527 0.70592
78 -1.0 0.875	4.90060 1.01681 0.70232
79 -1.0 0.900	4.93593 1.01872 0.69785
80 -1.0 0.925	4.98321 1.02109 0.69225
81 -1.0 0.950	5.04880 1.02399 0.68521
82 -1.0 0.975	5.14409 1.02733 0.67656
83 -1.0 1.000	5.29097 1.03022 0.66728
84 -1.0 1.025	5.53048 1.02828 0.66619
85 -1.0 1.050	5.86777 1.00682 0.73465
86 -1.0 1.075	59.66166 0.98147 0.29023
87 -1.0 1.100	54.33276 6.48847 0.00011
88 0.0 0.850	4.55222 1.00270 0.74627
89 0.0 0.875	4.54937 1.00297 0.74648
90 0.0 0.900	4.54624 1.00328 0.74689
91 0.0 0.925	4.54266 1.00357 0.74769
92 0.0 0.950	4.53819 1.00375 0.74933
93 0.0 0.975	4.53164 1.00352 0.75292
94 0.0 1.000	4.51913 1.00209 0.76155
95 0.0 1.025	4.48381 0.99725 0.78529
96 0.0 1.050	4.35289 0.98642 0.84689
97 0.0 1.075	19.13946 0.98787 0.28423
98 0.0 1.100	99.80997 7.09346 0.00018
99 1.0 0.850	4.26254 0.99325 0.78122
100 1.0 0.875	4.23553 0.99280 0.78425
101 1.0 0.900	4.20203 0.99222 0.78814
102 1.0 0.925	4.15932 0.99144 0.79333
103 1.0 0.950	4.10282 0.99034 0.80055
104 1.0 0.975	4.02434 0.98872 0.81118
105 1.0 1.000	3.90764 0.98624 0.82789
106 1.0 1.025	3.71724 0.98291 0.85450
107 1.0 1.050	3.40295 0.98453 0.85850
108 1.0 1.075	11.10781 1.00608 0.22939
109 1.0 1.100	241.95521 9.01224 0.00022
110 2.0 0.850	4.00228 0.98667 0.81057
111 2.0 0.875	3.95623 0.98596 0.81539
112 2.0 0.900	3.89940 0.98512 0.82135
113 2.0 0.925	3.82759 0.98414 0.82885
114 2.0 0.950	3.73418 0.98300 0.83846
115 2.0 0.975	3.60805 0.98181 0.85090
116 2.0 1.000	3.42993 0.98107 0.86623
117 2.0 1.025	3.16783 0.98332 0.87735
118 2.0 1.050	2.84196 1.00196 0.80178
119 2.0 1.075	8.28944 1.04358 0.15354
120 2.0 1.100	inf inf inf
121 3.0 0.850	3.76902 0.98274 0.83433
122 3.0 0.875	3.70843 0.98218 0.83994
123 3.0 0.900	3.63436 0.98163 0.84657
124 3.0 0.925	3.54201 0.98119 0.85440
125 3.0 0.950	3.42427 0.98106 0.86344
126 3.0 0.975	3.27010 0.98183 0.87302
127 3.0 1.000	3.06320 0.98512 0.87934
128 3.0 1.025	2.78842 0.99643 0.86317
129 3.0 1.050	2.55148 1.03684 0.71066
130 3.0 1.075	7.11051 1.10903 0.09957
131 3.0 1.100	inf inf inf
132 4.0 0.850	3.56062 0.98123 0.85262
133 4.0 0.875	3.48943 0.98118 0.85806
134 4.0 0.900	3.40338 0.98140 0.86409
135 4.0 0.925	3.29778 0.98213 0.87048
136 4.0 0.950	3.16607 0.98391 0.87642
137 4.0 0.975	2.99938 0.98790 0.87943
138 4.0 1.000	2.78832 0.99711 0.87144
139 4.0 1.025	2.54118 1.02028 0.82289
140 4.0 1.050	2.45166 1.08648 0.60958
141 4.0 1.075	6.63057 1.20034 0.06594
142 4.0 1.100	inf inf inf
143 5.0 0.850	3.37517 0.98195 0.86564
144 5.0 0.875	3.29679 0.98273 0.87008
145 5.0 0.900	3.20325 0.98413 0.87439
146 5.0 0.925	3.09045 0.98659 0.87784
147 5.0 0.950	2.95327 0.99102 0.87867
148 5.0 0.975	2.78632 0.99929 0.87246
149 5.0 1.000	2.58931 1.01593 0.84724
150 5.0 1.025	2.39653 1.05317 0.76646
151 5.0 1.050	2.47991 1.14831 0.51269
152 5.0 1.075	6.49466 1.31195 0.04421
153 5.0 1.100	inf inf inf
154 6.0 0.850	3.21134 0.98472 0.87367
155 6.0 0.875	3.12869 0.98662 0.87638
156 6.0 0.900	3.03145 0.98955 0.87805
157 6.0 0.925	2.91648 0.99421 0.87739
158 6.0 0.950	2.78063 1.00191 0.87166
159 6.0 0.975	2.62288 1.01534 0.85464
160 6.0 1.000	2.45302 1.04063 0.81128
161 6.0 1.025	2.33089 1.09363 0.70184
162 6.0 1.050	2.59338 1.22021 0.42676
163 6.0 1.075	6.52350 1.44382 0.03006
164 6.0 1.100	195.95730 1.46619 0.00189
165 7.0 0.850	3.06622 0.98940 0.87714
166 7.0 0.875	2.98191 0.99264 0.87750
167 7.0 0.900	2.88427 0.99742 0.87580
168 7.0 0.925	2.77140 1.00468 0.87017
169 7.0 0.950	2.64249 1.01619 0.85694
170 7.0 0.975	2.50132 1.03548 0.82842
171 7.0 1.000	2.36801 1.07039 0.76755
172 7.0 1.025	2.32185 1.14061 0.63506
173 7.0 1.050	2.76507 1.30013 0.35369
174 7.0 1.075	6.61870 1.59880 0.02127
175 7.0 1.100	43.46231 1.47055 0.00752
176 8.0 0.850	2.93890 0.99582 0.87639
177 8.0 0.875	2.85510 1.00063 0.87394
178 8.0 0.900	2.75981 1.00752 0.86833
179 8.0 0.925	2.65251 1.01772 0.85718
180 8.0 0.950	2.53495 1.03348 0.83601
181 8.0 0.975	2.41583 1.05923 0.79604
182 8.0 1.000	2.32533 1.10451 0.71936
183 8.0 1.025	2.36101 1.19283 0.56942
184 8.0 1.050	2.96465 1.38776 0.29412
185 8.0 1.075	6.73390 1.77669 0.01604
186 8.0 1.100	30.18490 1.61048 0.01344
187 9.0 0.850	2.82791 1.00386 0.87184
188 9.0 0.875	2.74650 1.01042 0.86624
189 9.0 0.900	2.65586 1.01966 0.85638
190 9.0 0.925	2.55694 1.03309 0.83941
191 9.0 0.950	2.45417 1.05348 0.81024
192 9.0 0.975	2.36112 1.08615 0.75946
193 9.0 1.000	2.31745 1.14240 0.66927
194 9.0 1.025	2.43846 1.24948 0.50791
195 9.0 1.050	3.18778 1.48094 0.24582
196 9.0 1.075	6.85705 1.97412 0.01305
197 9.0 1.100	30.62152 1.79297 0.01355
198 10.0 0.850	2.73192 1.01339 0.86393
199 10.0 0.875	2.65448 1.02187 0.85494
200 10.0 0.900	2.57039 1.03365 0.84063
201 10.0 0.925	2.48214 1.05057 0.81779
202 10.0 0.950	2.39680 1.07589 0.78091
203 10.0 0.975	2.33262 1.11586 0.72032
204 10.0 1.000	2.33257 1.18377 0.61941
205 10.0 1.025	2.54256 1.30992 0.45170
206 10.0 1.050	3.42156 1.57910 0.20734
207 10.0 1.075	6.98686 2.18650 0.01152
208 10.0 1.100	33.46914 1.84186 0.01217
209 11.0 0.850	2.64967 1.02431 0.85306
210 11.0 0.875	2.57755 1.03484 0.84057
211 11.0 0.900	2.50158 1.04934 0.82178
212 11.0 0.925	2.42581 1.06995 0.79320
213 11.0 0.950	2.35988 1.10047 0.74910
214 11.0 0.975	2.32656 1.14804 0.67997
215 11.0 1.000	2.37387 1.22780 0.57061
216 11.0 1.025	2.66653 1.37355 0.40133
217 11.0 1.050	3.65993 1.68142 0.17699
218 11.0 1.075	7.12853 2.40817 0.01096
219 11.0 1.100	36.77812 1.82792 0.01002
220 12.0 0.850	2.58004 1.03650 0.83964
221 12.0 0.875	2.51435 1.04921 0.82362
222 12.0 0.900	2.44777 1.06658 0.80042
223 12.0 0.925	2.38590 1.09106 0.76639
224 12.0 0.950	2.34095 1.12698 0.71575
225 12.0 0.975	2.34232 1.18229 0.63943
226 12.0 1.000	2.43601 1.27421 0.52426
227 12.0 1.025	2.80524 1.43985 0.35686
228 12.0 1.050	3.89905 1.78706 0.15317
229 12.0 1.075	7.28555 2.63307 0.01110
230 12.0 1.100	37.84315 1.78670 0.00484
231 13.0 0.850	2.52198 1.04987 0.82406
232 13.0 0.875	2.46364 1.06488 0.80457
233 13.0 0.900	2.40749 1.08524 0.77714
234 13.0 0.925	2.36075 1.11374 0.73805
235 13.0 0.950	2.33752 1.15523 0.68164
236 13.0 0.975	2.36454 1.21890 0.59984
237 13.0 1.000	2.51275 1.32274 0.48077
238 13.0 1.025	2.95506 1.50833 0.31810
239 13.0 1.050	4.13643 1.89500 0.13443
240 13.0 1.075	7.45666 2.85606 0.01175
241 13.0 1.100	36.39588 1.85869 0.00208
242 14.0 0.850	2.47451 1.06435 0.80669
243 14.0 0.875	2.42429 1.08174 0.78384
244 14.0 0.900	2.37956 1.10520 0.75243
245 14.0 0.925	2.34830 1.13785 0.70874
246 14.0 0.950	2.35048 1.18493 0.64736
247 14.0 0.975	2.40494 1.25696 0.56107
248 14.0 1.000	2.60209 1.37306 0.44054
249 14.0 1.025	3.11319 1.57847 0.28451
250 14.0 1.050	4.37033 2.00409 0.11951
251 14.0 1.075	7.63843 3.07282 0.01281
252 14.0 1.100	33.09812 2.13535 0.00119
253 15.0 0.850	2.43675 1.07984 0.78786
254 15.0 0.875	2.39548 1.09969 0.76182
255 15.0 0.900	2.36231 1.12635 0.72673
256 15.0 0.925	2.35034 1.16315 0.67892
257 15.0 0.950	2.37241 1.21613 0.61351
258 15.0 0.975	2.45732 1.29651 0.52393
259 15.0 1.000	2.70108 1.42493 0.40362
260 15.0 1.025	3.27631 1.64943 0.25457
261 15.0 1.050	4.59895 2.11322 0.10755
262 15.0 1.075	7.82566 3.27947 0.01411
263 15.0 1.100	29.45092 2.57555 0.00094
264 16.0 0.850	2.40813 1.09628 0.76787
265 16.0 0.875	2.37577 1.11867 0.73885
266 16.0 0.900	2.35495 1.14860 0.70043
267 16.0 0.925	2.35974 1.18971 0.64910
268 16.0 0.950	2.40454 1.24870 0.58078
269 16.0 0.975	2.51978 1.33738 0.48873
270 16.0 1.000	2.80771 1.47812 0.36999
271 16.0 1.025	3.43951 1.72215 0.22917
272 16.0 1.050	4.82172 2.22155 0.09770
273 16.0 1.075	8.01061 3.47251 0.01552
274 16.0 1.100	26.39156 3.07464 0.00086
275 17.0 0.850	2.38735 1.11359 0.74701
276 17.0 0.875	2.36458 1.13858 0.71525
277 17.0 0.900	2.35939 1.17174 0.67380
278 17.0 0.925	2.37812 1.21734 0.61956
279 17.0 0.950	2.43828 1.28258 0.54860
280 17.0 0.975	2.59113 1.37936 0.45566
281 17.0 1.000	2.92075 1.53236 0.33958
282 17.0 1.025	3.60266 1.79597 0.20685
283 17.0 1.050	5.03788 2.32844 0.08948
284 17.0 1.075	8.19336 3.65131 0.01683
285 17.0 1.100	23.98075 3.56850 0.00083
286 18.0 0.850	2.37403 1.13173 0.72553
287 18.0 0.875	2.36160 1.15934 0.69129
288 18.0 0.900	2.36889 1.19590 0.64724
289 18.0 0.925	2.40443 1.24593 0.59054
290 18.0 0.950	2.48476 1.31727 0.51765
291 18.0 0.975	2.66916 1.42236 0.42473
292 18.0 1.000	3.03777 1.58755 0.31207
293 18.0 1.025	3.76392 1.87161 0.18903
294 18.0 1.050	5.24662 2.43345 0.08258
295 18.0 1.075	8.36825 3.81522 0.01795
296 18.0 1.100	22.11120 4.02444 0.00081
297 19.0 0.850	2.36758 1.15061 0.70363
298 19.0 0.875	2.36778 1.18082 0.66711
299 19.0 0.900	2.38548 1.22089 0.62092
300 19.0 0.925	2.43773 1.27539 0.56227
301 19.0 0.950	2.53828 1.35286 0.48809
302 19.0 0.975	2.75274 1.46622 0.39596
303 19.0 1.000	3.15878 1.64338 0.28741
304 19.0 1.025	3.92860 1.94583 0.17272
305 19.0 1.050	5.44818 2.53637 0.07669
306 19.0 1.075	8.53570 3.96560 0.01883
307 19.0 1.100	20.66964 4.43084 0.00078
308 20.0 0.850	2.37034 1.17010 0.68146
309 20.0 0.875	2.37781 1.20312 0.64306
310 20.0 0.900	2.40841 1.24665 0.59501
311 20.0 0.925	2.47288 1.30600 0.53526
312 20.0 0.950	2.59891 1.38918 0.46012
313 20.0 0.975	2.84091 1.51082 0.36931
314 20.0 1.000	3.28536 1.69927 0.26558
315 20.0 1.025	4.09189 2.01991 0.15851
316 20.0 1.050	5.64242 2.63704 0.07161
317 20.0 1.075	8.69651 4.10417 0.01944
318 20.0 1.100	19.55493 4.78784 0.00074
319 21.0 0.850	2.37591 1.19034 0.65931
320 21.0 0.875	2.39357 1.22610 0.61923
321 21.0 0.900	2.43701 1.27311 0.56966
322 21.0 0.925	2.51460 1.33713 0.50872
323 21.0 0.950	2.66340 1.42626 0.43359
324 21.0 0.975	2.93276 1.55605 0.34468
325 21.0 1.000	3.41300 1.75487 0.24460
326 21.0 1.025	4.25326 2.09368 0.14609
327 21.0 1.050	5.82941 2.73540 0.06722
328 21.0 1.075	8.84822 4.23174 0.01980
329 21.0 1.100	inf inf inf
