# d_rho r0	 CHI2_before CHI2_after PHI_eff
0 -8.0 0.850	11.9205 4.2028 0.2236
1 -8.0 0.875	12.6194 4.4410 0.1999
2 -8.0 0.900	13.5948 4.7606 0.1708
3 -8.0 0.925	15.0175 5.2057 0.1357
4 -8.0 0.950	17.2300 5.8564 0.0947
5 -8.0 0.975	21.0246 6.8869 0.0526
6 -8.0 1.000	28.5585 8.7064 0.0183
7 -8.0 1.025	48.5922 12.6629 0.0028
8 -8.0 1.050	155.9307 27.2920 0.0006
9 -8.0 1.075	2679.4275 5.4223 0.0619
10 -8.0 1.100	265.3758 130.3151 0.0002
11 -7.0 0.850	10.6475 3.7434 0.2621
12 -7.0 0.875	11.1543 3.9192 0.2405
13 -7.0 0.900	11.8576 4.1534 0.2130
14 -7.0 0.925	12.8830 4.4763 0.1783
15 -7.0 0.950	14.4654 4.9414 0.1351
16 -7.0 0.975	17.1448 5.6556 0.0848
17 -7.0 1.000	22.3848 6.8702 0.0363
18 -7.0 1.025	35.8141 9.3031 0.0068
19 -7.0 1.050	100.9791 17.2089 0.0009
20 -7.0 1.075	2792.6740 2.7056 0.0239
21 -7.0 1.100	240.6516 117.1792 0.0004
22 -6.0 0.850	9.5043 3.3255 0.3031
23 -6.0 0.875	9.8482 3.4479 0.2847
24 -6.0 0.900	10.3203 3.6091 0.2604
25 -6.0 0.925	11.0051 3.8283 0.2282
26 -6.0 0.950	12.0637 4.1392 0.1859
27 -6.0 0.975	13.8327 4.6014 0.1314
28 -6.0 1.000	17.2393 5.3453 0.0693
29 -6.0 1.025	25.6623 6.6985 0.0187
30 -6.0 1.050	64.0568 10.0429 0.0019
31 -6.0 1.075	4185.7923 16.5879 0.0033
32 -6.0 1.100	215.9472 101.4392 0.0006
33 -5.0 0.850	8.4822 2.9472 0.3456
34 -5.0 0.875	8.6820 3.0232 0.3308
35 -5.0 0.900	8.9642 3.1232 0.3112
36 -5.0 0.925	9.3726 3.2574 0.2842
37 -5.0 0.950	9.9998 3.4427 0.2468
38 -5.0 0.975	11.0416 3.7065 0.1942
39 -5.0 1.000	13.0127 4.0958 0.1243
40 -5.0 1.025	17.7577 4.6932 0.0496
41 -5.0 1.050	38.6596 5.4472 0.0071
42 -5.0 1.075	48258.8468 24.8783 0.0029
43 -5.0 1.100	193.5013 83.1773 0.0006
44 -4.0 0.850	7.5706 2.6067 0.3886
45 -4.0 0.875	7.6586 2.6446 0.3785
46 -4.0 0.900	7.7838 2.6940 0.3645
47 -4.0 0.925	7.9666 2.7588 0.3446
48 -4.0 0.950	8.2554 2.8445 0.3158
49 -4.0 0.975	8.7313 2.9564 0.2724
50 -4.0 1.000	9.6239 3.0924 0.2075
51 -4.0 1.025	11.7404 3.1970 0.1191
52 -4.0 1.050	21.1578 2.8252 0.0384
53 -4.0 1.075	6354.4273 2.8030 0.0064
54 -4.0 1.100	171.6312 63.2634 0.0006
55 -3.0 0.850	6.7739 2.3029 0.4315
56 -3.0 0.875	6.7670 2.3094 0.4262
57 -3.0 0.900	6.7660 2.3180 0.4184
58 -3.0 0.925	6.7760 2.3281 0.4070
59 -3.0 0.950	6.7952 2.3371 0.3893
60 -3.0 0.975	6.8651 2.3383 0.3623
61 -3.0 1.000	6.9875 2.3014 0.3178
62 -3.0 1.025	7.3437 2.1268 0.2499
63 -3.0 1.050	9.7775 1.4605 0.1838
64 -3.0 1.075	1441.7748 1.1588 0.0015
65 -3.0 1.100	148.1023 43.0543 0.0007
66 -2.0 0.850	6.0811 2.0337 0.4729
67 -2.0 0.875	6.0033 2.0157 0.4725
68 -2.0 0.900	5.9102 1.9928 0.4713
69 -2.0 0.925	5.7909 1.9618 0.4689
70 -2.0 0.950	5.6315 1.9159 0.4645
71 -2.0 0.975	5.4063 1.8400 0.4572
72 -2.0 1.000	5.0262 1.6959 0.4452
73 -2.0 1.025	4.3494 1.3891 0.4386
74 -2.0 1.050	3.4307 0.7892 0.5319
75 -2.0 1.075	686.3950 4.3203 0.0008
76 -2.0 1.100	122.7360 23.9664 0.0009
77 -1.0 0.850	5.4908 1.7979 0.5120
78 -1.0 0.875	5.3626 1.7613 0.5162
79 -1.0 0.900	5.1978 1.7153 0.5210
80 -1.0 0.925	4.9924 1.6552 0.5270
81 -1.0 0.950	4.7135 1.5723 0.5350
82 -1.0 0.975	4.3115 1.4498 0.5475
83 -1.0 1.000	3.6769 1.2532 0.5719
84 -1.0 1.025	2.5623 0.9191 0.6409
85 -1.0 1.050	0.9753 0.5398 0.8841
86 -1.0 1.075	464.5569 12.3331 0.0006
87 -1.0 1.100	95.0408 9.2404 0.0015
88 0.0 0.850	4.9951 1.5938 0.5479
89 0.0 0.875	4.8319 1.5441 0.5557
90 0.0 0.900	4.6328 1.4826 0.5654
91 0.0 0.925	4.3744 1.4046 0.5785
92 0.0 0.950	4.0342 1.3011 0.5966
93 0.0 0.975	3.5624 1.1580 0.6247
94 0.0 1.000	2.8627 0.9519 0.6752
95 0.0 1.025	1.7970 0.6674 0.7886
96 0.0 1.050	1.4074 0.5745 0.9146
97 0.0 1.075	370.5959 23.9671 0.0005
98 0.0 1.100	65.2992 2.1231 0.0070
99 1.0 0.850	4.5946 1.4195 0.5793
100 1.0 0.875	4.4115 1.3620 0.5900
101 1.0 0.900	4.1943 1.2922 0.6034
102 1.0 0.925	3.9242 1.2058 0.6209
103 1.0 0.950	3.5766 1.0963 0.6451
104 1.0 0.975	3.1227 0.9548 0.6808
105 1.0 1.000	2.5276 0.7745 0.7388
106 1.0 1.025	1.9043 0.5912 0.8314
107 1.0 1.050	3.9181 0.8106 0.6500
108 1.0 1.075	315.1554 36.2166 0.0005
109 1.0 1.100	32.8760 0.9554 0.1130
110 2.0 0.850	4.2715 1.2740 0.6061
111 2.0 0.875	4.0962 1.2131 0.6181
112 2.0 0.900	3.8820 1.1414 0.6334
113 2.0 0.925	3.6241 1.0553 0.6525
114 2.0 0.950	3.3194 0.9520 0.6775
115 2.0 0.975	2.9635 0.8301 0.7110
116 2.0 1.000	2.6105 0.7018 0.7531
117 2.0 1.025	2.7232 0.6495 0.7623
118 2.0 1.050	7.9589 1.2174 0.3457
119 2.0 1.075	286.3732 48.5203 0.0005
120 2.0 1.100	19.1493 0.7028 0.1655
121 3.0 0.850	4.0435 1.1550 0.6268
122 3.0 0.875	3.8754 1.0954 0.6393
123 3.0 0.900	3.6827 1.0270 0.6543
124 3.0 0.925	3.4722 0.9489 0.6718
125 3.0 0.950	3.2485 0.8620 0.6922
126 3.0 0.975	3.0581 0.7731 0.7123
127 3.0 1.000	3.0576 0.7143 0.7179
128 3.0 1.025	4.1632 0.8110 0.6163
129 3.0 1.050	13.1367 1.8099 0.1509
130 3.0 1.075	266.4503 59.8695 0.0007
131 3.0 1.100	106.9070 0.8175 0.0132
132 4.0 0.850	3.8872 1.0615 0.6419
133 4.0 0.875	3.7493 1.0063 0.6528
134 4.0 0.900	3.6007 0.9461 0.6652
135 4.0 0.925	3.4576 0.8820 0.6778
136 4.0 0.950	3.3485 0.8192 0.6879
137 4.0 0.975	3.3731 0.7734 0.6858
138 4.0 1.000	3.8596 0.7917 0.6378
139 4.0 1.025	6.1763 1.0566 0.4447
140 4.0 1.050	19.1644 2.6155 0.0584
141 4.0 1.075	256.3785 69.3520 0.0006
142 4.0 1.100	573.7280 10.3914 0.0007
143 5.0 0.850	3.8105 0.9912 0.6504
144 5.0 0.875	3.7085 0.9439 0.6586
145 5.0 0.900	3.6149 0.8957 0.6663
146 5.0 0.925	3.5605 0.8502 0.6706
147 5.0 0.950	3.6012 0.8174 0.6655
148 5.0 0.975	3.9118 0.8192 0.6325
149 5.0 1.000	4.9709 0.9253 0.5327
150 5.0 1.025	8.6849 1.3820 0.2925
151 5.0 1.050	25.8228 3.6893 0.0223
152 5.0 1.075	254.7705 77.2607 0.0005
153 5.0 1.100	2370.2265 82.3338 0.0005
154 6.0 0.850	3.8022 0.9424 0.6523
155 6.0 0.875	3.7456 0.9058 0.6566
156 6.0 0.900	3.7240 0.8724 0.6573
157 6.0 0.925	3.7811 0.8488 0.6500
158 6.0 0.950	4.0105 0.8489 0.6250
159 6.0 0.975	4.6541 0.9041 0.5603
160 6.0 1.000	6.3846 1.1065 0.4193
161 6.0 1.025	11.6231 1.7860 0.1784
162 6.0 1.050	32.9775 5.0997 0.0094
163 6.0 1.075	256.9395 84.3153 0.0003
164 6.0 1.100	6764.4950 310.0197 0.0004
165 7.0 0.850	3.8551 0.9138 0.6481
166 7.0 0.875	3.8606 0.8889 0.6461
167 7.0 0.900	3.9259 0.8728 0.6380
168 7.0 0.925	4.1182 0.8731 0.6164
169 7.0 0.950	4.5669 0.9092 0.5702
170 7.0 0.975	5.5927 1.0235 0.4778
171 7.0 1.000	8.0773 1.3321 0.3130
172 7.0 1.025	14.9329 2.2704 0.1026
173 7.0 1.050	40.5218 6.8811 0.0047
174 7.0 1.075	258.9621 90.4209 0.0002
175 7.0 1.100	2439.2795 793.9488 0.0003
176 8.0 0.850	3.9763 0.9020 0.6364
177 8.0 0.875	4.0464 0.8915 0.6279
178 8.0 0.900	4.2161 0.8935 0.6089
179 8.0 0.925	4.5617 0.9205 0.5727
180 8.0 0.950	5.2671 0.9948 0.5058
181 8.0 0.975	6.7278 1.1723 0.3921
182 8.0 1.000	10.0113 1.6041 0.2245
183 8.0 1.025	18.5566 2.8413 0.0568
184 8.0 1.050	48.3623 9.0251 0.0027
185 8.0 1.075	259.4244 96.2158 0.0002
186 8.0 1.100	1767.0232 1093.2775 0.0002
187 9.0 0.850	4.1561 0.9066 0.6186
188 9.0 0.875	4.3096 0.9105 0.6015
189 9.0 0.900	4.5955 0.9325 0.5715
190 9.0 0.925	5.1227 0.9866 0.5200
191 9.0 0.950	6.1056 1.1034 0.4368
192 9.0 0.975	8.0342 1.3518 0.3122
193 9.0 1.000	12.1823 1.9159 0.1540
194 9.0 1.025	22.4400 3.5083 0.0309
195 9.0 1.050	56.4876 11.4936 0.0019
196 9.0 1.075	262.4682 102.1143 0.0001
197 9.0 1.100	1814.3589 1135.3325 0.0002
198 10.0 0.850	4.3975 0.9251 0.5945
199 10.0 0.875	4.6413 0.9444 0.5686
200 10.0 0.900	5.0605 0.9873 0.5272
201 10.0 0.925	5.7831 1.0718 0.4632
202 10.0 0.950	7.0692 1.2347 0.3687
203 10.0 0.975	9.5111 1.5576 0.2404
204 10.0 1.000	14.5505 2.2727 0.1025
205 10.0 1.025	26.5450 4.2870 0.0170
206 10.0 1.050	64.8413 14.2342 0.0014
207 10.0 1.075	266.0658 107.9669 0.0001
208 10.0 1.100	1648.6572 1096.5592 0.0004
209 11.0 0.850	4.7003 0.9558 0.5644
210 11.0 0.875	5.0470 0.9918 0.5300
211 11.0 0.900	5.6095 1.0572 0.4786
212 11.0 0.925	6.5484 1.1733 0.4042
213 11.0 0.950	8.1568 1.3874 0.3045
214 11.0 0.975	11.1307 1.7951 0.1815
215 11.0 1.000	17.0964 2.6766 0.0667
216 11.0 1.025	30.8498 5.1957 0.0098
217 11.0 1.050	73.2880 17.1953 0.0011
218 11.0 1.075	269.9675 113.7061 0.0001
219 11.0 1.100	1598.7482 1155.4815 0.0003
220 12.0 0.850	5.0653 0.9975 0.5294
221 12.0 0.875	5.5233 1.0513 0.4873
222 12.0 0.900	6.2401 1.1412 0.4281
223 12.0 0.925	7.4027 1.2931 0.3477
224 12.0 0.950	9.3684 1.5586 0.2456
225 12.0 0.975	12.8986 2.0569 0.1331
226 12.0 1.000	19.8009 3.1321 0.0429
227 12.0 1.025	35.3102 6.2399 0.0060
228 12.0 1.050	81.8483 20.3220 0.0010
229 12.0 1.075	274.0887 119.2975 0.0001
230 12.0 1.100	1678.1902 1224.3677 0.0001
231 13.0 0.850	5.4857 1.0504 0.4915
232 13.0 0.875	6.0625 1.1230 0.4427
233 13.0 0.900	6.9515 1.2381 0.3770
234 13.0 0.925	8.3595 1.4263 0.2929
235 13.0 0.950	10.6886 1.7496 0.1943
236 13.0 0.975	14.7929 2.3471 0.0957
237 13.0 1.000	22.6432 3.6405 0.0274
238 13.0 1.025	39.9540 7.4371 0.0039
239 13.0 1.050	90.3200 23.5631 0.0008
240 13.0 1.075	278.5552 124.7332 0.0002
241 13.0 1.100	1709.6473 1220.9756 0.0001
242 14.0 0.850	5.9625 1.1135 0.4515
243 14.0 0.875	6.6725 1.2049 0.3967
244 14.0 0.900	7.7357 1.3481 0.3277
245 14.0 0.925	9.3936 1.5779 0.2442
246 14.0 0.950	12.1088 1.9618 0.1515
247 14.0 0.975	16.7986 2.6691 0.0680
248 14.0 1.000	25.6115 4.2150 0.0177
249 14.0 1.025	44.7681 8.7819 0.0028
250 14.0 1.050	98.6220 26.8876 0.0007
251 14.0 1.075	283.5735 130.0000 0.0002
252 14.0 1.100	inf inf inf
253 15.0 0.850	6.4988 1.1853 0.4099
254 15.0 0.875	7.3428 1.2980 0.3517
255 15.0 0.900	8.5952 1.4701 0.2810
256 15.0 0.925	10.5309 1.7384 0.1986
257 15.0 0.950	13.6295 2.1906 0.1157
258 15.0 0.975	18.9107 3.0194 0.0475
259 15.0 1.000	28.6826 4.8508 0.0116
260 15.0 1.025	49.7235 10.2612 0.0022
261 15.0 1.050	106.7483 30.2828 0.0006
262 15.0 1.075	288.6367 135.0074 0.0002
263 15.0 1.100	inf inf inf
264 16.0 0.850	7.0840 1.2672 0.3691
265 16.0 0.875	8.0720 1.4023 0.3088
266 16.0 0.900	9.5232 1.6042 0.2380
267 16.0 0.925	11.7319 1.9188 0.1608
268 16.0 0.950	15.2337 2.4422 0.0875
269 16.0 0.975	21.1157 3.4116 0.0335
270 16.0 1.000	31.8778 5.5714 0.0079
271 16.0 1.025	54.7454 11.8593 0.0017
272 16.0 1.050	114.6289 33.7387 0.0006
273 16.0 1.075	293.7764 139.6588 0.0003
274 16.0 1.100	inf inf inf
275 17.0 0.850	7.7241 1.3575 0.3290
276 17.0 0.875	8.8654 1.5148 0.2675
277 17.0 0.900	10.5206 1.7496 0.1991
278 17.0 0.925	13.0133 2.1106 0.1278
279 17.0 0.950	16.9185 2.7150 0.0656
280 17.0 0.975	23.4041 3.8338 0.0233
281 17.0 1.000	35.1455 6.3605 0.0055
282 17.0 1.025	60.0379 13.5665 0.0014
283 17.0 1.050	122.2421 37.2412 0.0005
284 17.0 1.075	299.2122 143.9916 0.0003
285 17.0 1.100	inf inf inf
286 18.0 0.850	8.4166 1.4559 0.2902
287 18.0 0.875	9.7099 1.6391 0.2302
288 18.0 0.900	11.5790 1.9072 0.1649
289 18.0 0.925	14.3588 2.3218 0.1013
290 18.0 0.950	18.6763 3.0083 0.0486
291 18.0 0.975	25.7825 4.3054 0.0166
292 18.0 1.000	38.5309 7.2383 0.0041
293 18.0 1.025	65.3629 15.3610 0.0012
294 18.0 1.050	129.5585 40.7742 0.0005
295 18.0 1.075	304.7577 148.0467 0.0004
296 18.0 1.100	2704.6107 679.2641 0.0002
297 19.0 0.850	9.1569 1.5634 0.2542
298 19.0 0.875	10.6162 1.7709 0.1955
299 19.0 0.900	12.6941 2.0776 0.1355
300 19.0 0.925	15.7708 2.5460 0.0792
301 19.0 0.950	20.5027 3.3298 0.0361
302 19.0 0.975	28.2081 4.8083 0.0117
303 19.0 1.000	41.9995 8.1939 0.0031
304 19.0 1.025	70.6626 17.2326 0.0011
305 19.0 1.050	136.5888 44.3145 0.0005
306 19.0 1.075	310.2678 151.8388 0.0004
307 19.0 1.100	2146.1592 628.9986 0.0002
308 20.0 0.850	9.9460 1.6784 0.2206
309 20.0 0.875	11.5666 1.9146 0.1653
310 20.0 0.900	13.8698 2.2579 0.1100
311 20.0 0.925	17.2430 2.7858 0.0613
312 20.0 0.950	22.3912 3.6708 0.0266
313 20.0 0.975	30.7110 5.3640 0.0085
314 20.0 1.000	45.5720 9.2299 0.0025
315 20.0 1.025	76.0340 19.1763 0.0010
316 20.0 1.050	143.3727 47.8472 0.0005
317 20.0 1.075	315.5608 155.3751 0.0005
318 20.0 1.100	1769.3191 589.8577 0.0002
319 21.0 0.850	10.7659 1.8066 0.1914
320 21.0 0.875	12.5711 2.0656 0.1380
321 21.0 0.900	15.0949 2.4515 0.0888
322 21.0 0.925	18.7673 3.0484 0.0478
323 21.0 0.950	24.3371 4.0467 0.0198
324 21.0 0.975	33.2885 5.9758 0.0064
325 21.0 1.000	49.2363 10.3377 0.0021
326 21.0 1.025	81.4907 21.1867 0.0009
327 21.0 1.050	149.8841 51.3651 0.0005
328 21.0 1.075	320.8001 158.6689 0.0005
329 21.0 1.100	1506.3389 558.3340 0.0003
