# d_rho r0	 CHI2_before CHI2_after PHI_eff
0 -8.0 0.850	5.7447 1.5676 0.3031
1 -8.0 0.875	6.2770 1.6388 0.2492
2 -8.0 0.900	7.0442 1.7318 0.1881
3 -8.0 0.925	8.2560 1.8528 0.1221
4 -8.0 0.950	10.3149 2.0117 0.0611
5 -8.0 0.975	14.4760 2.2102 0.0189
6 -8.0 1.000	25.7464 2.4785 0.0031
7 -8.0 1.025	83.4188 3.4693 0.0010
8 -8.0 1.050	714.8241 13.0929 0.0007
9 -8.0 1.075	2690.3765 136.0366 0.0001
10 -8.0 1.100	43.1096 18.9394 0.0003
11 -7.0 0.850	5.1297 1.4684 0.3791
12 -7.0 0.875	5.5540 1.5224 0.3260
13 -7.0 0.900	6.1294 1.5938 0.2640
14 -7.0 0.925	7.0109 1.6868 0.1919
15 -7.0 0.950	8.4759 1.8063 0.1149
16 -7.0 0.975	11.3184 1.9461 0.0476
17 -7.0 1.000	18.5211 2.0600 0.0104
18 -7.0 1.025	48.4805 2.2605 0.0023
19 -7.0 1.050	6707.3649 3.2249 0.0013
20 -7.0 1.075	1913.4063 90.4899 0.0001
21 -7.0 1.100	47.2294 18.8369 0.0003
22 -6.0 0.850	4.6142 1.3811 0.4579
23 -6.0 0.875	4.9156 1.4227 0.4109
24 -6.0 0.900	5.3145 1.4776 0.3536
25 -6.0 0.925	5.9848 1.5455 0.2797
26 -6.0 0.950	6.9997 1.6351 0.1944
27 -6.0 0.975	8.9068 1.7375 0.1039
28 -6.0 1.000	13.3236 1.8080 0.0341
29 -6.0 1.025	29.4075 1.7516 0.0082
30 -6.0 1.050	752.2098 1.3899 0.0192
31 -6.0 1.075	3326.1068 12.0272 0.0004
32 -6.0 1.100	52.7979 18.6873 0.0003
33 -5.0 0.850	4.1734 1.3054 0.5371
34 -5.0 0.875	4.3884 1.3360 0.4976
35 -5.0 0.900	4.6800 1.3757 0.4476
36 -5.0 0.925	5.1262 1.4262 0.3818
37 -5.0 0.950	5.8299 1.4905 0.2975
38 -5.0 0.975	7.0599 1.5661 0.1957
39 -5.0 1.000	9.7359 1.6173 0.0917
40 -5.0 1.025	18.0926 1.5311 0.0303
41 -5.0 1.050	101.4686 1.1501 0.0477
42 -5.0 1.075	1270.3454 6.0745 0.0004
43 -5.0 1.100	60.6429 18.3782 0.0003
44 -4.0 0.850	3.7832 1.2411 0.6150
45 -4.0 0.875	3.9387 1.2623 0.5836
46 -4.0 0.900	4.1346 1.2900 0.5439
47 -4.0 0.925	4.4325 1.3250 0.4900
48 -4.0 0.950	4.8930 1.3696 0.4174
49 -4.0 0.975	5.6581 1.4225 0.3206
50 -4.0 1.000	7.2202 1.4612 0.2001
51 -4.0 1.025	11.3993 1.3987 0.0954
52 -4.0 1.050	30.5029 1.1355 0.1096
53 -4.0 1.075	568.2716 4.6675 0.0021
54 -4.0 1.100	69.8491 17.7678 0.0003
55 -3.0 0.850	3.4537 1.1864 0.6875
56 -3.0 0.875	3.5489 1.2006 0.6657
57 -3.0 0.900	3.6821 1.2183 0.6364
58 -3.0 0.925	3.8705 1.2410 0.5972
59 -3.0 0.950	4.1559 1.2695 0.5425
60 -3.0 0.975	4.6109 1.3030 0.4651
61 -3.0 1.000	5.4784 1.3285 0.3565
62 -3.0 1.025	7.4476 1.2925 0.2348
63 -3.0 1.050	12.4270 1.1158 0.2489
64 -3.0 1.075	642.6808 8.4096 0.0005
65 -3.0 1.100	78.6127 16.2516 0.0003
66 -2.0 0.850	3.1822 1.1407 0.7525
67 -2.0 0.875	3.2357 1.1491 0.7388
68 -2.0 0.900	3.3114 1.1597 0.7209
69 -2.0 0.925	3.4206 1.1727 0.6962
70 -2.0 0.950	3.5847 1.1885 0.6612
71 -2.0 0.975	3.8228 1.2068 0.6115
72 -2.0 1.000	4.2426 1.2203 0.5385
73 -2.0 1.025	5.0649 1.1988 0.4471
74 -2.0 1.050	6.1478 1.0850 0.4754
75 -2.0 1.075	1527.9485 1.9954 0.0027
76 -2.0 1.100	94.4901 13.3878 0.0002
77 -1.0 0.850	2.9522 1.1036 0.8086
78 -1.0 0.875	2.9758 1.1078 0.8021
79 -1.0 0.900	3.0171 1.1126 0.7929
80 -1.0 0.925	3.0599 1.1188 0.7815
81 -1.0 0.950	3.1440 1.1252 0.7637
82 -1.0 0.975	3.2349 1.1328 0.7418
83 -1.0 1.000	3.4035 1.1356 0.7090
84 -1.0 1.025	3.6576 1.1189 0.6739
85 -1.0 1.050	3.5871 1.0547 0.7278
86 -1.0 1.075	7040.6613 82.5047 0.0008
87 -1.0 1.100	123.2154 9.5857 0.0001
88 0.0 0.850	2.7575 1.0744 0.8555
89 0.0 0.875	2.7639 1.0755 0.8538
90 0.0 0.900	2.7759 1.0766 0.8515
91 0.0 0.925	2.7766 1.0783 0.8499
92 0.0 0.950	2.7980 1.0791 0.8460
93 0.0 0.975	2.8175 1.0791 0.8425
94 0.0 1.000	2.8452 1.0752 0.8397
95 0.0 1.025	2.8281 1.0615 0.8477
96 0.0 1.050	2.6089 1.0295 0.8854
97 0.0 1.075	188.0739 1.0101 0.2895
98 0.0 1.100	182.7679 5.5468 0.0002
99 1.0 0.850	2.6046 1.0523 0.8912
100 1.0 0.875	2.5995 1.0515 0.8926
101 1.0 0.900	2.5856 1.0508 0.8954
102 1.0 0.925	2.5760 1.0493 0.8977
103 1.0 0.950	2.5584 1.0473 0.9018
104 1.0 0.975	2.5324 1.0441 0.9077
105 1.0 1.000	2.4902 1.0385 0.9168
106 1.0 1.025	2.4021 1.0295 0.9293
107 1.0 1.050	2.3747 1.0217 0.8839
108 1.0 1.075	52.3300 1.0385 0.1921
109 1.0 1.100	409.9469 3.7641 0.0003
110 2.0 0.850	2.4809 1.0370 0.9171
111 2.0 0.875	2.4671 1.0355 0.9199
112 2.0 0.900	2.4430 1.0339 0.9238
113 2.0 0.925	2.4225 1.0318 0.9278
114 2.0 0.950	2.3882 1.0295 0.9330
115 2.0 0.975	2.3483 1.0266 0.9381
116 2.0 1.000	2.2934 1.0238 0.9404
117 2.0 1.025	2.2386 1.0243 0.9222
118 2.0 1.050	2.5310 1.0401 0.7604
119 2.0 1.075	27.7559 1.0838 0.1144
120 2.0 1.100	1225.9318 247.3658 0.0003
121 3.0 0.850	2.3834 1.0279 0.9331
122 3.0 0.875	2.3730 1.0265 0.9352
123 3.0 0.900	2.3417 1.0256 0.9383
124 3.0 0.925	2.3183 1.0244 0.9403
125 3.0 0.950	2.2926 1.0236 0.9405
126 3.0 0.975	2.2510 1.0246 0.9374
127 3.0 1.000	2.2175 1.0293 0.9202
128 3.0 1.025	2.2549 1.0452 0.8539
129 3.0 1.050	2.9176 1.0911 0.5954
130 3.0 1.075	20.4492 1.1674 0.0589
131 3.0 1.100	2108.5368 17.1194 0.0004
132 4.0 0.850	2.3212 1.0244 0.9395
133 4.0 0.875	2.3063 1.0243 0.9400
134 4.0 0.900	2.2913 1.0245 0.9392
135 4.0 0.925	2.2667 1.0259 0.9368
136 4.0 0.950	2.2402 1.0293 0.9298
137 4.0 0.975	2.2303 1.0365 0.9122
138 4.0 1.000	2.2412 1.0527 0.8690
139 4.0 1.025	2.4002 1.0901 0.7545
140 4.0 1.050	3.4311 1.1759 0.4441
141 4.0 1.075	17.8058 1.3333 0.0281
142 4.0 1.100	1772.7295 3.5379 0.0004
143 5.0 0.850	2.2926 1.0261 0.9374
144 5.0 0.875	2.2695 1.0280 0.9352
145 5.0 0.900	2.2510 1.0310 0.9304
146 5.0 0.925	2.2450 1.0360 0.9211
147 5.0 0.950	2.2361 1.0450 0.9037
148 5.0 0.975	2.2455 1.0612 0.8698
149 5.0 1.000	2.3330 1.0924 0.8006
150 5.0 1.025	2.6299 1.1562 0.6478
151 5.0 1.050	4.0344 1.2921 0.3277
152 5.0 1.075	17.1692 1.6404 0.0161
153 5.0 1.100	3876.3837 2.6667 0.0008
154 6.0 0.850	2.2646 1.0331 0.9289
155 6.0 0.875	2.2524 1.0373 0.9224
156 6.0 0.900	2.2471 1.0437 0.9121
157 6.0 0.925	2.2444 1.0537 0.8952
158 6.0 0.950	2.2768 1.0696 0.8665
159 6.0 0.975	2.3345 1.0968 0.8164
160 6.0 1.000	2.4827 1.1457 0.7240
161 6.0 1.025	2.9327 1.2399 0.5471
162 6.0 1.050	4.7016 1.4353 0.2465
163 6.0 1.075	17.7749 2.0927 0.0135
164 6.0 1.100	4235.4201 68.3227 0.0005
165 7.0 0.850	2.2625 1.0444 0.9140
166 7.0 0.875	2.2603 1.0517 0.9031
167 7.0 0.900	2.2705 1.0623 0.8867
168 7.0 0.925	2.2886 1.0780 0.8616
169 7.0 0.950	2.3347 1.1024 0.8219
170 7.0 0.975	2.4315 1.1421 0.7569
171 7.0 1.000	2.6698 1.2106 0.6464
172 7.0 1.025	3.2610 1.3365 0.4578
173 7.0 1.050	5.4037 1.6001 0.1922
174 7.0 1.075	19.4962 2.5994 0.0158
175 7.0 1.100	21453.2594 90.1457 0.0004
176 8.0 0.850	2.2715 1.0601 0.8944
177 8.0 0.875	2.2816 1.0709 0.8784
178 8.0 0.900	2.3083 1.0861 0.8555
179 8.0 0.925	2.3491 1.1085 0.8228
180 8.0 0.950	2.4248 1.1424 0.7731
181 8.0 0.975	2.5783 1.1956 0.6953
182 8.0 1.000	2.8856 1.2841 0.5713
183 8.0 1.025	3.6441 1.4430 0.3830
184 8.0 1.050	6.1146 1.7809 0.1565
185 8.0 1.075	21.7690 3.0684 0.0212
186 8.0 1.100	770.1649 9.2311 0.0005
187 9.0 0.850	2.2911 1.0796 0.8704
188 9.0 0.875	2.3238 1.0943 0.8495
189 9.0 0.900	2.3626 1.1150 0.8212
190 9.0 0.925	2.4106 1.1444 0.7803
191 9.0 0.950	2.5410 1.1881 0.7216
192 9.0 0.975	2.7405 1.2556 0.6339
193 9.0 1.000	3.1357 1.3650 0.5032
194 9.0 1.025	4.0481 1.5560 0.3213
195 9.0 1.050	6.8188 1.9722 0.1331
196 9.0 1.075	23.7206 3.4661 0.0276
197 9.0 1.100	273.9467 9.0968 0.0007
198 10.0 0.850	2.3317 1.1026 0.8433
199 10.0 0.875	2.3831 1.1215 0.8175
200 10.0 0.900	2.4321 1.1480 0.7836
201 10.0 0.925	2.5187 1.1851 0.7363
202 10.0 0.950	2.6683 1.2391 0.6698
203 10.0 0.975	2.9223 1.3209 0.5748
204 10.0 1.000	3.3914 1.4499 0.4404
205 10.0 1.025	4.4701 1.6734 0.2713
206 10.0 1.050	7.5173 2.1659 0.1166
207 10.0 1.075	25.2641 3.7808 0.0323
208 10.0 1.100	113.6227 8.2577 0.0006
209 11.0 0.850	2.3898 1.1286 0.8135
210 11.0 0.875	2.4393 1.1524 0.7839
211 11.0 0.900	2.5160 1.1848 0.7446
212 11.0 0.925	2.6293 1.2297 0.6914
213 11.0 0.950	2.8107 1.2942 0.6186
214 11.0 0.975	3.1198 1.3898 0.5185
215 11.0 1.000	3.6901 1.5391 0.3864
216 11.0 1.025	4.9054 1.7947 0.2318
217 11.0 1.050	8.1763 2.3607 0.1055
218 11.0 1.075	26.2211 4.0390 0.0343
219 11.0 1.100	80.2076 7.8658 0.0004
220 12.0 0.850	2.4396 1.1576 0.7820
221 12.0 0.875	2.5130 1.1863 0.7486
222 12.0 0.900	2.6097 1.2248 0.7048
223 12.0 0.925	2.7493 1.2777 0.6467
224 12.0 0.950	2.9645 1.3525 0.5691
225 12.0 0.975	3.3331 1.4620 0.4671
226 12.0 1.000	3.9854 1.6296 0.3383
227 12.0 1.025	5.3466 1.9181 0.2003
228 12.0 1.050	8.8034 2.5498 0.0967
229 12.0 1.075	26.8708 4.2602 0.0343
230 12.0 1.100	59.4703 6.9741 0.0003
231 13.0 0.850	2.5117 1.1893 0.7498
232 13.0 0.875	2.6024 1.2230 0.7127
233 13.0 0.900	2.7159 1.2677 0.6650
234 13.0 0.925	2.8817 1.3286 0.6029
235 13.0 0.950	3.1370 1.4137 0.5226
236 13.0 0.975	3.5522 1.5358 0.4197
237 13.0 1.000	4.2904 1.7218 0.2970
238 13.0 1.025	5.7878 2.0430 0.1751
239 13.0 1.050	9.4006 2.7334 0.0900
240 13.0 1.075	26.7860 4.4765 0.0331
241 13.0 1.100	51.1295 6.8234 0.0003
242 14.0 0.850	2.5988 1.2233 0.7170
243 14.0 0.875	2.6915 1.2619 0.6765
244 14.0 0.900	2.8257 1.3128 0.6253
245 14.0 0.925	3.0236 1.3812 0.5598
246 14.0 0.950	3.3042 1.4754 0.4770
247 14.0 0.975	3.7873 1.6109 0.3767
248 14.0 1.000	4.6121 1.8160 0.2626
249 14.0 1.025	6.2231 2.1695 0.1553
250 14.0 1.050	9.9427 2.9105 0.0844
251 14.0 1.075	26.7684 4.6715 0.0310
252 14.0 1.100	42.4225 7.1011 0.0004
253 15.0 0.850	2.6722 1.2591 0.6833
254 15.0 0.875	2.7914 1.3029 0.6406
255 15.0 0.900	2.9623 1.3602 0.5873
256 15.0 0.925	3.1688 1.4362 0.5197
257 15.0 0.950	3.5033 1.5399 0.4367
258 15.0 0.975	4.0266 1.6870 0.3382
259 15.0 1.000	4.9348 1.9106 0.2330
260 15.0 1.025	6.6521 2.2955 0.1391
261 15.0 1.050	10.4795 3.0772 0.0789
262 15.0 1.075	26.6408 4.8591 0.0286
263 15.0 1.100	43.5167 7.4642 0.0004
264 16.0 0.850	2.7743 1.2969 0.6507
265 16.0 0.875	2.9027 1.3456 0.6054
266 16.0 0.900	3.0764 1.4087 0.5495
267 16.0 0.925	3.3265 1.4918 0.4809
268 16.0 0.950	3.6858 1.6038 0.3973
269 16.0 0.975	4.2762 1.7639 0.3044
270 16.0 1.000	5.2580 2.0042 0.2070
271 16.0 1.025	7.0731 2.4194 0.1253
272 16.0 1.050	10.9811 3.2380 0.0741
273 16.0 1.075	26.4460 5.0432 0.0264
274 16.0 1.100	41.6930 7.8430 0.0004
275 17.0 0.850	2.8655 1.3361 0.6179
276 17.0 0.875	3.0101 1.3894 0.5705
277 17.0 0.900	3.2125 1.4584 0.5135
278 17.0 0.925	3.4820 1.5483 0.4441
279 17.0 0.950	3.8917 1.6701 0.3635
280 17.0 0.975	4.5290 1.8414 0.2747
281 17.0 1.000	5.5844 2.1008 0.1865
282 17.0 1.025	7.4834 2.5436 0.1143
283 17.0 1.050	11.4696 3.3906 0.0694
284 17.0 1.075	26.1147 5.2258 0.0243
285 17.0 1.100	40.9597 8.1747 0.0004
286 18.0 0.850	2.9727 1.3764 0.5857
287 18.0 0.875	3.1298 1.4345 0.5371
288 18.0 0.900	3.3429 1.5085 0.4784
289 18.0 0.925	3.6532 1.6053 0.4095
290 18.0 0.950	4.0991 1.7359 0.3319
291 18.0 0.975	4.7877 1.9196 0.2489
292 18.0 1.000	5.9101 2.1960 0.1685
293 18.0 1.025	7.8823 2.6663 0.1052
294 18.0 1.050	11.9028 3.5410 0.0658
295 18.0 1.075	25.5700 5.4145 0.0228
296 18.0 1.100	40.4744 8.4865 0.0003
297 19.0 0.850	3.0713 1.4178 0.5545
298 19.0 0.875	3.2413 1.4801 0.5042
299 19.0 0.900	3.4880 1.5599 0.4460
300 19.0 0.925	3.8237 1.6637 0.3788
301 19.0 0.950	4.3105 1.8028 0.3040
302 19.0 0.975	5.0455 1.9967 0.2253
303 19.0 1.000	6.2293 2.2923 0.1535
304 19.0 1.025	8.2710 2.7874 0.0975
305 19.0 1.050	12.3436 3.6833 0.0619
306 19.0 1.075	25.3545 5.5862 0.0211
307 19.0 1.100	40.9429 8.7469 0.0003
308 20.0 0.850	3.1910 1.4601 0.5244
309 20.0 0.875	3.3751 1.5267 0.4736
310 20.0 0.900	3.6395 1.6116 0.4154
311 20.0 0.925	4.0006 1.7216 0.3495
312 20.0 0.950	4.5205 1.8686 0.2778
313 20.0 0.975	5.3044 2.0744 0.2051
314 20.0 1.000	6.5469 2.3873 0.1404
315 20.0 1.025	8.6438 2.9063 0.0908
316 20.0 1.050	12.7005 3.8244 0.0588
317 20.0 1.075	24.8735 5.7642 0.0197
318 20.0 1.100	42.2672 8.9610 0.0003
319 21.0 0.850	3.3032 1.5028 0.4951
320 21.0 0.875	3.5129 1.5737 0.4443
321 21.0 0.900	3.7832 1.6626 0.3853
322 21.0 0.925	4.1789 1.7799 0.3227
323 21.0 0.950	4.7371 1.9355 0.2551
324 21.0 0.975	5.5659 2.1532 0.1881
325 21.0 1.000	6.8596 2.4799 0.1283
326 21.0 1.025	9.0045 3.0237 0.0851
327 21.0 1.050	13.1025 3.9573 0.0554
328 21.0 1.075	24.6545 5.9293 0.0184
329 21.0 1.100	44.0672 9.1311 0.0003
