4.440149721807987504e+00
4.446240715357188122e+00
4.403880623855921606e+00
4.419477258853109269e+00
4.385330779865149076e+00
4.404526638323241094e+00
4.415047445362777268e+00
4.407756710659950450e+00
4.431843821513621329e+00
4.410894495215605282e+00
4.399912249270814257e+00
4.394836421313151220e+00
4.442549204115262995e+00
4.423261057876104019e+00
4.460083882514486397e+00
4.400558263738165721e+00
4.387453398829256557e+00
4.440149721807983063e+00
4.417077776545849765e+00
4.420123273320454516e+00
4.384131038711510442e+00
4.376655728446577243e+00
4.419384971072060964e+00
4.399727673708729192e+00
4.401111990424452003e+00
4.436827361690217408e+00
4.406926120630504151e+00
4.391052622290168905e+00
4.414032279771246792e+00
4.449193924350743679e+00
4.431382382608371806e+00
4.417354639888994683e+00
4.410433056310360200e+00
4.428706036957973602e+00
4.380900966374798422e+00
4.447809607635024420e+00
4.397789630306696118e+00
4.442364628553158390e+00
4.410525344091389854e+00
4.427044856899090775e+00
4.450116802161219631e+00
4.419015819947865076e+00
4.423630209000303459e+00
4.451777982220107788e+00
4.429167475863211578e+00
4.438027102843864924e+00
4.420400136663594992e+00
4.411540509682938982e+00
4.404342062761144483e+00
4.445963852014047646e+00
4.471435279583437783e+00
4.438488541749097571e+00
4.471527567364505629e+00
4.486109036770180580e+00
4.456946097958820019e+00
4.457684400207206465e+00
4.471066128459243672e+00
4.471342991802414346e+00
4.489154533544758685e+00
4.522008983598051479e+00
4.486385900113304182e+00
4.480848633250404056e+00
4.479464316534666146e+00
4.486201324551205794e+00
4.461929638135438303e+00
4.454269752308412933e+00
4.471342991802420563e+00
4.461375911449144027e+00
4.477064834227419077e+00
4.541020266494044222e+00
4.497737297182285765e+00
4.465251998253177312e+00
4.485001583397573377e+00
4.516194853391997555e+00
4.461468199230205656e+00
4.477249409789500589e+00
4.472265869612882305e+00
4.468851221714072786e+00
4.451316543314868035e+00
4.522562710284336873e+00
4.440518872932170957e+00
4.460268458076584785e+00
4.480756345469348645e+00
4.493215195910892135e+00
4.436458210566034843e+00
4.486755051237498293e+00
4.460637609200763798e+00
4.462114213697545573e+00
4.473281035204407452e+00
4.455284917899952291e+00
4.451870270001162311e+00
4.474296200795951250e+00
4.465344286034241605e+00
4.443287506363641448e+00
4.496906707152843907e+00
4.470143250648757949e+00
4.469681811743511091e+00
4.490354274698389325e+00
4.498383311649626570e+00
4.480387194345152757e+00
4.443287506363639672e+00
4.462021925916496379e+00
4.463590818194309584e+00
4.446333003138239093e+00
4.439780570683785399e+00
4.443748945268878536e+00
4.446056139795106610e+00
4.467190041655202393e+00
4.437011937252333560e+00
4.446702154262438533e+00
4.459530155828188569e+00
4.428429173614829573e+00
4.441534038523727190e+00
4.402957746045424337e+00
4.399173947022440245e+00
4.415232020924878320e+00
4.383023585338939654e+00
4.445779276451959028e+00
4.424276223467626501e+00
4.436827361690240501e+00
4.422522755627722901e+00
4.446240715357196116e+00
4.414032279771237910e+00
4.416708625421643220e+00
4.432489835980943482e+00
4.429259763644250114e+00
4.421876741160374991e+00
4.470881552897160383e+00
4.462575652602792431e+00
4.450855104409615848e+00
4.516933155640387554e+00
4.510380723185933860e+00
4.500598218394784134e+00
4.468112919465704103e+00
4.519424925728692699e+00
4.469958675086671995e+00
4.504382017417770001e+00
4.499583052803244776e+00
4.544342626611789449e+00
4.528284552709332722e+00
4.493584347035102233e+00
4.566491694063455675e+00
4.592516848319132983e+00
4.513887658865784580e+00
4.501059657300032768e+00
4.513149356617392804e+00
4.532529790637587652e+00
4.527269387117804911e+00
4.569906341962252760e+00
4.509826996499627150e+00
4.516010277829897390e+00
4.560400700514266603e+00
4.483155827776625912e+00
4.518225184575073605e+00
4.519332637947677256e+00
4.483340403338702096e+00
4.509088694251249585e+00
4.496445268247598825e+00
4.531791488389210976e+00
4.428613749176921743e+00
4.492384605881492021e+00
4.447255880948718598e+00
4.484078705587090319e+00
4.450301377723323348e+00
4.468851221714094990e+00
4.424276223467638047e+00
4.511026737653258678e+00
4.428244598052725856e+00
4.499583052803243888e+00
4.434151016039830751e+00
4.438765405092243377e+00
4.433135850448301163e+00
4.447071305386636197e+00
4.450485953285427065e+00
4.478910589848373647e+00
4.456669234615688424e+00
4.473927049671764244e+00
4.471066128459252553e+00
4.437288800595481142e+00
4.482325237747171620e+00
4.467559192779408050e+00
4.468297495027790056e+00
4.460176170295502729e+00
4.512687917712147723e+00
4.483248115557654678e+00
4.485186158959691305e+00
4.542773734333984237e+00
4.545726943327522029e+00
4.518871199042409081e+00
4.556155462586018778e+00
4.555417160337609239e+00
4.522378134722254472e+00
4.589379063763507460e+00
4.582549767965897303e+00
4.587071869237273170e+00
4.631093140797447383e+00
4.614112189084505822e+00
4.583472645776413223e+00
4.557355203739652971e+00
4.612358721244568471e+00
4.582088329060658438e+00
4.585502976959474175e+00
4.574520731014685815e+00
4.578027666694515219e+00
4.593993452815920975e+00
4.598884705211506940e+00
4.591040243822369860e+00
4.597131237371568702e+00
4.598515554087317270e+00
4.597500388495777912e+00
4.618542002574834271e+00
4.629155097395424079e+00
4.606913742162711323e+00
4.595008618407462997e+00
4.664501317537019354e+00
4.596946661809477419e+00
4.606729166600612047e+00
4.611897282339347370e+00
4.571106083115886065e+00
4.600545885270387991e+00
4.574520731014688479e+00
4.588363898171961885e+00
4.560862139419498362e+00
4.610697541185712289e+00
4.606821454381673675e+00
4.591224819384478018e+00
4.577197076665078690e+00
4.606821454381666570e+00
4.583749509119525278e+00
4.657302870615231960e+00
4.608113483316358838e+00
4.624909859467194906e+00
4.620018607071614269e+00
4.618634290355892347e+00
4.610605253404671089e+00
4.655826266118465284e+00
4.657487446177316137e+00
4.614204476865547910e+00
4.599530719678834423e+00
4.663855303069661673e+00
4.615681081362335902e+00
4.571475234240081953e+00
4.638568451062375253e+00
4.617619124764352989e+00
4.593070575005452127e+00
4.650104423693459665e+00
4.645582322422070476e+00
4.661086669638218716e+00
4.609959238937327619e+00
4.651857891533372147e+00
4.603868245388122560e+00
4.680559391439472527e+00
4.643736566801097254e+00
4.644198005706342336e+00
4.597038949590543488e+00
4.688403852828590068e+00
4.641706235618023868e+00
4.638199299938180253e+00
4.630262550768009078e+00
4.638845314405502407e+00
4.631739155264785524e+00
4.627032478431295281e+00
4.655087963870074397e+00
4.658871762893046053e+00
4.637460997689784037e+00
4.653703647154348033e+00
4.594454891721171386e+00
4.626847902869205775e+00
4.636445832098268660e+00
4.637553285470858100e+00
4.631093140797434060e+00
4.653149920468067968e+00
4.654349661621679068e+00
4.609405512251025350e+00
4.673730095641875693e+00
4.661640396324507662e+00
4.633031184199460917e+00
4.654995676089019874e+00
4.693295105224170705e+00
4.630631701892203189e+00
4.633123471980508334e+00
4.646228336889407728e+00
4.624909859467179807e+00
4.638014724376082754e+00
4.662932425259202596e+00
4.672899505612429394e+00
4.682774298184634532e+00
4.682958873746723150e+00
4.701416429956440268e+00
4.715536460456864809e+00
4.691726212946331742e+00
4.711014359185490719e+00
4.683604888214079942e+00
4.696709753122984665e+00
4.729656490957301784e+00
4.645951473546260146e+00
4.718120518326243129e+00
4.671699764458812965e+00
4.693664256348362152e+00
4.756604523023476361e+00
4.782352813936022073e+00
4.762049502105336174e+00
4.773216323612232692e+00
4.788166944142082215e+00
4.762049502105339727e+00
4.791397016478796012e+00
4.773308611393274781e+00
4.770909129086016165e+00
4.836802604754660173e+00
4.773493186955366951e+00
4.827204675525628375e+00
4.796103693312255167e+00
4.806716788132859186e+00
4.795734542188072602e+00
4.774416064765850010e+00
4.780045619409815316e+00
4.794627088815494709e+00
4.709353179126624767e+00
4.765002711098913046e+00
4.762141789886411125e+00
4.795365391063869609e+00
4.763618394383155596e+00
4.770170826837593303e+00
4.759188580892838694e+00
4.818621911888095966e+00
4.807547378162277063e+00
4.788351519704197479e+00
4.828496704460300215e+00
4.786782627426362957e+00
4.803855866920348383e+00
4.795088527720722915e+00
4.776538683729980583e+00
4.792135318727177129e+00
4.778569014913014890e+00
4.781245360563437963e+00
4.720520000633491087e+00
4.782260526154979985e+00
4.777000122635199908e+00
4.770724553523901790e+00
4.741100175807321015e+00
4.801917823518318862e+00
4.774969791452151391e+00
4.770447690180755984e+00
4.756050796337187414e+00
4.754666479621454833e+00
4.779953331628767010e+00
4.750144378350067420e+00
4.770355402399704126e+00
4.789458973076756720e+00
4.797026571122764871e+00
4.792227606508232540e+00
4.805147895855025553e+00
4.872425688239432340e+00
4.829050431146604261e+00
4.788628383047305981e+00
4.827204675525618605e+00
4.830896186767569489e+00
4.879808710723319010e+00
4.844001051676456449e+00
4.865780968003921458e+00
4.882485056373686128e+00
4.817791321858664766e+00
4.853322117562361093e+00
4.856183038774874561e+00
4.883407934184191390e+00
4.848061714042611214e+00
4.901311763707637326e+00
4.849999757444611426e+00
4.807547378162294827e+00
4.847323411794223880e+00
4.896605086874133761e+00
4.828127553336126532e+00
4.856275326555926419e+00
4.872056537115223129e+00
4.868918752559546981e+00
4.845754519516408898e+00
4.831726776797007794e+00
4.826650948839329658e+00
4.857013628804308425e+00
4.888299186579784461e+00
4.896605086874141755e+00
4.914878067521748939e+00
4.836433453630484713e+00
4.912940024119746951e+00
4.890329517762840972e+00
4.892729000070098699e+00
4.910540541812466131e+00
4.945609898610925370e+00
4.907864196162067039e+00
4.903803533795924707e+00
4.909340800658837267e+00
4.934904516009294362e+00
4.944317869676245536e+00
4.950224287663338885e+00
4.966282361565800940e+00
4.995906739282377274e+00
4.910171390688279125e+00
4.934535364885103803e+00
4.912847736338692428e+00
4.931951307015732588e+00
4.958714763519812330e+00
4.957422734585140489e+00
4.952346906627473899e+00
4.965359483755297454e+00
4.952623769970614376e+00
4.903803533795926484e+00
4.918385003201589001e+00
4.941826099587935062e+00
4.901957778174964808e+00
4.911278844060854354e+00
4.922445665567749096e+00
4.945609898610914712e+00
4.934812228228238062e+00
4.971542765085560589e+00
4.942564401836324173e+00
4.913124599681828464e+00
4.899466008086635682e+00
4.912755448557658333e+00
4.898912281400348512e+00
4.890514093324953571e+00
4.906849030570525905e+00
4.915800945332223115e+00
4.853045254219231275e+00
4.918015852077437522e+00
4.868457313654341867e+00
4.851199498598242066e+00
4.893282726756412515e+00
4.888945201047092404e+00
4.901588627050766256e+00
4.950131999882324330e+00
4.913586038587085092e+00
4.939242041718586940e+00
4.953177496656902434e+00
4.902234641518115943e+00
4.958622475738769353e+00
4.971450477304490967e+00
4.922999392254020279e+00
4.944594733019393118e+00
4.899281432524531077e+00
4.953823511124243240e+00
4.909617664001996395e+00
4.932689609264124364e+00
4.973203945144439864e+00
4.988892867922715801e+00
4.924475996750806495e+00
4.948563107604488032e+00
4.942472114055264321e+00
4.946901927545608757e+00
4.942195250712136279e+00
4.928721234679048102e+00
4.977910621977905237e+00
4.972834794020252858e+00
4.931213004767347030e+00
4.951239453254880019e+00
4.977633758634778971e+00
4.946717351983509481e+00
4.968404980529918191e+00
4.959729929111330371e+00
4.957791885709321278e+00
4.965451771536341319e+00
5.001720869488463173e+00
4.984463054432384688e+00
4.945425323048826094e+00
4.968589556092012138e+00
4.986677961177543139e+00
4.934904516009282816e+00
4.936104257162914344e+00
4.939334329499605936e+00
4.994799285909795827e+00
5.014364295492090839e+00
5.012979978776376910e+00
5.009749906439665779e+00
5.017040641142501478e+00
5.084872160213178560e+00
5.052202285721990371e+00
5.038820557469946060e+00
5.028761189335674509e+00
5.062815380542583732e+00
5.042512068711898721e+00
5.048141623355862251e+00
5.111820192279368236e+00
5.035221334009065686e+00
5.075551094327287238e+00
5.163962788571802243e+00
5.058754718176479592e+00
5.056170660307068410e+00
5.082841829030145142e+00
5.062538517199453025e+00
5.107298091008012797e+00
5.077489137729316759e+00
5.110343587782603336e+00
5.082195814562782132e+00
5.038082255221572936e+00
5.069921539683329037e+00
5.061523351607914556e+00
5.036697938505819039e+00
5.075274230984155643e+00
5.069183237434947031e+00
5.080257771160754388e+00
5.074074489830518786e+00
5.085887325804741010e+00
5.087733081425686699e+00
5.124648193845132482e+00
5.130739187394344647e+00
5.136737893162464097e+00
5.086625628053107917e+00
5.082011239000685521e+00
5.063184531666785837e+00
5.068352647405498068e+00
5.130923762956438594e+00
5.103883443109187290e+00
5.111912480060420982e+00
5.071398144180103706e+00
5.082749541249089731e+00
5.111451041155201658e+00
5.085610462461594317e+00
5.058385567052261500e+00
5.086164189147881487e+00
5.124002179377796118e+00
5.127139963933442068e+00
5.119203214763242471e+00
5.130370036270146983e+00
5.149196743604014692e+00
5.120772107041099197e+00
5.161747881826640239e+00
5.179005696882714282e+00
5.149196743604041338e+00
5.174575883392407150e+00
5.187957611644438138e+00
5.153534269313350791e+00
5.173006991114574404e+00
5.207245757883571358e+00
5.180205438036347587e+00
5.194233180755722934e+00
5.212875312527543770e+00
5.213705902556983851e+00
5.271570341274436799e+00
5.241207661309473131e+00
5.265663923287312365e+00
5.261695548702237879e+00
5.276277018107883521e+00
5.233178624358230557e+00
5.282921738343405060e+00
5.294457710974485920e+00
5.316791353988252311e+00
5.313284418308371393e+00
5.345031414989069418e+00
5.322051757507996861e+00
5.272954657990172045e+00
5.308485453693855050e+00
5.363765834541980304e+00
5.304517079108733491e+00
5.289935609703090513e+00
5.340324738155613815e+00
5.298333797778524534e+00
5.327773599933002480e+00
5.300640992304743726e+00
5.292611955353492270e+00
5.330173082240256655e+00
5.268340268937716786e+00
5.353429603064473241e+00
5.326573858779378945e+00
5.275169564735301186e+00
5.297503207749068466e+00
5.382500254094782832e+00
5.331465111174956029e+00
5.346231156142717822e+00
5.345031414989083629e+00
5.313284418308363399e+00
5.315683900615631785e+00
5.280245392692996198e+00
5.279599378225642070e+00
5.296580329938570308e+00
5.303686489079311173e+00
5.310515784876931100e+00
5.289751034140989461e+00
5.333864593482181782e+00
5.314022720556768498e+00
5.291689077543043851e+00
5.335894924665259609e+00
5.297134056624877019e+00
5.279968529349858386e+00
5.264648757695780112e+00
5.243422568054624477e+00
5.234932092198162579e+00
5.255235404028819168e+00
5.232809473234018682e+00
5.225057299625928131e+00
5.241299949090497456e+00
5.287351551833718410e+00
5.215643945958993832e+00
5.255696842934065138e+00
5.259665217519142288e+00
5.273508384676460992e+00
5.305901395824462519e+00
5.276092442545786021e+00
5.262710714293752368e+00
5.308393165912822731e+00
5.283475465029690454e+00
5.274062111362746386e+00
5.304240215765616107e+00
5.339863299250349193e+00
5.327681312151942628e+00
5.309869770409592071e+00
5.334787471292668393e+00
5.301287006772048116e+00
5.344939127208011342e+00
5.369026238061688439e+00
5.313376706089432133e+00
5.381577376284297998e+00
5.379823908444415714e+00
5.387483794271417992e+00
5.354260193093947962e+00
5.474049732894955334e+00
5.408986847255721209e+00
5.367457345783855693e+00
5.411478617344044117e+00
5.399204342464587469e+00
5.419876805419473698e+00
5.429659310210591450e+00
5.433812260357780310e+00
5.367918784689123868e+00
5.429382446867446532e+00
5.410648027314585384e+00
5.297226344405908449e+00
5.360074323300013432e+00
5.356751963182270870e+00
5.331372823393888183e+00
5.351491559662475694e+00
5.349645804041513131e+00
5.378901030633919333e+00
5.393113348915362870e+00
5.391913607761749994e+00
5.404833897108551000e+00
5.416185294177497056e+00
5.390344715483909255e+00
5.369856828091152501e+00
5.393482500039562311e+00
5.394220802287962968e+00
5.372256310398368484e+00
5.373456051552011559e+00
5.405203048232739782e+00
5.404649321546452612e+00
5.430859051364246071e+00
5.462606048044952978e+00
5.484570539934502165e+00
5.469989070528818331e+00
5.480233014225217580e+00
5.473957445113923903e+00
5.468697041594118069e+00
5.441841297309033543e+00
5.498229131529678071e+00
5.460483429080822404e+00
5.456884205619921602e+00
5.436673181570288449e+00
5.459929702394534345e+00
5.474418884019182308e+00
5.497859980405478630e+00
5.526192329187390229e+00
5.448855168668712778e+00
5.492322713542588275e+00
5.536067121759590925e+00
5.471188811682471176e+00
5.504596988422040482e+00
5.465651544819540852e+00
5.505058427327263360e+00
5.498229131529698499e+00
5.551479181194685530e+00
5.503674110611548542e+00
5.503304959487329562e+00
5.519916760076078788e+00
5.549079698887445566e+00
5.525177163595856200e+00
5.547603094390648693e+00
5.550002576697925072e+00
5.555724419122942237e+00
5.492784152447822699e+00
5.586363962431041053e+00
5.551479181194709511e+00
5.594854438287526932e+00
5.573166809741099570e+00
5.602975763019768962e+00
5.584056767904844953e+00
5.595223589411724596e+00
5.611281663314160006e+00
5.589132595862518649e+00
5.631861838487995264e+00
5.670068979842093349e+00
5.584795070153210972e+00
5.611835390000451618e+00
5.627893463902901239e+00
5.609159044350028545e+00
5.611650814438340795e+00
5.600760856274616728e+00
5.572059356368515459e+00
5.552863497910413670e+00
5.607774727634325274e+00
5.540681510812031085e+00
5.606205835356481870e+00
5.618387822454883995e+00
5.595592740535878740e+00
5.567629542878196780e+00
5.581749573378627538e+00
5.624386528223059400e+00
5.625309406033532689e+00
5.582580163408057849e+00
5.618941549141188929e+00
5.607221000948024781e+00
5.587194552460501562e+00
5.596700193908497489e+00
5.596607906127447407e+00
5.635368774167834438e+00
5.609066756568982903e+00
5.578796364385064877e+00
5.575750867610478778e+00
5.606205835356480982e+00
5.598269086186298260e+00
5.577412047669334960e+00
5.607867015415370915e+00
5.636660803102513384e+00
5.613404282278266599e+00
5.656318100465848708e+00
5.644043825586384955e+00
5.673760491084029134e+00
5.651795999194465736e+00
5.680312923538450853e+00
5.660747913956186927e+00
5.636199364197278072e+00
5.636199364197278960e+00
5.676344548953390579e+00
5.650503970259804554e+00
5.683173844750959880e+00
5.685388751496184057e+00
5.651334560289227760e+00
5.637952832037176343e+00
5.686865355992935633e+00
5.686865355992936522e+00
5.631308111801704541e+00
5.633984457452115180e+00
5.605098381983902200e+00
5.697293875251408402e+00
5.655487510436437049e+00
5.602422036333488897e+00
5.675513958923973590e+00
5.685665614839292559e+00
5.590240049235079667e+00
5.653918618158601639e+00
5.721104122761948574e+00
5.626693722749265270e+00
5.718981503797851751e+00
5.719904381608305499e+00
5.641921206622284579e+00
5.669515253155813284e+00
5.649950243573488073e+00
5.677544290107023883e+00
5.654010905939637510e+00
5.659548172802547406e+00
5.689264838300195137e+00
5.659732748364633359e+00
5.676436836734435332e+00
5.656779539371093790e+00
5.648750502419893849e+00
5.608974468787946144e+00
5.606205835356501410e+00
5.635461061948879191e+00
5.621710182572645209e+00
5.630016082867005167e+00
5.619310700265355507e+00
5.608789893225843315e+00
5.583133890094353902e+00
5.622725348164180126e+00
5.598084510624165233e+00
5.620879592543186476e+00
5.611373951095210089e+00
5.642936372213823049e+00
5.599653402902031729e+00
5.601499158522996957e+00
5.592454955980256770e+00
5.588486581395140540e+00
5.577227472107249007e+00
5.568829284031818538e+00
5.570121312966503702e+00
5.552217483443087076e+00
5.556555009152370772e+00
5.583041602313299379e+00
5.557477886962864488e+00
5.565045485008845105e+00
5.530899006020883135e+00
5.509119089693386151e+00
5.535051956168040022e+00
5.570767327433850724e+00
5.529053250399877939e+00
5.536713136226917520e+00
5.480786740911492316e+00
5.547972245514842804e+00
5.490569245702657142e+00
5.520101335638160300e+00
5.483924525467157807e+00
5.503858686173632719e+00
5.490015519016345102e+00
5.526469192530564456e+00
5.489461792330084577e+00
5.460944867986055051e+00
5.483555374342943267e+00
5.474972610705431286e+00
5.468051027126775487e+00
5.534959668387026355e+00
5.503489535049467030e+00
5.506350456261942306e+00
5.515302371023648398e+00
5.492045850199420265e+00
5.523977422442222895e+00
5.503397247268414283e+00
5.459560551270321582e+00
5.505335290670433146e+00
5.493430166915165280e+00
5.510780269752260097e+00
5.437596059380777724e+00
5.457253356744124595e+00
5.435196577073495128e+00
5.415631567491210774e+00
5.454207859969514516e+00
5.455592176685239103e+00
5.408063969445240815e+00
5.448393729763458815e+00
5.410278876190411701e+00
5.372994612646766477e+00
5.377055275012923019e+00
5.415077840804926268e+00
5.381669664065361403e+00
5.386560916460932269e+00
5.404557033765386542e+00
5.387022355366160475e+00
5.376132397202434632e+00
5.383330844124219361e+00
5.375301807173020308e+00
5.355736797590700426e+00
5.387299218709315163e+00
5.401603824771837203e+00
5.388683535425052185e+00
5.432427943642068158e+00
5.378162728385507130e+00
5.384899736402052106e+00
5.427352115684389133e+00
5.388498959862931592e+00
5.394682241193207162e+00
5.418123337579549670e+00
5.354629344218114539e+00
5.360812625548390109e+00
5.371610295931063206e+00
5.337371529162053818e+00
5.353521890845551745e+00
5.393205636696413841e+00
5.355644509809661891e+00
5.366442180192351863e+00
5.353521890845541087e+00
5.378993318414953428e+00
5.334510607949550121e+00
5.353798754188697551e+00
5.412309207373476205e+00
5.353337315283445363e+00
5.380285347349635927e+00
5.357490265430635112e+00
5.357121114306417908e+00
5.357121114306431231e+00
5.390806154389149007e+00
5.350199530727806518e+00
5.339032709220929540e+00
5.363581258979831290e+00
5.373548339333089174e+00
5.380562210692770186e+00
5.335802636884232619e+00
5.357767128773790688e+00
5.330634521145524829e+00
5.350660969633057817e+00
5.313930432775724633e+00
5.356567387620153831e+00
5.340693889279782169e+00
5.368933950280656120e+00
5.308393165912798750e+00
5.337925255848346318e+00
5.343923961616478202e+00
5.341893630433435902e+00
5.333126291233818428e+00
5.349922667384641173e+00
5.329619355553975701e+00
5.316053051739833002e+00
5.331003672269695848e+00
5.351491559662482800e+00
5.324358952034198289e+00
5.316606778426121060e+00
5.308116302569659162e+00
5.309039180380128009e+00
5.297226344405932430e+00
5.289105019673659314e+00
5.300087265618444121e+00
5.259203778613923852e+00
5.307285712540218192e+00
5.259757505300207470e+00
5.328973341086618909e+00
5.271016614588133642e+00
5.304424791327707389e+00
5.304609366889795119e+00
5.280522256036126905e+00
5.300548704523680321e+00
5.270739751244976290e+00
5.220350622792484074e+00
5.242038251338875021e+00
5.237054711162272724e+00
5.241207661309440269e+00
5.214721068148515215e+00
5.264833333257874948e+00
5.286244098461137852e+00
5.273508384676456551e+00
5.258926915270756730e+00
5.284121479497043694e+00
5.300917855647879762e+00
5.271847204617582605e+00
5.275077276954244887e+00
5.205307714481554271e+00
5.236039545570721820e+00
5.206322880073085635e+00
5.221273500602960027e+00
5.197740116435579871e+00
5.237239286724375553e+00
5.259480641957082092e+00
5.207338045664635651e+00
5.173283854457721986e+00
5.228748810867899444e+00
5.223857558472312590e+00
5.217581989361016248e+00
5.253851087313107016e+00
5.239546481250583199e+00
5.245822050361855560e+00
5.229671688678368291e+00
5.231702019861453223e+00
5.254866252904603741e+00
5.239915632374775534e+00
5.263449016542158354e+00
5.269078571186122772e+00
5.253666511750996193e+00
5.269909161215562854e+00
5.242776553587275679e+00
5.254312526218352986e+00
5.283383177248642149e+00
5.294549998755509357e+00
5.282368011657093909e+00
5.274431262486934280e+00
5.281629709408719009e+00
5.267232815565144222e+00
5.245452899237653455e+00
5.263172153199012548e+00
5.346508019485844976e+00
5.228933386429972963e+00
5.285136645088575946e+00
5.261141822015924063e+00
5.273046945771173277e+00
5.267971117813519122e+00
5.283290889467576967e+00
5.259388354176010694e+00
5.299533538932137411e+00
5.256342857401423707e+00
5.258096325241324642e+00
5.279414802663561446e+00
5.266586801097796311e+00
5.231056005394104425e+00
5.267417391127238169e+00
5.238346740096928578e+00
5.266217649973605752e+00
5.220904349478741935e+00
5.229579400897300445e+00
5.276092442545790462e+00
5.278676500415162565e+00
5.198755282027118341e+00
5.287166976271651109e+00
5.175960200108109532e+00
5.215367082615863126e+00
5.169776918777873043e+00
5.218781730514630013e+00
5.233363199920332498e+00
5.170238357683125230e+00
5.210383542439232407e+00
5.239085042345307031e+00
5.216105384864254901e+00
5.213982765900136762e+00
5.169869206558918684e+00
5.168023450937929475e+00
5.207245757883558923e+00
5.231425156518307418e+00
5.175867912327068332e+00
5.167654299813744245e+00
5.210475830220297588e+00
5.153903420437526250e+00
5.175683336764983267e+00
5.116896020237065024e+00
5.200970188772268799e+00
5.175129610078678333e+00
5.177252229042792919e+00
5.187957611644435474e+00
5.150581060319765925e+00
5.146151246829466785e+00
5.133969259731010482e+00
5.182789495905700150e+00
5.145689807924205716e+00
5.152795967064927929e+00
5.148827592479859661e+00
5.203554246641624914e+00
5.113204508995107922e+00
5.195248346347281831e+00
5.131569777423766077e+00
5.116988308018105336e+00
5.119387790325363063e+00
5.105729198730169394e+00
5.080442346722877645e+00
5.076935411043005608e+00
5.108590119942685526e+00
5.085979613585777770e+00
5.097607873997897165e+00
5.072413309771635959e+00
5.079427181131315194e+00
5.033929305074377858e+00
4.988800580141646179e+00
5.061431063826861809e+00
5.042419780930851303e+00
5.044265536551833407e+00
5.011226510936443113e+00
5.022024181319158842e+00
5.008550165286022704e+00
5.009196179753386602e+00
4.975234276327513250e+00
5.044911551019167995e+00
5.039097420813120287e+00
5.016117763332024637e+00
5.049341364509506214e+00
5.055155494715578790e+00
5.057554977022832965e+00
5.039466571937309958e+00
5.092716621602309424e+00
5.038912845251029893e+00
5.068444935186561473e+00
5.084133857964793002e+00
5.039928010842542605e+00
5.066230028441392363e+00
5.071859583085347900e+00
5.039743435280432671e+00
5.016025475550956791e+00
5.020824440165483793e+00
5.060785049359509458e+00
5.027469160401002668e+00
5.017409792266696478e+00
5.040758600871980022e+00
5.025069678093749381e+00
4.998213933808593801e+00
5.053771177999822228e+00
4.985109068899698848e+00
4.985939658929155804e+00
5.021655030194920322e+00
5.007811863037659350e+00
4.986770248958567464e+00
5.002736035079989207e+00
4.976803168605344219e+00
4.977726046415853922e+00
5.003474337328369437e+00
4.994153271442434594e+00
4.976434017481140337e+00
5.008457877504989497e+00
5.031991261672374982e+00
4.992492091383567754e+00
4.943210416303663202e+00
5.003935776233596755e+00
5.005135517387245159e+00
4.939611192842774834e+00
4.972188779552893401e+00
4.939703480623823140e+00
4.946901927545591882e+00
4.956407568993630441e+00
4.963144577010143443e+00
4.965082620412176517e+00
4.971727340647656312e+00
4.972650218458151805e+00
4.958530187957703284e+00
4.921891938881446826e+00
4.899281432524555946e+00
4.921430499976196415e+00
4.920599909946767880e+00
4.898727705838253677e+00
4.932689609264122588e+00
4.942010675150019239e+00
4.949116834290769873e+00
4.938965178375427811e+00
4.917185262047975236e+00
4.956222993431503632e+00
4.965267195974261583e+00
4.953085208875855905e+00
4.938596027251215048e+00
4.919400168793128358e+00
4.952254618846407830e+00
4.928536659116944385e+00
4.956499856774655655e+00
4.886822582082980482e+00
4.947640229793982769e+00
4.938226876127037812e+00
4.905280138292694048e+00
4.945609898610918265e+00
4.944687020800428989e+00
4.954284950029479440e+00
4.915893233113290961e+00
4.931305292548400665e+00
4.961391109170222080e+00
4.874732882765648867e+00
4.918754154325800876e+00
4.912570872995538629e+00
4.851753225284531901e+00
4.890698668887047518e+00
4.890790956668085165e+00
4.855167873183343197e+00
4.871964249334189923e+00
4.874825170546666087e+00
4.916446959799584349e+00
4.870856795961583607e+00
4.894297892347931445e+00
4.886453430958790811e+00
4.875563472795056086e+00
4.881377603001122445e+00
4.885807416491469546e+00
4.934535364885091369e+00
4.891529258916487599e+00
4.925398874561288665e+00
4.906572167227385428e+00
4.920046183260468275e+00
4.878332106226536347e+00
4.901588627050758262e+00
4.889314352171297173e+00
4.892452136726946677e+00
4.863104622353498385e+00
4.841047842682898228e+00
4.851014923036154336e+00
4.849353742977288384e+00
4.899927446991886981e+00
4.853875844248667804e+00
4.867811299186994844e+00
4.854983297621229710e+00
4.869195615902714103e+00
4.910079102907246806e+00
4.839478950405065483e+00
4.898543130276143742e+00
4.800902657926805261e+00
4.849815181882517479e+00
4.833941683542184009e+00
4.799518341211058470e+00
4.838094633689360435e+00
4.870303069275311536e+00
4.862274032324074291e+00
4.831634489015958600e+00
4.925398874561282447e+00
4.863381485696649520e+00
4.892175273383807088e+00
4.867442148062787410e+00
4.859320823330526729e+00
4.875748048357191777e+00
4.860982003389386463e+00
4.879070408474913023e+00
4.853322117562361981e+00
4.833480244636914946e+00
4.872333400458368935e+00
4.845200792830097747e+00
4.911740282966106541e+00
4.879993286285416509e+00
4.871502810428919084e+00
4.902234641518107949e+00
4.872794839363607799e+00
4.850184333006703596e+00
4.870026205932162178e+00
4.845016217268008241e+00
4.885530553148301536e+00
4.882300480811604615e+00
4.831634489015959488e+00
4.886453430958782818e+00
4.860428276703095740e+00
4.895036194596316115e+00
4.879070408474915688e+00
4.861074291170441874e+00
4.818345048544983023e+00
4.830434747862326184e+00
4.831080762329662548e+00
4.799887492335251693e+00
4.834495410228458745e+00
4.822036559786899268e+00
4.819175638574388465e+00
4.854983297621244809e+00
4.842893598303884772e+00
4.838279209251435731e+00
4.822221135349003873e+00
4.783829418432807401e+00
4.771647431334399059e+00
4.768232783435579769e+00
4.783552555089672254e+00
4.753189875124682828e+00
4.781614511687648950e+00
4.792873620975568905e+00
4.754758767402511133e+00
4.743038219209351425e+00
4.770078539056569866e+00
4.764725847755748589e+00
4.790751002011420567e+00
4.762326365448489085e+00
4.771739719115463352e+00
4.788074656361024140e+00
4.790104987544124171e+00
4.725595828591157677e+00
4.742945931428288908e+00
4.746637442670230023e+00
4.714613582646379975e+00
4.739992722434716477e+00
4.696986616466119813e+00
4.661917259667672120e+00
4.718397381669378277e+00
4.690711047354799490e+00
4.664685893099103531e+00
4.705753955665718635e+00
4.699478386554425846e+00
4.651765603752322065e+00
4.699570674335473264e+00
4.684343190462446849e+00
4.689326730639077567e+00
4.679451938066878647e+00
4.696156026436689501e+00
4.695325436407226327e+00
4.672438066707195858e+00
4.675668139043896332e+00
4.693202817443126840e+00
4.685819794959231288e+00
4.681759132593077410e+00
4.658779475112019064e+00
4.654257373840636980e+00
4.687757838361251039e+00
4.633954062009948416e+00
4.667915965435811998e+00
4.675206700138669902e+00
4.626386463963966023e+00
4.648720106977720867e+00
4.621495211568396044e+00
4.586518142550993993e+00
4.615219642457076610e+00
4.601284187518761115e+00
4.601007324175609980e+00
4.593808877253834133e+00
4.589379063763497690e+00
4.634507788696245356e+00
4.552648526906156512e+00
4.605344849884899894e+00
4.581534602374365051e+00
4.591224819384484235e+00
4.591778546070774070e+00
4.616603959172811855e+00
4.600361309708275392e+00
4.607744332192162950e+00
4.636445832098269548e+00
4.632477457513176411e+00
4.628509082928075280e+00
4.642721401209571219e+00
4.615681081362343008e+00
4.638476163281336717e+00
4.687111823893901352e+00
4.633308047542620045e+00
4.610328390061514625e+00
4.635615242068841013e+00
4.589840502668755207e+00
4.605898576571167524e+00
4.608021195535295433e+00
4.612081857901444870e+00
4.586425854769934141e+00
4.619649455947402394e+00
4.611528131215152371e+00
4.630077975205916907e+00
4.623433254970421125e+00
4.645766897984149324e+00
4.620941484882101769e+00
4.666162497595901293e+00
4.634692364258325092e+00
4.629062809614372220e+00
4.665424195347511294e+00
4.619372592604283234e+00
4.622787240503061668e+00
4.667731389873710057e+00
4.689788169544319985e+00
4.676960167978568172e+00
4.676775592416471561e+00
4.653795934935375911e+00
4.644290293487394194e+00
4.649550697007160061e+00
4.664224454193885983e+00
4.653057632687001899e+00
4.636630407660359943e+00
4.640137343340187570e+00
4.650658150379736178e+00
4.682220571498319828e+00
4.626847902869198670e+00
4.635615242068809927e+00
4.659240914017247270e+00
4.665793346471699188e+00
4.683512600433010320e+00
4.667085375406370140e+00
4.671792052239860382e+00
4.688588428390684015e+00
4.689695881763264573e+00
4.666162497595895076e+00
4.662747849697089109e+00
4.680005664753168482e+00
4.639583616653913722e+00
4.635338378725680997e+00
4.585964415864705934e+00
4.576827925540882802e+00
4.603499094263915126e+00
4.573967004328393315e+00
4.583288070214289966e+00
4.609128648907889314e+00
4.592701423881233147e+00
4.587994747047779320e+00
4.563169333945706008e+00
4.547941850072681369e+00
4.546465245575921799e+00
4.552740814687221693e+00
4.531606912827097489e+00
4.550895059066242254e+00
4.549141591226316450e+00
4.585779840302605770e+00
4.531883776170261058e+00
4.582457480184860543e+00
4.555509448118665539e+00
4.545080928860184777e+00
4.566307118501349294e+00
4.561969592792094019e+00
4.547572698948495251e+00
4.586425854769946575e+00
4.557539779301740701e+00
4.535390711850103784e+00
4.547572698948510350e+00
4.548403288977948655e+00
4.516379428954073738e+00
4.566399406282406481e+00
4.557170628177564353e+00
4.492292318100421511e+00
4.540835690931937840e+00
4.525792782621057775e+00
4.534006395134363210e+00
4.548587864540029280e+00
4.556063174804965143e+00
4.519609501290788423e+00
4.515917990048846420e+00
4.519609501290775100e+00
4.493584347035097792e+00
4.483801842243950730e+00
4.525331343715780719e+00
4.498567887211717853e+00
4.468205207246745303e+00
4.457961263550369146e+00
4.506596924162938222e+00
4.516471716735140696e+00
4.486755051237501846e+00
4.487585641266942815e+00
4.495522390437127314e+00
4.456761522396732289e+00
4.420953863349896373e+00
4.452331708906385188e+00
4.447163593167676510e+00
4.396589889153061925e+00
4.424553086810790070e+00
4.433597289353549797e+00
4.454085176746318098e+00
4.500044491708506733e+00
4.471250704021331401e+00
4.455654069024141073e+00
4.458514990236639441e+00
4.515364263362537045e+00
4.428798324739023684e+00
4.511303600996415142e+00
4.455284917899954067e+00
4.513057068836349828e+00
4.429444339206340508e+00
4.472542732956029887e+00
4.483432691119750402e+00
4.462944803726973220e+00
4.447994183197120144e+00
4.470881552897148836e+00
4.467190041655215715e+00
4.465436573815277477e+00
4.461468199230201215e+00
4.474573064139102385e+00
4.474296200795954803e+00
4.480387194345143875e+00
4.517763745669814313e+00
4.514072234427861652e+00
4.502628549577865513e+00
4.494045785940325999e+00
4.472081294050798128e+00
4.472450445174983358e+00
4.505304895228264606e+00
4.427044856899094327e+00
4.492107742538324899e+00
4.546188382232769776e+00
4.496537556028663118e+00
4.495706965999217708e+00
4.556432325929180571e+00
4.519332637947652387e+00
4.509088694251245144e+00
4.502997700702056960e+00
4.486662763456447323e+00
4.496260692685500437e+00
4.469312660619317867e+00
4.486939626799603786e+00
4.496906707152835025e+00
4.498752462773820682e+00
4.452423996687437935e+00
4.485370734521782587e+00
4.454915766775757291e+00
4.475957380854832302e+00
4.483617266681860336e+00
4.473188747423368028e+00
4.466359451625782739e+00
4.469404948400382160e+00
4.474203913014899392e+00
4.460545321419727038e+00
4.471158416240298195e+00
4.461929638135456067e+00
4.477064834227410195e+00
4.467928343903594168e+00
4.441718614085802486e+00
4.431013231484190129e+00
4.448547909883416196e+00
4.418369805480526935e+00
4.426952569118040692e+00
4.453070011154783181e+00
4.432212972637809223e+00
4.401388853767603138e+00
4.413386265303917533e+00
4.368257540371159209e+00
4.397420479182501118e+00
4.387084247705081097e+00
4.343247551707019483e+00
4.383669599806270689e+00
4.400835127081301756e+00
4.386253657675632134e+00
4.408956451813594413e+00
4.414032279771237022e+00
4.332634456886431451e+00
4.411817373026089228e+00
4.406741545068410204e+00
4.359121050047358281e+00
4.406372393944215204e+00
4.410433056310360200e+00
4.394836421313143227e+00
4.436181347222894367e+00
4.422338180065619184e+00
4.383115873119968420e+00
4.391144910071197671e+00
4.375271411730849991e+00
4.339371464902975539e+00
4.326912614461408069e+00
4.358936474485250123e+00
4.376286577322392013e+00
4.357921308893714318e+00
4.378409196286501270e+00
4.381454693061101580e+00
4.370380159335289783e+00
4.376102001760282967e+00
4.355798689929611278e+00
4.393728967940561780e+00
4.391790924538558016e+00
4.375640562855049431e+00
4.400927414862350062e+00
4.394928709094203079e+00
4.402957746045418119e+00
4.398804795898239917e+00
4.364750604691324476e+00
4.352291754249773881e+00
4.369549569305839043e+00
4.335956817004158914e+00
4.376471152884469973e+00
4.388837715545003348e+00
4.381085541936902139e+00
4.410617631872447042e+00
4.422984194532953772e+00
4.381177829717953109e+00
4.436273635003937343e+00
4.379055210753834082e+00
4.430644080360001347e+00
4.417446927670042101e+00
4.376748016227640647e+00
4.417262352107939272e+00
4.403972911636961918e+00
4.388930003326047213e+00
4.395943874685725561e+00
4.400650551519206921e+00
4.408033574003096255e+00
4.376840304008674742e+00
4.397328191401450148e+00
4.399173947022426923e+00
4.329681247892878559e+00
