6.710018647242992074e-02
7.148361573947302483e-02
5.867051480503923666e-02
6.844893393921241964e-02
5.917629510508266161e-02
6.592003243899519083e-02
6.726877990577768973e-02
6.828034050586460901e-02
6.912330767260362052e-02
6.440269153886489517e-02
6.524565870560394831e-02
6.541425213895175894e-02
6.794315363916898776e-02
6.271675720538676113e-02
7.418111067303809203e-02
7.182080260616870160e-02
6.861752737256023027e-02
6.794315363916897388e-02
6.608862587234302921e-02
7.266376977290774086e-02
6.608862587234301533e-02
7.148361573947306646e-02
7.502407783977714517e-02
6.878612080590805478e-02
7.418111067303814754e-02
7.451829753973378268e-02
8.041906770690719630e-02
7.721579247329871110e-02
7.721579247329876661e-02
8.058766114025509020e-02
7.822735307338567201e-02
7.030346170603843370e-02
8.075625457360288695e-02
8.952311310768922004e-02
7.755297933999437399e-02
9.272638834129760810e-02
8.817436564090667950e-02
7.502407783977717293e-02
8.008188084021157505e-02
7.907032024012471128e-02
7.552985813982064645e-02
7.789016620669000912e-02
8.143062830699415722e-02
7.772157277334224013e-02
7.586704500651629546e-02
7.772157277334219849e-02
7.249517633955999962e-02
7.755297933999440174e-02
7.536126470647278031e-02
7.148361573947308034e-02
7.755297933999440174e-02
7.671001217325532084e-02
7.198939603951647059e-02
8.058766114025511795e-02
6.946049453929933892e-02
7.418111067303811978e-02
7.637282530655968571e-02
7.418111067303806427e-02
7.536126470647283582e-02
7.738438590664660499e-02
7.671001217325533472e-02
7.856453994008122388e-02
7.384392380634245689e-02
7.873313337342906226e-02
7.350673693964686339e-02
7.772157277334221237e-02
7.401251723969029528e-02
7.316955007295120050e-02
7.637282530655971347e-02
7.266376977290779637e-02
7.569845157316844320e-02
6.996627483934275693e-02
7.215798947286433673e-02
7.603563843986406445e-02
7.569845157316841544e-02
6.962908797264714955e-02
7.856453994008133490e-02
7.991328740686377829e-02
6.996627483934272917e-02
8.058766114025511795e-02
8.244218890708103487e-02
8.311656264047220799e-02
8.463390354060261467e-02
8.227359547373318260e-02
8.733139847416758472e-02
8.193640860703756135e-02
7.654141873990752409e-02
8.901733280764573264e-02
8.682561817412416671e-02
8.041906770690719630e-02
8.311656264047230513e-02
8.143062830699411558e-02
7.603563843986409221e-02
8.025047427355942731e-02
8.311656264047227738e-02
8.041906770690726569e-02
7.536126470647280806e-02
7.451829753973374104e-02
7.569845157316847095e-02
8.109344144029849433e-02
8.311656264047233289e-02
8.429671667390700729e-02
8.547687070734168169e-02
8.463390354060260079e-02
8.261078234042887325e-02
9.222060804125423172e-02
8.783717877421108600e-02
8.800577220755888275e-02
8.952311310768922004e-02
9.727841104168861996e-02
9.576107014155836594e-02
9.828997164177552537e-02
9.643544387494959458e-02
9.272638834129771912e-02
9.458091610812362215e-02
9.474950954147146054e-02
9.154623430786296145e-02
9.677263074164520196e-02
8.716280504081978797e-02
9.154623430786296145e-02
9.913293880851463402e-02
9.458091610812362215e-02
9.289498177464557138e-02
9.070326714112396382e-02
9.289498177464548812e-02
9.306357520799336813e-02
8.446531010725485955e-02
9.222060804125424560e-02
9.812137820842771474e-02
1.016618403087318073e-01
9.272638834129770524e-02
8.935451967434142329e-02
9.306357520799334038e-02
9.373794894138455513e-02
1.006502797086449713e-01
9.154623430786300309e-02
9.120904744116739571e-02
9.087186057447178833e-02
1.013246534420362416e-01
9.458091610812360828e-02
8.986029997438491068e-02
9.104045400781954345e-02
9.812137820842781188e-02
9.710981760834082321e-02
1.016618403087319045e-01
9.525528984151493406e-02
1.001444994086015949e-01
1.016618403087318767e-01
1.013246534420362555e-01
1.006502797086449574e-01
9.947012567521026916e-02
1.006502797086449991e-01
9.137764087451520634e-02
9.474950954147147442e-02
9.373794894138456901e-02
9.828997164177556700e-02
1.036849615089055765e-01
1.075626104759053181e-01
9.828997164177555312e-02
9.997590597525378431e-02
9.677263074164522971e-02
9.795278477507989023e-02
9.441232267477589479e-02
1.023362140421231053e-01
1.030105877755143201e-01
9.609825700825389005e-02
1.011560600086883477e-01
9.441232267477588092e-02
8.969170654103704454e-02
9.171482774121085535e-02
7.991328740686383381e-02
8.699421160747200510e-02
9.087186057447174670e-02
9.070326714112389443e-02
8.328515607382011576e-02
8.868014594095012526e-02
8.598265100738509970e-02
8.412812324055922442e-02
8.901733280764584366e-02
7.890172680677694228e-02
7.974469397351600930e-02
8.311656264047226350e-02
8.328515607382007413e-02
8.328515607382007413e-02
7.873313337342914553e-02
7.856453994008130715e-02
7.822735307338571364e-02
7.080924200608189334e-02
7.907032024012479454e-02
7.654141873990755185e-02
8.092484800695071145e-02
8.210500204038535810e-02
8.362234294051566763e-02
7.940750710682033253e-02
7.957610054016818479e-02
8.092484800695065594e-02
7.671001217325533472e-02
8.176781517368975072e-02
7.603563843986402282e-02
7.772157277334215686e-02
7.451829753973376880e-02
7.654141873990752409e-02
7.890172680677690065e-02
7.434970410638590266e-02
7.485548440642933454e-02
8.176781517368963970e-02
7.266376977290779637e-02
7.249517633955994411e-02
7.586704500651621219e-02
7.148361573947309422e-02
7.687860560660311759e-02
7.131502230612525584e-02
7.114642887277747296e-02
7.822735307338560262e-02
7.300095663960341763e-02
7.671001217325529309e-02
7.603563843986406445e-02
8.227359547373319648e-02
8.109344144029849433e-02
7.721579247329879436e-02
7.671001217325530697e-02
7.300095663960344539e-02
7.097783543942963458e-02
7.502407783977720068e-02
7.114642887277743133e-02
7.097783543942963458e-02
6.895471423925590704e-02
7.367533037299464627e-02
6.659440617238640558e-02
6.642581273903866435e-02
7.367533037299463239e-02
7.047205513938613330e-02
6.895471423925585153e-02
6.524565870560396219e-02
6.473987840556047479e-02
6.625721930569082596e-02
6.035644913851736376e-02
6.844893393921240576e-02
6.760596677247335262e-02
6.153660317195208673e-02
6.473987840556048867e-02
6.187379003864763860e-02
6.288535063873459952e-02
6.473987840556051643e-02
6.136800973860420672e-02
6.777456020582119101e-02
6.642581273903866435e-02
7.485548440642936230e-02
6.693159303908204072e-02
6.844893393921239189e-02
7.030346170603837819e-02
7.266376977290778250e-02
6.895471423925586540e-02
7.485548440642934842e-02
6.440269153886489517e-02
6.929190110595145891e-02
6.136800973860422059e-02
7.047205513938611943e-02
6.710018647242986523e-02
6.558284557229955569e-02
6.507706527225613768e-02
6.170519660529981409e-02
6.743737333912552812e-02
6.339113093877798977e-02
6.861752737256023027e-02
6.979768140599493242e-02
6.608862587234301533e-02
6.676299960573424397e-02
6.777456020582119101e-02
7.215798947286429510e-02
7.586704500651615668e-02
7.637282530655967183e-02
8.092484800695064207e-02
7.603563843986400894e-02
7.350673693964684952e-02
7.755297933999434623e-02
8.075625457360281756e-02
7.586704500651622607e-02
7.552985813982063257e-02
7.721579247329875273e-02
7.502407783977720068e-02
7.131502230612525584e-02
7.064064857273399944e-02
7.266376977290779637e-02
7.367533037299467402e-02
7.485548440642936230e-02
8.075625457360283144e-02
7.502407783977718680e-02
7.721579247329876661e-02
7.418111067303809203e-02
7.654141873990748246e-02
7.434970410638595817e-02
7.300095663960334824e-02
7.738438590664660499e-02
7.671001217325527921e-02
7.890172680677688677e-02
7.755297933999441562e-02
7.856453994008132102e-02
8.986029997438479966e-02
7.805875964003786138e-02
8.783717877421107212e-02
8.817436564090676276e-02
8.733139847416762636e-02
8.244218890708097935e-02
8.429671667390693790e-02
8.244218890708099323e-02
9.053467370777611156e-02
8.463390354060255916e-02
8.446531010725472077e-02
8.699421160747197734e-02
8.868014594095009751e-02
8.294796920712446675e-02
8.379093637386351989e-02
9.002889340773261029e-02
8.193640860703760298e-02
7.755297933999441562e-02
8.345374950716789864e-02
8.126203487364637434e-02
7.907032024012476679e-02
8.311656264047224962e-02
8.749999190751542311e-02
8.092484800695068370e-02
7.755297933999437399e-02
7.822735307338563038e-02
7.923891367347253578e-02
8.075625457360291470e-02
7.957610054016812928e-02
7.030346170603841982e-02
8.227359547373318260e-02
8.126203487364633271e-02
8.463390354060261467e-02
7.822735307338563038e-02
8.210500204038538585e-02
8.446531010725473465e-02
7.923891367347254966e-02
7.940750710682033253e-02
7.789016620669003688e-02
6.979768140599498794e-02
7.097783543942962070e-02
7.603563843986409221e-02
6.912330767260366216e-02
7.114642887277745908e-02
7.502407783977720068e-02
7.839594650673348264e-02
7.805875964003787526e-02
7.957610054016819867e-02
7.772157277334221237e-02
8.379093637386354765e-02
8.429671667390695178e-02
7.704719903995096986e-02
8.244218890708097935e-02
7.300095663960338987e-02
8.176781517368976460e-02
7.249517633955997187e-02
8.109344144029845269e-02
7.991328740686377829e-02
8.497109040729818041e-02
8.497109040729820817e-02
8.058766114025509020e-02
8.294796920712446675e-02
7.789016620669000912e-02
9.019748684108043479e-02
8.463390354060261467e-02
7.671001217325527921e-02
7.603563843986407833e-02
7.755297933999433235e-02
7.586704500651626770e-02
8.615124444073293808e-02
7.485548440642937618e-02
7.940750710682036029e-02
8.294796920712445287e-02
8.176781517368977847e-02
7.957610054016812928e-02
7.805875964003784750e-02
7.974469397351599542e-02
8.429671667390696566e-02
8.699421160747197734e-02
8.311656264047224962e-02
7.671001217325534860e-02
7.789016620669000912e-02
7.333814350629903889e-02
6.861752737256025803e-02
6.828034050586460901e-02
7.485548440642933454e-02
7.030346170603836431e-02
6.962908797264710792e-02
6.777456020582110774e-02
6.642581273903867822e-02
6.389691123882143553e-02
6.457128497221269192e-02
6.507706527225612381e-02
6.524565870560393444e-02
7.097783543942963458e-02
6.895471423925585153e-02
7.215798947286432286e-02
6.608862587234301533e-02
7.030346170603832268e-02
7.266376977290779637e-02
7.249517633955994411e-02
7.182080260616870160e-02
7.418111067303813366e-02
8.294796920712441124e-02
7.586704500651626770e-02
8.311656264047226350e-02
7.468689097308155167e-02
7.974469397351598154e-02
7.721579247329873885e-02
7.586704500651626770e-02
7.856453994008125163e-02
7.502407783977721456e-02
7.552985813982063257e-02
8.126203487364626332e-02
7.755297933999441562e-02
7.671001217325533472e-02
7.839594650673348264e-02
7.704719903995098373e-02
8.379093637386345050e-02
7.671001217325534860e-02
8.159922174034191233e-02
7.451829753973376880e-02
8.210500204038537198e-02
7.519267127312496968e-02
8.294796920712443900e-02
7.839594650673346876e-02
8.193640860703758910e-02
8.261078234042883162e-02
7.974469397351592603e-02
7.873313337342914553e-02
7.805875964003780587e-02
8.008188084021156117e-02
7.923891367347254966e-02
8.497109040729820817e-02
8.699421160747194959e-02
7.907032024012473903e-02
7.957610054016814316e-02
8.075625457360284531e-02
8.109344144029853596e-02
7.300095663960336212e-02
7.434970410638591654e-02
7.131502230612531135e-02
8.058766114025500693e-02
7.569845157316841544e-02
7.316955007295117275e-02
7.485548440642936230e-02
7.603563843986402282e-02
6.777456020582113549e-02
8.277937577377660061e-02
7.721579247329875273e-02
8.109344144029849433e-02
7.738438590664659111e-02
7.485548440642934842e-02
7.519267127312499743e-02
8.159922174034189846e-02
7.822735307338564426e-02
7.283236320625560700e-02
7.552985813982063257e-02
7.822735307338561650e-02
7.957610054016815704e-02
7.485548440642934842e-02
8.126203487364626332e-02
7.266376977290775474e-02
7.637282530655968571e-02
7.974469397351599542e-02
7.232658290621217512e-02
8.362234294051572314e-02
7.974469397351598154e-02
7.721579247329873885e-02
7.873313337342909002e-02
6.794315363916896000e-02
8.126203487364631883e-02
8.294796920712441124e-02
7.822735307338558874e-02
8.311656264047220799e-02
8.412812324055905788e-02
7.805875964003779199e-02
8.159922174034191233e-02
7.266376977290775474e-02
7.468689097308153779e-02
7.856453994008126551e-02
8.058766114025504856e-02
7.333814350629902501e-02
7.822735307338563038e-02
8.159922174034189846e-02
7.873313337342911777e-02
8.261078234042883162e-02
8.379093637386351989e-02
8.092484800695064207e-02
7.923891367347250803e-02
8.075625457360285919e-02
7.569845157316841544e-02
7.468689097308153779e-02
7.165220917282089097e-02
8.261078234042876223e-02
7.620423187321177794e-02
7.401251723969029528e-02
7.940750710682027702e-02
7.755297933999437399e-02
8.092484800695065594e-02
7.671001217325533472e-02
7.755297933999437399e-02
7.991328740686375054e-02
7.822735307338565813e-02
8.227359547373319648e-02
8.480249697395035591e-02
7.822735307338563038e-02
7.148361573947302483e-02
7.890172680677685901e-02
8.210500204038538585e-02
7.822735307338563038e-02
7.249517633955998575e-02
7.822735307338565813e-02
7.182080260616868772e-02
7.704719903995091435e-02
7.148361573947309422e-02
6.507706527225613768e-02
7.047205513938616106e-02
6.406550467216926004e-02
7.215798947286433673e-02
6.372831780547363878e-02
7.418111067303806427e-02
7.266376977290776862e-02
6.355972437212582815e-02
7.148361573947308034e-02
6.575143900564742183e-02
7.418111067303809203e-02
7.030346170603835043e-02
7.064064857273402720e-02
7.198939603951651223e-02
6.946049453929932505e-02
6.946049453929931117e-02
6.811174707251681226e-02
6.828034050586458126e-02
6.406550467216923228e-02
6.457128497221269192e-02
6.136800973860422753e-02
6.322253750543012363e-02
6.895471423925585153e-02
6.912330767260364828e-02
7.283236320625552374e-02
6.760596677247332487e-02
6.473987840556050255e-02
6.592003243899517695e-02
6.507706527225615156e-02
6.878612080590802702e-02
6.389691123882140777e-02
6.996627483934274305e-02
7.451829753973369941e-02
7.182080260616867384e-02
7.215798947286432286e-02
6.811174707251675675e-02
7.030346170603835043e-02
7.232658290621213348e-02
6.895471423925583765e-02
7.418111067303806427e-02
7.434970410638593041e-02
6.912330767260366216e-02
7.131502230612524196e-02
7.552985813982061869e-02
7.215798947286433673e-02
7.536126470647279418e-02
6.912330767260368991e-02
7.215798947286430898e-02
7.030346170603833655e-02
7.013486827269053980e-02
7.907032024012475291e-02
7.873313337342907614e-02
7.468689097308155167e-02
7.738438590664657724e-02
8.345374950716787088e-02
7.586704500651626770e-02
8.159922174034196785e-02
8.362234294051572314e-02
8.075625457360287307e-02
8.041906770690726569e-02
8.126203487364634659e-02
8.615124444073293808e-02
8.615124444073291032e-02
8.463390354060260079e-02
8.766858534086334476e-02
9.171482774121082759e-02
1.040221483756012671e-01
9.896434537516687890e-02
1.011560600086884726e-01
9.542388327486284183e-02
1.046965221089926068e-01
1.094171382427313877e-01
1.036849615089057292e-01
1.178468099101220717e-01
1.148121281098614388e-01
1.173410296100785843e-01
1.225674260438609359e-01
1.232417997772522616e-01
1.342003729448600635e-01
1.412812971454682487e-01
1.412812971454681654e-01
1.441473855123810432e-01
1.596579813803797043e-01
1.657273449809007482e-01
1.680876530477702635e-01
1.797205999487688777e-01
1.962427564168547356e-01
1.928708877498986063e-01
2.122591325848968424e-01
2.225433320191130826e-01
2.424373571541548478e-01
2.535645237551103492e-01
2.736271423235002165e-01
2.894749250581947209e-01
3.043111471928021672e-01
3.277456344281487466e-01
3.564065180972758040e-01
3.840558411663184679e-01
4.042870531680557433e-01
4.440751034381391071e-01
4.830201865414849305e-01
5.128612242440470093e-01
5.738920471159543180e-01
6.032273045184732840e-01
6.586945440899032445e-01
7.136560033612885379e-01
7.623795055988050740e-01
8.554430808067963188e-01
9.021434618441398490e-01
1.011392006653522690e+00
1.086753271359994111e+00
1.174759043567551453e+00
1.299012403944886485e+00
1.388198330185879570e+00
1.502673271429048940e+00
1.677841848677428027e+00
1.797543186354376044e+00
1.940847604700018270e+00
2.161199222085615101e+00
2.336367799334003070e+00
2.536319611284512554e+00
2.806069104641027767e+00
2.960332096154279391e+00
3.240028602078304232e+00
3.534898517003625784e+00
3.845953401530346039e+00
4.171170134458263234e+00
4.495206713352761341e+00
4.899999546820854590e+00
5.303612226255512319e+00
5.774662279029301182e+00
6.193954147765301954e+00
6.708332712909461648e+00
7.219002222520013667e+00
7.757489648632910573e+00
8.357850864784465372e+00
9.001540593306431859e+00
9.702720682599919044e+00
1.039597688052617741e+01
1.108619839665209739e+01
1.187909331368690680e+01
1.261854411235041340e+01
1.343807679185412063e+01
1.431206515032920024e+01
1.513446391819982040e+01
1.592280681253418528e+01
1.688699265785036729e+01
1.787022956113474237e+01
1.865756089486911762e+01
1.967384211108969083e+01
2.059571100463557158e+01
2.140816275993868700e+01
2.245023877146153879e+01
2.353918375745500668e+01
2.437557578029351291e+01
2.521348514403209506e+01
2.635638002869696805e+01
2.715298400126533096e+01
2.794807063293368188e+01
2.901577284632535836e+01
2.973532961985387502e+01
3.069361469500286788e+01
3.140491039029717157e+01
3.218853266849787786e+01
3.287521372252351881e+01
3.375476566429897929e+01
3.445493419299241822e+01
3.505580118944412504e+01
3.545216435124484633e+01
3.606146101936383985e+01
3.692718829960482907e+01
3.719912950759490400e+01
3.781449553931432206e+01
3.838231822282975969e+01
3.871714478145862159e+01
3.904826228455377191e+01
3.947615241839053368e+01
3.970881135641045745e+01
4.021627759078746323e+01
4.058060800025199200e+01
4.084715421837481841e+01
4.111892683293167750e+01
4.121418212277320237e+01
4.151967342399927219e+01
4.168776107704707101e+01
4.190187473739879920e+01
4.188686992183077251e+01
4.234072344440308910e+01
4.241524174194283603e+01
4.220129667502453685e+01
4.267184094749823942e+01
4.267824749796542250e+01
4.286943245138196090e+01
4.281885442137753728e+01
4.267841609139883730e+01
4.298289583202491571e+01
4.317340641170797966e+01
4.301813185959467489e+01
4.325500563344849070e+01
4.321032837361107681e+01
4.313361836143787542e+01
4.303549698322949979e+01
4.348597863713488465e+01
4.335582450659045151e+01
4.300987078136062536e+01
4.337875321352562707e+01
4.323662894921336886e+01
4.328670119891766888e+01
4.323679754264660602e+01
4.317728406067507052e+01
4.353908556863936496e+01
4.319920120701021204e+01
4.327591121918350581e+01
4.369840636315306170e+01
4.320004417417695919e+01
4.329175900191819437e+01
4.329074744131791874e+01
4.316413377287390318e+01
4.336644589289122820e+01
4.334908076925636777e+01
4.324994783044778757e+01
4.347990927353431800e+01
4.333913375668895895e+01
4.336037652929076813e+01
4.324775611581435442e+01
4.326731295408271905e+01
4.327810293381694606e+01
4.340859425122820170e+01
4.319431199744303029e+01
4.329900851955210328e+01
4.333947094355558249e+01
4.316244783854038758e+01
4.331603645632026200e+01
4.350502969510323226e+01
4.320358463627731282e+01
4.335734184749058073e+01
4.354903258120700116e+01
4.323595457548003651e+01
4.333222142592163095e+01
4.343725513489728485e+01
4.317627250007498674e+01
4.316463955317394152e+01
4.327793434038362363e+01
4.326073781018218511e+01
4.338566554429289823e+01
4.342073297842929946e+01
4.321386883571157256e+01
4.329496227715178236e+01
4.331873395125363402e+01
4.326714436064955294e+01
4.338532835742623206e+01
4.332632065575463542e+01
4.323055958561293011e+01
4.338347382965939403e+01
4.341736110976220431e+01
4.344062700356415263e+01
4.322870505784604944e+01
4.332547768858777459e+01
4.336661448632460036e+01
4.330726959778624519e+01
4.328703838578443452e+01
4.345664337973237679e+01
4.337049213529156333e+01
4.330996709271978062e+01
4.341449502139531091e+01
4.299958658192638694e+01
4.329310774938483064e+01
4.338903741295974470e+01
4.326360389854919219e+01
4.342629656172976382e+01
4.321960101244527408e+01
4.311456730346948518e+01
4.320409041657732985e+01
4.313530429577149761e+01
4.297800662245789738e+01
4.295170604685562665e+01
4.312771759127066673e+01
4.295592088268936948e+01
4.267841609139887282e+01
4.257321378898991782e+01
4.260120029892545546e+01
4.260339201355905203e+01
4.240630628997550389e+01
4.232824753033532517e+01
4.200842578727466048e+01
4.182263582372527111e+01
4.157716378477094565e+01
4.135091139721821207e+01
4.109734687346284687e+01
4.107644128772793124e+01
4.075914844616715271e+01
4.032822363053042380e+01
4.005645101597364999e+01
3.956871021329846627e+01
3.943096937825316672e+01
3.894440872961141054e+01
3.839226523539719693e+01
3.813802633790886176e+01
3.767624892396914760e+01
3.682181740376248769e+01
3.662186559181191825e+01
3.578075295283970547e+01
3.529250636986441236e+01
3.486444764259439211e+01
3.396399011508372467e+01
3.318930328885043934e+01
3.265165882990418567e+01
3.163874948235048024e+01
3.102001158196412689e+01
3.017535848089159956e+01
2.934587878882029344e+01
2.868516112353034941e+01
2.769265158141183392e+01
2.674262758449674493e+01
2.580322497388279146e+01
2.466943413461872581e+01
2.394515674495657009e+01
2.306206434108066361e+01
2.202639488002504109e+01
2.093441521223128632e+01
2.018788348936717369e+01
1.915474292981177129e+01
1.831261873023939657e+01
1.726481054198277221e+01
1.648894356171619435e+01
1.549575964586416532e+01
1.463424720145682656e+01
1.390120295326057409e+01
1.301962789028484657e+01
1.222656437981675559e+01
1.144193054101601703e+01
1.072051923972072274e+01
1.001158385249320126e+01
9.353563682136694979e+00
8.748481849851351910e+00
8.159584987167466608e+00
7.598843227852605686e+00
6.961728643231229086e+00
6.514956044859510520e+00
6.031430078017995022e+00
5.573530313045352180e+00
5.133670045440925200e+00
4.789402254544681270e+00
4.391690345277206475e+00
4.055177852314968412e+00
3.716473644719215041e+00
3.438631666562027345e+00
3.117966956334476514e+00
2.879070061280623261e+00
2.630394747092605900e+00
2.399927523706125054e+00
2.223578792424306450e+00
2.042172258142051611e+00
1.838511390657892930e+00
1.698241654112512489e+00
1.546338970666127466e+00
1.421748423422094953e+00
1.309633790245803509e+00
1.196001816169375731e+00
1.100915119761207484e+00
1.009706072320042836e+00
8.756742928085360367e-01
8.217243941372349703e-01
7.542870207981112740e-01
6.962908797264643068e-01
6.549854885562494955e-01
5.835018728167794544e-01
5.580442643812608683e-01
5.212908959114372909e-01
4.762764492075714506e-01
4.317677828037486676e-01
4.167629672357935910e-01
3.700625861984495057e-01
3.513487150968420125e-01
3.174614349939315905e-01
3.007706850924980468e-01
2.702552736565436153e-01
2.555876449552841878e-01
2.331647183200250550e-01
2.136078800516791609e-01
2.080442967512016739e-01
1.979286907503328419e-01
1.780346656152910767e-01
1.616811025805532653e-01
1.613439157138576441e-01
1.556117389800320550e-01
1.368978678784252001e-01
1.439787920790332187e-01
1.276252290442953519e-01
1.225674260438609220e-01
1.168352493100352912e-01
1.242533603773390422e-01
1.041907418089492304e-01
9.879575194181904052e-02
9.997590597525385370e-02
9.710981760834089260e-02
8.817436564090679052e-02
9.104045400781958508e-02
8.581405757403735846e-02
7.772157277334222625e-02
8.412812324055919666e-02
7.940750710682038804e-02
7.502407783977720068e-02
7.805875964003781975e-02
7.637282530655969959e-02
7.367533037299471566e-02
7.839594650673345488e-02
6.996627483934277081e-02
7.586704500651623995e-02
7.569845157316847095e-02
7.384392380634251241e-02
7.232658290621214736e-02
7.384392380634245689e-02
7.738438590664660499e-02
6.946049453929929729e-02
6.642581273903863659e-02
7.097783543942966233e-02
7.131502230612521420e-02
6.103082287190859934e-02
6.861752737256021639e-02
6.558284557229952794e-02
7.300095663960333436e-02
6.929190110595148666e-02
6.558284557229955569e-02
6.828034050586459514e-02
6.625721930569081208e-02
6.069363600521294339e-02
6.625721930569081208e-02
6.592003243899514919e-02
5.647880017151761523e-02
6.440269153886485354e-02
5.462427240469162892e-02
5.985066883847389024e-02
5.799614107164794558e-02
6.254816377203889499e-02
5.529864613808289919e-02
6.423409810551708454e-02
6.018785570516949068e-02
5.597301987147420416e-02
5.867051480503918809e-02
5.883910823838704035e-02
5.378130523795259660e-02
5.394989867130041417e-02
5.631020673816977684e-02
5.344411837125694759e-02
5.209537090447443480e-02
5.428708553799603542e-02
5.276974463786569119e-02
5.226396433782227319e-02
5.951348197177826899e-02
5.209537090447442786e-02
5.664739360486543279e-02
6.069363600521297114e-02
5.681598703821325036e-02
5.664739360486541891e-02
5.968207540512609349e-02
5.445567897134383911e-02
5.799614107164794558e-02
5.749036077160451369e-02
6.035644913851734988e-02
6.221097690534329455e-02
5.681598703821321567e-02
6.423409810551704291e-02
5.799614107164793864e-02
5.968207540512607268e-02
6.271675720538673338e-02
5.883910823838700566e-02
5.580442643812637271e-02
6.153660317195203816e-02
6.204238347199547005e-02
5.900770167173483016e-02
5.310693150456134021e-02
5.546723957143074452e-02
5.108381030438759879e-02
5.816473450499578396e-02
5.681598703821325036e-02
5.631020673816978378e-02
5.293833807121353652e-02
5.850192137169139828e-02
5.057803000434411139e-02
5.614161330482199397e-02
5.479286583803945343e-02
5.158959060443102373e-02
5.614161330482199397e-02
5.411849210464823173e-02
5.951348197177827593e-02
5.361271180460476515e-02
5.900770167173478853e-02
5.293833807121351570e-02
5.647880017151761523e-02
4.703756790404005350e-02
5.108381030438758491e-02
4.922928253756161943e-02
5.563583300477854127e-02
4.922928253756161943e-02
5.563583300477854127e-02
5.091521687103975347e-02
4.939787597090943005e-02
5.175818403777884824e-02
5.765895420495232432e-02
5.074662343769193590e-02
5.411849210464823173e-02
5.833332793834357377e-02
5.158959060443100292e-02
4.821772193747476259e-02
5.631020673816978378e-02
5.681598703821325036e-02
6.103082287190860628e-02
5.867051480503919503e-02
5.917629510508261997e-02
5.479286583803950894e-02
6.187379003864768023e-02
6.524565870560396219e-02
6.507706527225610993e-02
6.979768140599490467e-02
7.114642887277741745e-02
6.473987840556047479e-02
6.490847183890827155e-02
6.473987840556047479e-02
6.355972437212575876e-02
6.254816377203890887e-02
6.828034050586459514e-02
6.575143900564736632e-02
6.288535063873454400e-02
6.710018647242989298e-02
6.693159303908206847e-02
6.929190110595150054e-02
7.047205513938618882e-02
6.339113093877797589e-02
6.979768140599490467e-02
6.726877990577768973e-02
6.828034050586456738e-02
6.339113093877798977e-02
6.406550467216923228e-02
6.794315363916894612e-02
6.136800973860419978e-02
6.743737333912552812e-02
6.204238347199550474e-02
6.170519660529982797e-02
6.322253750543019302e-02
6.406550467216923228e-02
5.833332793834356683e-02
6.541425213895175894e-02
6.204238347199547005e-02
5.985066883847389718e-02
6.237957033869110518e-02
6.389691123882142165e-02
6.794315363916894612e-02
6.946049453929929729e-02
6.473987840556048867e-02
6.659440617238644722e-02
6.355972437212577264e-02
6.153660317195203816e-02
6.962908797264710792e-02
6.743737333912551424e-02
6.828034050586455350e-02
7.080924200608176844e-02
6.794315363916896000e-02
7.064064857273395781e-02
6.979768140599490467e-02
6.844893393921241964e-02
6.811174707251677063e-02
7.198939603951644284e-02
6.288535063873454400e-02
6.372831780547363878e-02
6.322253750543019302e-02
7.401251723969029528e-02
6.170519660529986961e-02
6.423409810551705679e-02
6.861752737256023027e-02
7.434970410638591654e-02
6.575143900564740795e-02
6.457128497221269192e-02
7.097783543942964846e-02
6.878612080590802702e-02
6.642581273903869210e-02
7.148361573947308034e-02
7.300095663960336212e-02
6.726877990577775912e-02
7.266376977290775474e-02
6.372831780547362490e-02
7.401251723969023977e-02
6.558284557229958345e-02
6.726877990577770361e-02
7.198939603951651223e-02
6.592003243899517695e-02
6.726877990577770361e-02
7.080924200608178232e-02
6.575143900564736632e-02
6.575143900564738020e-02
6.541425213895173119e-02
7.131502230612525584e-02
6.828034050586459514e-02
6.743737333912551424e-02
6.912330767260363440e-02
7.047205513938617494e-02
7.215798947286430898e-02
6.861752737256024415e-02
7.805875964003780587e-02
7.283236320625557925e-02
7.148361573947302483e-02
7.114642887277743133e-02
7.384392380634248465e-02
6.524565870560396219e-02
7.350673693964686339e-02
7.080924200608176844e-02
6.878612080590805478e-02
7.519267127312494192e-02
7.080924200608179619e-02
6.507706527225616544e-02
7.654141873990746858e-02
7.704719903995092822e-02
7.013486827269053980e-02
7.873313337342904839e-02
7.721579247329873885e-02
6.254816377203890887e-02
6.844893393921243352e-02
7.215798947286439224e-02
7.114642887277744521e-02
7.249517633955999962e-02
6.996627483934274305e-02
6.406550467216927391e-02
7.485548440642934842e-02
6.625721930569082596e-02
6.575143900564740795e-02
7.165220917282084934e-02
7.080924200608179619e-02
6.895471423925586540e-02
6.895471423925583765e-02
7.316955007295125601e-02
7.097783543942957907e-02
7.266376977290776862e-02
6.895471423925587928e-02
8.193640860703753359e-02
6.777456020582114937e-02
6.794315363916897388e-02
7.198939603951651223e-02
7.148361573947309422e-02
7.451829753973374104e-02
6.878612080590802702e-02
7.198939603951655386e-02
7.721579247329878049e-02
6.726877990577770361e-02
7.215798947286430898e-02
7.704719903995091435e-02
6.760596677247338038e-02
7.047205513938618882e-02
6.642581273903867822e-02
6.473987840556053031e-02
6.726877990577768973e-02
7.182080260616868772e-02
6.794315363916897388e-02
7.249517633955999962e-02
6.946049453929926953e-02
7.215798947286432286e-02
7.047205513938623045e-02
7.232658290621214736e-02
7.451829753973368553e-02
7.738438590664656336e-02
7.131502230612528359e-02
7.637282530655965795e-02
7.940750710682031865e-02
7.080924200608181007e-02
7.805875964003787526e-02
7.249517633955994411e-02
6.726877990577771749e-02
7.890172680677690065e-02
6.946049453929928341e-02
7.300095663960338987e-02
7.333814350629905277e-02
7.485548440642934842e-02
7.047205513938620269e-02
7.569845157316841544e-02
8.075625457360283144e-02
6.861752737256021639e-02
7.569845157316844320e-02
6.946049453929931117e-02
6.541425213895177282e-02
6.625721930569082596e-02
6.558284557229959733e-02
6.777456020582119101e-02
6.710018647242989298e-02
6.962908797264713567e-02
6.592003243899521858e-02
6.119941630525641690e-02
6.693159303908208235e-02
6.794315363916897388e-02
6.339113093877801752e-02
6.743737333912551424e-02
6.052504257186518133e-02
5.934488853843046530e-02
6.895471423925585153e-02
6.507706527225612381e-02
6.288535063873455788e-02
6.490847183890828542e-02
6.625721930569085372e-02
6.305394407208234075e-02
6.271675720538670562e-02
6.693159303908208235e-02
6.305394407208232688e-02
6.035644913851737070e-02
6.254816377203892275e-02
6.389691123882144941e-02
6.170519660529983491e-02
6.204238347199549086e-02
5.985066883847392494e-02
5.833332793834358765e-02
6.710018647242992074e-02
7.080924200608182395e-02
6.777456020582116325e-02
7.249517633955998575e-02
6.946049453929929729e-02
7.300095663960343151e-02
7.502407783977708966e-02
7.013486827269053980e-02
6.811174707251681226e-02
7.266376977290776862e-02
7.215798947286433673e-02
7.148361573947305259e-02
7.333814350629899725e-02
7.856453994008123776e-02
7.384392380634244302e-02
7.401251723969028140e-02
7.620423187321184733e-02
8.109344144029848045e-02
7.165220917282089097e-02
7.367533037299466014e-02
7.856453994008121000e-02
8.075625457360284531e-02
7.316955007295118663e-02
7.401251723969022589e-02
7.047205513938618882e-02
7.923891367347253578e-02
6.777456020582120488e-02
7.249517633955991636e-02
7.300095663960341763e-02
7.114642887277741745e-02
7.536126470647283582e-02
6.794315363916894612e-02
7.637282530655969959e-02
6.726877990577778688e-02
6.608862587234297370e-02
7.654141873990752409e-02
6.878612080590805478e-02
7.064064857273401332e-02
6.507706527225612381e-02
6.490847183890829930e-02
6.575143900564735244e-02
6.440269153886483966e-02
6.440269153886486742e-02
7.215798947286426734e-02
6.726877990577774524e-02
7.165220917282089097e-02
6.912330767260367603e-02
7.080924200608181007e-02
7.350673693964680788e-02
7.266376977290772698e-02
6.861752737256023027e-02
6.996627483934272917e-02
7.536126470647276643e-02
6.473987840556048867e-02
7.030346170603832268e-02
6.861752737256021639e-02
7.367533037299466014e-02
7.064064857273398557e-02
7.047205513938618882e-02
6.710018647242989298e-02
7.097783543942964846e-02
6.878612080590808253e-02
6.575143900564743571e-02
6.861752737256018864e-02
6.642581273903865047e-02
7.300095663960338987e-02
6.794315363916901551e-02
7.080924200608179619e-02
7.182080260616870160e-02
7.064064857273397169e-02
7.047205513938623045e-02
7.064064857273399944e-02
7.654141873990752409e-02
7.569845157316840156e-02
7.755297933999437399e-02
6.710018647242993461e-02
7.451829753973375492e-02
7.502407783977713129e-02
7.671001217325533472e-02
7.687860560660314535e-02
7.148361573947306646e-02
7.097783543942966233e-02
7.418111067303811978e-02
7.316955007295118663e-02
7.232658290621214736e-02
6.811174707251681226e-02
6.760596677247333874e-02
6.929190110595148666e-02
7.232658290621216124e-02
6.996627483934275693e-02
6.726877990577770361e-02
7.249517633955998575e-02
7.434970410638590266e-02
7.384392380634248465e-02
7.148361573947308034e-02
8.041906770690723794e-02
7.182080260616871548e-02
7.485548440642932067e-02
7.654141873990753797e-02
7.131502230612525584e-02
8.075625457360290083e-02
7.738438590664654948e-02
8.547687070734165393e-02
7.468689097308155167e-02
7.316955007295118663e-02
7.822735307338565813e-02
7.603563843986406445e-02
7.671001217325530697e-02
8.547687070734157067e-02
8.193640860703751971e-02
7.637282530655971347e-02
8.244218890708099323e-02
7.755297933999433235e-02
7.687860560660314535e-02
7.434970410638588878e-02
7.654141873990753797e-02
7.856453994008129327e-02
7.940750710682034641e-02
7.822735307338560262e-02
7.789016620668999524e-02
7.755297933999433235e-02
7.687860560660308984e-02
7.300095663960341763e-02
6.996627483934272917e-02
7.165220917282091873e-02
7.030346170603839207e-02
7.586704500651623995e-02
6.962908797264709404e-02
7.569845157316844320e-02
6.962908797264716343e-02
7.569845157316841544e-02
7.654141873990752409e-02
7.350673693964684952e-02
6.659440617238643334e-02
7.266376977290781025e-02
7.232658290621216124e-02
7.047205513938620269e-02
7.131502230612525584e-02
7.198939603951651223e-02
7.637282530655969959e-02
7.249517633955999962e-02
7.182080260616871548e-02
7.064064857273399944e-02
6.608862587234307084e-02
6.710018647242989298e-02
6.693159303908206847e-02
6.979768140599494630e-02
6.592003243899520470e-02
7.434970410638594429e-02
6.844893393921240576e-02
6.625721930569083984e-02
6.794315363916898776e-02
6.659440617238646110e-02
6.844893393921241964e-02
6.726877990577774524e-02
6.608862587234301533e-02
6.794315363916900163e-02
7.148361573947305259e-02
6.760596677247335262e-02
7.586704500651621219e-02
6.355972437212581427e-02
6.339113093877796201e-02
7.013486827269056756e-02
6.760596677247331099e-02
7.198939603951651223e-02
7.148361573947310810e-02
6.693159303908209623e-02
7.485548440642936230e-02
7.333814350629899725e-02
6.962908797264710792e-02
7.300095663960344539e-02
7.367533037299464627e-02
6.760596677247333874e-02
6.895471423925590704e-02
7.080924200608181007e-02
6.996627483934275693e-02
7.738438590664659111e-02
6.878612080590805478e-02
7.502407783977720068e-02
7.333814350629902501e-02
7.721579247329875273e-02
7.772157277334214298e-02
7.418111067303813366e-02
7.300095663960341763e-02
7.283236320625557925e-02
7.552985813982057706e-02
7.637282530655972734e-02
6.710018647242992074e-02
7.789016620669002300e-02
7.350673693964683564e-02
7.890172680677690065e-02
7.569845157316842932e-02
7.839594650673341325e-02
7.384392380634251241e-02
7.232658290621214736e-02
7.940750710682031865e-02
7.923891367347252190e-02
7.805875964003784750e-02
7.873313337342909002e-02
8.025047427355941343e-02
7.333814350629903889e-02
8.176781517368966745e-02
7.468689097308152391e-02
8.092484800695062819e-02
8.227359547373322424e-02
8.126203487364633271e-02
7.839594650673344101e-02
7.468689097308156555e-02
7.468689097308153779e-02
7.215798947286430898e-02
7.333814350629899725e-02
7.552985813982067420e-02
8.783717877421103049e-02
8.311656264047222187e-02
8.092484800695068370e-02
8.345374950716788476e-02
8.918592624099350163e-02
7.738438590664656336e-02
8.193640860703757522e-02
7.907032024012471128e-02
7.047205513938620269e-02
7.704719903995088659e-02
7.519267127312498356e-02
7.333814350629899725e-02
7.654141873990746858e-02
7.704719903995095598e-02
6.962908797264706628e-02
7.215798947286433673e-02
6.912330767260362052e-02
7.097783543942960682e-02
6.760596677247329711e-02
6.794315363916896000e-02
6.625721930569086759e-02
7.013486827269055368e-02
6.912330767260367603e-02
7.232658290621214736e-02
7.215798947286430898e-02
7.198939603951651223e-02
6.760596677247333874e-02
6.642581273903865047e-02
6.693159303908201296e-02
6.389691123882147716e-02
6.339113093877797589e-02
6.271675720538676113e-02
6.271675720538673338e-02
6.878612080590808253e-02
6.052504257186514663e-02
5.833332793834355989e-02
6.406550467216927391e-02
6.153660317195205204e-02
6.457128497221270580e-02
6.018785570516952538e-02
5.681598703821324342e-02
5.479286583803946037e-02
5.968207540512607268e-02
5.917629510508266161e-02
6.221097690534328761e-02
5.698458047156106793e-02
6.069363600521296420e-02
6.575143900564733856e-02
6.018785570516957395e-02
6.440269153886485354e-02
5.917629510508262691e-02
6.254816377203890887e-02
6.440269153886485354e-02
6.794315363916896000e-02
5.934488853843047224e-02
6.575143900564736632e-02
6.878612080590801314e-02
6.322253750543016526e-02
6.119941630525642384e-02
6.608862587234302921e-02
6.979768140599489079e-02
6.861752737256023027e-02
7.451829753973375492e-02
6.710018647242987910e-02
6.895471423925582377e-02
7.047205513938618882e-02
