6.350789465675460432e-02
6.125214976457477728e-02
6.073159325099484335e-02
6.611067722465438501e-02
6.402845117033457989e-02
6.749882792753422733e-02
6.715179025181428063e-02
6.021103673741491635e-02
6.680475257609432005e-02
6.090511208885483752e-02
5.795529184523508237e-02
6.264030046745468205e-02
6.229326279173474229e-02
6.541660187321442221e-02
7.096920468473401356e-02
6.645771490037434559e-02
6.298733814317468427e-02
7.773643936127340448e-02
7.062216700901402522e-02
7.079568584687401245e-02
7.617476982053357493e-02
7.287791190119383145e-02
7.877755238843330010e-02
7.548069446909357050e-02
7.981866541559323736e-02
8.276848565921306189e-02
8.918868266003242284e-02
8.658590009213266991e-02
8.311552333493296696e-02
8.207441030777308522e-02
7.634828865839353440e-02
7.912459006415326068e-02
8.120681611847309356e-02
7.981866541559322348e-02
7.756292052341344501e-02
7.530717563123362490e-02
7.582773214481357271e-02
7.895107122629334284e-02
8.346256101065291366e-02
7.895107122629327345e-02
7.981866541559326511e-02
7.704236400983348332e-02
8.623886241641275097e-02
7.669532633411349498e-02
8.363607984851294253e-02
7.964514657773327788e-02
8.085977844275316073e-02
8.120681611847316295e-02
8.068625960489317350e-02
8.276848565921299250e-02
8.190089146991309799e-02
8.675941892999264327e-02
8.537126822711278706e-02
8.398311752423290311e-02
7.877755238843332786e-02
8.415663636209289034e-02
8.242144798349301804e-02
8.328904217279295419e-02
7.582773214481355883e-02
7.929810890201328955e-02
7.964514657773325013e-02
8.016570309131319794e-02
7.391902492835371319e-02
8.051274076703320015e-02
7.339846841477376538e-02
7.686884517197344058e-02
6.888697863041415292e-02
7.183679887403390807e-02
6.819290327897419013e-02
7.253087422547380148e-02
6.836642211683419124e-02
7.357198725263373873e-02
6.680475257609429229e-02
7.096920468473393029e-02
7.409254376621368654e-02
6.801938444111420290e-02
6.541660187321446385e-02
7.478661911765364934e-02
6.749882792753425509e-02
6.385493233247455103e-02
7.166328003617392084e-02
6.871345979255415182e-02
6.975457281971407519e-02
6.697827141395432116e-02
7.530717563123361102e-02
6.975457281971403356e-02
6.749882792753429672e-02
6.958105398185412960e-02
7.634828865839349277e-02
7.201031771189386754e-02
6.958105398185411572e-02
7.201031771189382591e-02
6.975457281971404744e-02
6.975457281971406132e-02
6.229326279173467984e-02
6.264030046745464042e-02
6.871345979255412406e-02
6.420197000819455324e-02
6.888697863041415292e-02
6.385493233247459266e-02
5.778177300737511596e-02
6.211974395387469261e-02
6.541660187321443609e-02
6.055807441313482836e-02
6.003751789955489443e-02
6.073159325099480865e-02
6.090511208885480282e-02
5.500547160161532723e-02
5.760825416951509403e-02
5.882288603453499770e-02
5.292324554729548741e-02
6.090511208885481670e-02
5.396435857445542467e-02
6.107863092671479699e-02
5.153509484441561039e-02
6.055807441313484918e-02
6.142566860243479920e-02
5.760825416951507322e-02
5.916992371025495134e-02
5.396435857445539691e-02
5.951696138597492580e-02
5.864936719667498966e-02
6.125214976457479810e-02
5.812881068309504878e-02
6.350789465675457657e-02
5.951696138597494662e-02
6.038455557527483419e-02
5.760825416951512873e-02
6.454900768391452770e-02
5.708769765593513928e-02
6.333437581889457546e-02
6.073159325099481559e-02
5.795529184523506849e-02
6.333437581889464485e-02
5.691417881807517981e-02
5.916992371025496522e-02
6.767234676539422844e-02
6.472252652177450105e-02
6.940753514399407298e-02
6.888697863041409741e-02
6.559012071107445108e-02
6.784586560325422955e-02
7.096920468473395804e-02
6.906049746827414015e-02
6.732530908967426786e-02
6.923401630613409963e-02
6.298733814317465651e-02
6.472252652177450105e-02
7.148976119831396137e-02
7.027512933329402300e-02
5.951696138597492580e-02
6.385493233247456490e-02
6.350789465675459045e-02
6.194622511601471232e-02
6.663123373823433282e-02
6.021103673741489554e-02
6.073159325099481559e-02
5.899640487239498493e-02
6.454900768391452770e-02
6.177270627815473897e-02
6.385493233247455103e-02
5.656714114235517066e-02
5.916992371025497216e-02
5.795529184523506849e-02
5.743473533165509987e-02
5.552602811519528891e-02
6.229326279173469372e-02
5.587306579091521480e-02
4.910583111437583081e-02
5.066750065511567425e-02
5.101453833083566952e-02
5.760825416951510791e-02
5.049398181725570089e-02
5.066750065511567425e-02
5.344380206087545604e-02
4.528841668145616034e-02
4.685008622219602459e-02
5.205565135799555820e-02
5.431139625017536443e-02
5.257620787157549908e-02
5.778177300737506045e-02
5.604658462877526448e-02
5.587306579091522174e-02
5.552602811519526810e-02
5.830232952095504295e-02
5.708769765593513235e-02
5.413787741231539802e-02
5.916992371025495828e-02
5.483195276375532612e-02
6.194622511601471232e-02
5.483195276375533306e-02
5.379083973659541662e-02
6.246678162959466013e-02
5.587306579091524950e-02
6.021103673741486084e-02
6.559012071107439557e-02
6.107863092671479005e-02
6.107863092671480393e-02
6.177270627815472509e-02
6.264030046745466818e-02
5.882288603453499076e-02
6.211974395387472730e-02
6.749882792753425509e-02
6.888697863041415292e-02
6.454900768391451382e-02
6.107863092671480393e-02
6.871345979255415182e-02
5.951696138597495356e-02
6.541660187321442221e-02
6.524308303535444886e-02
6.073159325099486416e-02
6.350789465675459045e-02
6.454900768391451382e-02
6.194622511601473314e-02
6.524308303535442111e-02
6.784586560325421567e-02
6.593715838679438390e-02
6.506956419749444775e-02
6.645771490037430396e-02
6.073159325099485029e-02
6.506956419749448939e-02
6.368141349461456380e-02
6.264030046745465430e-02
6.159918744029476562e-02
6.125214976457479116e-02
6.663123373823431894e-02
5.882288603453498382e-02
6.194622511601473314e-02
5.396435857445538303e-02
5.830232952095503601e-02
5.969048022383492691e-02
6.437548884605449884e-02
5.604658462877521591e-02
5.327028322301544799e-02
5.292324554729547353e-02
4.962638762795577169e-02
5.569954695305525533e-02
5.552602811519529585e-02
5.448491508803534472e-02
5.882288603453498382e-02
5.153509484441561039e-02
5.205565135799557208e-02
5.205565135799558596e-02
6.038455557527484807e-02
5.118805716869562900e-02
5.674065998021516483e-02
5.222917019585553849e-02
5.344380206087544910e-02
5.465843392589533889e-02
4.927934995223581111e-02
5.344380206087549073e-02
5.743473533165510680e-02
5.084101949297564760e-02
5.292324554729550823e-02
5.274972670943552794e-02
5.604658462877523672e-02
4.511489784359614535e-02
4.858527460079584831e-02
4.997342530367573227e-02
5.153509484441561039e-02
5.136157600655561623e-02
5.500547160161529947e-02
5.916992371025496522e-02
5.483195276375531918e-02
5.327028322301540636e-02
5.569954695305525533e-02
4.910583111437580306e-02
4.858527460079584137e-02
5.014694414153571950e-02
4.858527460079584831e-02
4.789119924935592021e-02
5.205565135799557902e-02
5.309676438515547464e-02
4.823823692507592242e-02
5.205565135799553045e-02
5.101453833083564871e-02
4.580897319503608733e-02
4.945286879009579140e-02
5.257620787157551989e-02
5.448491508803532390e-02
4.685008622219600377e-02
5.344380206087544216e-02
5.257620787157549908e-02
4.823823692507587385e-02
5.517899043947531446e-02
5.014694414153569868e-02
4.893231227651580889e-02
5.517899043947527282e-02
5.032046297939570673e-02
4.337970946499628694e-02
4.355322830285626029e-02
5.084101949297566148e-02
4.667656738433601654e-02
4.997342530367574615e-02
4.303267178927634024e-02
4.650304854647602931e-02
5.084101949297564760e-02
4.650304854647602237e-02
4.962638762795576475e-02
5.517899043947529364e-02
4.719712389791597129e-02
4.737064273577595158e-02
4.841175576293586108e-02
4.910583111437583081e-02
4.910583111437579612e-02
5.344380206087544910e-02
4.962638762795574393e-02
5.292324554729550129e-02
5.118805716869563593e-02
4.494137900573615119e-02
4.962638762795577169e-02
5.292324554729547353e-02
4.841175576293587496e-02
5.257620787157551295e-02
5.327028322301545493e-02
4.997342530367571145e-02
5.535250927733527393e-02
5.292324554729549435e-02
5.483195276375534000e-02
5.448491508803533778e-02
5.934344254811494551e-02
5.604658462877520203e-02
5.604658462877522285e-02
5.517899043947529364e-02
5.604658462877518815e-02
5.431139625017535055e-02
5.916992371025494440e-02
5.622010346663521008e-02
5.882288603453497688e-02
5.622010346663516150e-02
5.049398181725566620e-02
6.055807441313484918e-02
5.622010346663519620e-02
5.396435857445541773e-02
5.708769765593515316e-02
5.951696138597494662e-02
5.708769765593513235e-02
6.090511208885481670e-02
5.257620787157557540e-02
5.309676438515547464e-02
6.090511208885480282e-02
5.517899043947530058e-02
6.021103673741485390e-02
6.107863092671482474e-02
6.264030046745468205e-02
6.298733814317461488e-02
7.079568584687395694e-02
5.778177300737508820e-02
6.246678162959468789e-02
6.142566860243477145e-02
6.437548884605454047e-02
6.871345979255412406e-02
6.576363954893438279e-02
6.784586560325421567e-02
6.316085698103461599e-02
7.131624236045391863e-02
6.281381930531466928e-02
6.454900768391451382e-02
7.044864817115401023e-02
6.767234676539422844e-02
6.524308303535444886e-02
6.663123373823434670e-02
6.767234676539427007e-02
7.530717563123361102e-02
6.420197000819452549e-02
6.888697863041416680e-02
6.628419606251435836e-02
6.958105398185412960e-02
6.559012071107440944e-02
6.159918744029475868e-02
6.992809165757406242e-02
6.958105398185412960e-02
5.864936719667501047e-02
5.743473533165511374e-02
6.159918744029477256e-02
6.142566860243478533e-02
5.656714114235519147e-02
5.656714114235516372e-02
6.264030046745466818e-02
4.875879343865584248e-02
5.292324554729549435e-02
5.153509484441561039e-02
5.743473533165509987e-02
5.708769765593513235e-02
5.760825416951509403e-02
5.812881068309502797e-02
5.656714114235519841e-02
5.465843392589534583e-02
5.535250927733528781e-02
6.003751789955487361e-02
5.934344254811495245e-02
5.587306579091526337e-02
5.708769765593513235e-02
5.153509484441563121e-02
5.413787741231539802e-02
5.552602811519528891e-02
5.379083973659542356e-02
5.569954695305525533e-02
5.760825416951511485e-02
5.969048022383491303e-02
6.003751789955488055e-02
5.032046297939571367e-02
5.448491508803535860e-02
5.188213252013558485e-02
5.431139625017535055e-02
5.344380206087544910e-02
5.066750065511564649e-02
5.344380206087544216e-02
5.483195276375531918e-02
5.292324554729549435e-02
5.361732089873542939e-02
5.691417881807516593e-02
5.118805716869564287e-02
5.517899043947529364e-02
5.691417881807512430e-02
5.170861368227559762e-02
5.934344254811496633e-02
4.962638762795577169e-02
5.153509484441561039e-02
5.778177300737506739e-02
5.483195276375532612e-02
5.188213252013557791e-02
5.587306579091526337e-02
5.517899043947531446e-02
4.806471808721589356e-02
5.084101949297566841e-02
5.274972670943551406e-02
5.500547160161531335e-02
5.726121649379512651e-02
5.639362230449518343e-02
5.552602811519526116e-02
5.708769765593513928e-02
5.569954695305526921e-02
5.812881068309506266e-02
6.090511208885478894e-02
5.726121649379509876e-02
5.743473533165509987e-02
5.882288603453499076e-02
6.055807441313482836e-02
6.021103673741486084e-02
6.298733814317461488e-02
5.465843392589533195e-02
5.708769765593514622e-02
5.830232952095502214e-02
5.604658462877523672e-02
5.118805716869564981e-02
5.726121649379511958e-02
4.962638762795578556e-02
5.153509484441558264e-02
5.708769765593513235e-02
5.188213252013557791e-02
4.563545435717612786e-02
4.407378481643624973e-02
4.841175576293585414e-02
4.320619062713632746e-02
4.459434133001617673e-02
4.580897319503610121e-02
4.927934995223577641e-02
4.806471808721588662e-02
4.563545435717610010e-02
4.632952970861601433e-02
4.563545435717608623e-02
5.014694414153568480e-02
4.320619062713630665e-02
4.511489784359615229e-02
4.650304854647601543e-02
4.615601087075604098e-02
4.442082249215620338e-02
4.268563411355635884e-02
4.598249203289605375e-02
4.823823692507586691e-02
4.164452108639643546e-02
4.823823692507588079e-02
5.188213252013553628e-02
4.233859643783635662e-02
4.112396457281648071e-02
4.442082249215619644e-02
3.609191827487689963e-02
4.042988922137651792e-02
4.476786016787618477e-02
4.355322830285626029e-02
3.990933270779657011e-02
3.973581386993658288e-02
3.921525735635662813e-02
4.424730365429620227e-02
4.025637038351655150e-02
4.806471808721587274e-02
4.268563411355634496e-02
4.667656738433601654e-02
4.355322830285627417e-02
4.390026597857623475e-02
4.077692689709651319e-02
3.973581386993658981e-02
4.372674714071624752e-02
4.008285154565657121e-02
3.990933270779656317e-02
3.661247478845686132e-02
4.060340805923651208e-02
3.626543711273688686e-02
3.713303130203681607e-02
3.661247478845684744e-02
3.678599362631684855e-02
3.626543711273687992e-02
4.372674714071624752e-02
3.695951246417682190e-02
3.921525735635663507e-02
3.557136176129694488e-02
3.782710665347676499e-02
4.025637038351654456e-02
3.591839943701691934e-02
3.904173851849666171e-02
3.817414432919672557e-02
3.765358781561677776e-02
4.251211527569635079e-02
3.296857919339715032e-02
3.956229503207660952e-02
3.869470084277670113e-02
3.973581386993658981e-02
4.077692689709651319e-02
3.921525735635663507e-02
3.730655013989679636e-02
3.678599362631685549e-02
3.713303130203680913e-02
4.147100224853645517e-02
3.505080524771699707e-02
3.730655013989677554e-02
3.990933270779656317e-02
4.095044573495647960e-02
3.505080524771699707e-02
3.418321105841706786e-02
3.435672989627704815e-02
4.233859643783635662e-02
3.591839943701690546e-02
3.609191827487690657e-02
3.782710665347675111e-02
3.296857919339717113e-02
3.869470084277668032e-02
3.921525735635662119e-02
3.453024873413702844e-02
3.695951246417682884e-02
3.956229503207661646e-02
4.060340805923651208e-02
3.713303130203682301e-02
3.574488059915693905e-02
4.042988922137653179e-02
4.025637038351655150e-02
3.730655013989681024e-02
3.609191827487690657e-02
3.886821968063666061e-02
3.418321105841707480e-02
3.505080524771698319e-02
3.661247478845686132e-02
4.459434133001616285e-02
3.938877619421662230e-02
4.042988922137651792e-02
3.609191827487689269e-02
3.314209803125715142e-02
3.383617338269709340e-02
3.695951246417682190e-02
3.886821968063668142e-02
3.800062549133673140e-02
4.129748341067647488e-02
3.765358781561677776e-02
3.869470084277668726e-02
3.730655013989680330e-02
3.782710665347678580e-02
4.112396457281646683e-02
4.355322830285625335e-02
4.129748341067646794e-02
4.546193551931611287e-02
4.251211527569635773e-02
4.199155876211641686e-02
4.737064273577593077e-02
4.233859643783635662e-02
4.702360506005597018e-02
5.014694414153575419e-02
4.337970946499626612e-02
4.875879343865583554e-02
5.014694414153572644e-02
4.737064273577596546e-02
5.032046297939574142e-02
5.292324554729549435e-02
5.327028322301546881e-02
5.812881068309504878e-02
5.778177300737510902e-02
5.084101949297571699e-02
6.420197000819456712e-02
5.361732089873547102e-02
6.524308303535444886e-02
6.454900768391454158e-02
5.986399906169492802e-02
6.055807441313490469e-02
6.246678162959472258e-02
6.975457281971415846e-02
6.576363954893445218e-02
7.079568584687404020e-02
7.131624236045398801e-02
7.183679887403397746e-02
7.981866541559337613e-02
9.248554057937229123e-02
8.363607984851308130e-02
9.370017244439225734e-02
1.103579808789509342e-01
1.152165083390304934e-01
1.230248560427298632e-01
1.225042995291498737e-01
1.348241370172089115e-01
1.450617484509479083e-01
1.506143512624672776e-01
1.572080671011466257e-01
1.868797883752035816e-01
1.901766462945432556e-01
2.066609358912416816e-01
2.285243094615992399e-01
2.516023148969765977e-01
2.672190103043750598e-01
2.984524011191729276e-01
3.260418963389104530e-01
3.380146961512490722e-01
3.951023938071848707e-01
4.384821032721806233e-01
4.669391926812194726e-01
5.210770700935345445e-01
5.894434922103662933e-01
6.369876537839994635e-01
6.847053341954971728e-01
7.747616110448256599e-01
8.398311752423183174e-01
9.101063045756094816e-01
1.031743009915458753e+00
1.143662660335145409e+00
1.217234647587779772e+00
1.344944512252729707e+00
1.514472416841932345e+00
1.635935603343928291e+00
1.830276701747108214e+00
2.003622020769238343e+00
2.167423803709064067e+00
2.394386443629934025e+00
2.648244503419102447e+00
2.892732545963831114e+00
3.176435845864908458e+00
3.464303597874621943e+00
3.850209493275222883e+00
4.200891064590260626e+00
4.595819939559574685e+00
4.984155098690199459e+00
5.448317989965658192e+00
5.979459152655055121e+00
6.469476350771645734e+00
7.101084920582006355e+00
7.695733977928180813e+00
8.360484645769775014e+00
9.048139800208888417e+00
9.599062110414338989e+00
1.044635459568462110e+01
1.135559330607093287e+01
1.206250905151252617e+01
1.295873384905936376e+01
1.394154454669830834e+01
1.480358613318672667e+01
1.563665007375250227e+01
1.674803823024570093e+01
1.778915125740558878e+01
1.880093960096717609e+01
1.981932166036739673e+01
2.074903559362119765e+01
2.192983128525845515e+01
2.284757241869981215e+01
2.381945142955364147e+01
2.491678456018018650e+01
2.606010018283960861e+01
2.704794292677653900e+01
2.795926386321711021e+01
2.892975472336799214e+01
3.005675957526862163e+01
3.083707378912502506e+01
3.177980163521834811e+01
3.263334079865145299e+01
3.342128984137369940e+01
3.432688465616492834e+01
3.511743648145504437e+01
3.567738177122922849e+01
3.626890748949399068e+01
3.707368785948864343e+01
3.781131643923135499e+01
3.822377071682455352e+01
3.890743493799296004e+01
3.943927017603380136e+01
3.994178073047630306e+01
4.040889344199531052e+01
4.081319233420911985e+01
4.098497598369047523e+01
4.143942182004575159e+01
4.159055672782187685e+01
4.202782419922895230e+01
4.236861519678598853e+01
4.247463520671842474e+01
4.282705196641220624e+01
4.303995958046627379e+01
4.309184171298642951e+01
4.326570758852215448e+01
4.350013153847093150e+01
4.354090846536816173e+01
4.362246231916223849e+01
4.379216374258925271e+01
4.397262333396376022e+01
4.408697224811344739e+01
4.417876371334126162e+01
4.421312044323757817e+01
4.409026910603279248e+01
4.419975949272233606e+01
4.432156971690006486e+01
4.452580138906133556e+01
4.445205588297088184e+01
4.426725832064993682e+01
4.467953907940539438e+01
4.450723487341038265e+01
4.437119610452808871e+01
4.457369258831069203e+01
4.462106323104655559e+01
4.450185578943640508e+01
4.444511512945643972e+01
4.462592175850674892e+01
4.447704259562268447e+01
4.446107886253969355e+01
4.476872776206526083e+01
4.444077715850994537e+01
4.468890909664960986e+01
4.480794301942159308e+01
4.457039573039137537e+01
4.450202930827450132e+01
4.462540120199287230e+01
4.466253423329502681e+01
4.465541996094265187e+01
4.464552938718466635e+01
4.461863396731644826e+01
4.445136180761947031e+01
4.474547623779214689e+01
4.442116952983191425e+01
4.445084125110575712e+01
4.444806494970001864e+01
4.445569977856583677e+01
4.466791331726860648e+01
4.440763506047857589e+01
4.448502446216426165e+01
4.459850578212467553e+01
4.457386610714859643e+01
4.434759754257903808e+01
4.435523237144498410e+01
4.452961880349424462e+01
4.428426316676005570e+01
4.436009089890499268e+01
4.467901852289175935e+01
4.459295317931307778e+01
4.431619063292644256e+01
4.448884187659714939e+01
4.452909824698080854e+01
4.434083030790255009e+01
4.467242480705300522e+01
4.443106010358971503e+01
4.434065678906474517e+01
4.473332991914188028e+01
4.452840417162940412e+01
4.435332366422842654e+01
4.463095380480445584e+01
4.455547311033543423e+01
4.441353470096592559e+01
4.467572166497240005e+01
4.441683155888528489e+01
4.442724268915684860e+01
4.490667523816388496e+01
4.460891691239618950e+01
4.439045669553055262e+01
4.469567633132619022e+01
4.474807902036000939e+01
4.418396927847721400e+01
4.457785704041922514e+01
4.460371134726051423e+01
4.429328614632897398e+01
4.468092723010816059e+01
4.471615155419377174e+01
4.427506666835356697e+01
4.448901539543511063e+01
4.438351594201625971e+01
4.418188705242280889e+01
4.430387079543848472e+01
4.415533867023021486e+01
4.423099288353718350e+01
4.413763974876860630e+01
4.419472744642447992e+01
4.404671587772993036e+01
4.396325331671921788e+01
4.401704415645587432e+01
4.377984390510128065e+01
4.361291878307985570e+01
4.373611715796058519e+01
4.343783827567932576e+01
4.325720516546706307e+01
4.336808370285934444e+01
4.291901695047776855e+01
4.249337524120736731e+01
4.258881060203044200e+01
4.231482435704944578e+01
4.169622970007858243e+01
4.152444605059718441e+01
4.133982200711415089e+01
4.082516513402139680e+01
4.044342369072941068e+01
4.015382075034127496e+01
3.965009556403358459e+01
3.886162596479784526e+01
3.850695346021209531e+01
3.801016902741901049e+01
3.737422248666213420e+01
3.662340647524187887e+01
3.604992671611475430e+01
3.529407865839659308e+01
3.468468049983222556e+01
3.376121324474144103e+01
3.316344084831377614e+01
3.224656730906163205e+01
3.120944521517249370e+01
3.035694716476655586e+01
2.948727074941215776e+01
2.843349084708850327e+01
2.750447098918614586e+01
2.642657196839991940e+01
2.524317349419479228e+01
2.419616082654771461e+01
2.319755991466349698e+01
2.211532292293075130e+01
2.108548862023176085e+01
2.005062227123474017e+01
1.894044874660664490e+01
1.796631399086068370e+01
1.697864476576162573e+01
1.598455534366177133e+01
1.496252938866646431e+01
1.405901679992952324e+01
1.315810699376047843e+01
1.232001100689674189e+01
1.150464598779268677e+01
1.067331723560545598e+01
9.874089468422411642e+00
9.085446350348778566e+00
8.417225305749999720e+00
7.710656597984137939e+00
7.180730067159708518e+00
6.580875444677779740e+00
6.045743348717573795e+00
5.476428041698984117e+00
5.079763978351057752e+00
4.597208090262449254e+00
4.197073650157334690e+00
3.872419904521303469e+00
3.522605927395576320e+00
3.189102721028684417e+00
2.928477426562983599e+00
2.665075830691510550e+00
2.414514628821688991e+00
2.139834308489328762e+00
1.925885581407966951e+00
1.766074731738912718e+00
1.602619986474805636e+00
1.469704556674057860e+00
1.345812106442029199e+00
1.205435366613303305e+00
1.096118498761510907e+00
9.861075555582848873e-01
9.229466985772489807e-01
8.358402419715387222e-01
7.624417735567660115e-01
6.855729283847957767e-01
6.194622511601431958e-01
5.639362230449496138e-01
5.049398181725546220e-01
4.679803057083779527e-01
4.270298599734217437e-01
3.897233098335251000e-01
3.524167596936282898e-01
3.317680179882899760e-01
2.946349866862534306e-01
2.798858854681540720e-01
2.575019553842167741e-01
2.342504311109787352e-01
2.215835559472000560e-01
1.962498056196427254e-01
1.809801478879644876e-01
1.707425364542254631e-01
1.464498991538277783e-01
1.358652500443688904e-01
1.343035805036289776e-01
1.264952327999296355e-01
1.131342822847106744e-01
1.122666880954107937e-01
1.122666880954107937e-01
1.016820389859515728e-01
9.612943617443203692e-02
9.855869990447181650e-02
9.022979568719251275e-02
8.710645660571272875e-02
8.485071171353289476e-02
9.022979568719244337e-02
7.964514657773331952e-02
7.964514657773331952e-02
7.530717563123363878e-02
7.096920468473397192e-02
7.114272352259401466e-02
6.593715838679441166e-02
6.454900768391454158e-02
6.749882792753426897e-02
6.350789465675460432e-02
6.038455557527489664e-02
5.587306579091528419e-02
5.864936719667501741e-02
4.893231227651585746e-02
5.604658462877523672e-02
5.743473533165511374e-02
5.864936719667501047e-02
5.344380206087544216e-02
5.726121649379511264e-02
5.517899043947528670e-02
5.622010346663521008e-02
5.604658462877527142e-02
5.379083973659541662e-02
5.222917019585553849e-02
4.962638762795574393e-02
5.084101949297565454e-02
4.771768041149589828e-02
5.500547160161529947e-02
5.240268903371555348e-02
5.292324554729547353e-02
5.656714114235517066e-02
5.882288603453497688e-02
5.847584835881497467e-02
5.361732089873542939e-02
5.483195276375529836e-02
5.084101949297567535e-02
5.569954695305523451e-02
5.274972670943550712e-02
5.708769765593509071e-02
5.656714114235516372e-02
5.361732089873537388e-02
4.927934995223579723e-02
5.188213252013556404e-02
5.049398181725568702e-02
5.205565135799552351e-02
5.413787741231537026e-02
6.402845117033452438e-02
5.726121649379511958e-02
5.986399906169489332e-02
6.021103673741486084e-02
5.240268903371553960e-02
5.674065998021516483e-02
5.986399906169487251e-02
5.569954695305522063e-02
6.055807441313484918e-02
5.916992371025495828e-02
6.628419606251433061e-02
6.784586560325420179e-02
6.229326279173470066e-02
6.073159325099482253e-02
6.333437581889460322e-02
6.159918744029475868e-02
5.916992371025495134e-02
6.506956419749446163e-02
6.333437581889460322e-02
6.541660187321442221e-02
5.882288603453501852e-02
6.229326279173469372e-02
6.402845117033453826e-02
6.038455557527486195e-02
5.760825416951510791e-02
5.379083973659538886e-02
5.604658462877524366e-02
5.760825416951508710e-02
5.465843392589531113e-02
5.604658462877524366e-02
5.569954695305524839e-02
6.211974395387471343e-02
6.524308303535447662e-02
6.003751789955488055e-02
5.986399906169488638e-02
6.021103673741484003e-02
6.715179025181422512e-02
5.691417881807513124e-02
6.420197000819451161e-02
5.986399906169488638e-02
5.864936719667496884e-02
5.795529184523505462e-02
5.517899043947525201e-02
6.281381930531465541e-02
5.691417881807513818e-02
5.604658462877519509e-02
6.003751789955483892e-02
6.055807441313482836e-02
6.472252652177445942e-02
5.830232952095502907e-02
6.073159325099480865e-02
5.344380206087544216e-02
6.142566860243472981e-02
5.882288603453496301e-02
5.951696138597490499e-02
5.691417881807515206e-02
6.003751789955486667e-02
5.622010346663518232e-02
6.211974395387467179e-02
5.708769765593511847e-02
5.552602811519526116e-02
5.795529184523504074e-02
5.951696138597489805e-02
5.639362230449519731e-02
4.910583111437583775e-02
5.674065998021515789e-02
5.361732089873539470e-02
5.136157600655560235e-02
4.841175576293586108e-02
5.274972670943548630e-02
4.754416157363595269e-02
5.361732089873540857e-02
4.875879343865582860e-02
4.771768041149592604e-02
5.708769765593513928e-02
5.066750065511567425e-02
4.945286879009579140e-02
5.622010346663517538e-02
5.240268903371551878e-02
4.789119924935592021e-02
5.222917019585553156e-02
4.962638762795572311e-02
4.268563411355635884e-02
4.598249203289606069e-02
4.945286879009574976e-02
4.737064273577596546e-02
4.962638762795574393e-02
5.396435857445538303e-02
4.910583111437578224e-02
5.379083973659538886e-02
5.604658462877520203e-02
5.413787741231537720e-02
5.864936719667498966e-02
5.552602811519524728e-02
5.448491508803536554e-02
5.465843392589530420e-02
5.379083973659539580e-02
6.003751789955485280e-02
4.789119924935592021e-02
5.743473533165510680e-02
5.552602811519521953e-02
5.916992371025494440e-02
6.281381930531462765e-02
6.003751789955483892e-02
5.830232952095501520e-02
5.517899043947527976e-02
5.622010346663516844e-02
5.118805716869565675e-02
5.517899043947527976e-02
5.274972670943550712e-02
5.500547160161529947e-02
5.587306579091521480e-02
5.587306579091519398e-02
5.726121649379508488e-02
5.483195276375531918e-02
5.517899043947529364e-02
6.159918744029472398e-02
6.107863092671477617e-02
5.604658462877517427e-02
5.656714114235516372e-02
5.500547160161526478e-02
5.969048022383487834e-02
4.945286879009575670e-02
4.962638762795577169e-02
4.945286879009575670e-02
5.084101949297564760e-02
4.962638762795575781e-02
4.580897319503608733e-02
5.222917019585555237e-02
4.528841668145614646e-02
4.650304854647603625e-02
4.719712389791599211e-02
4.667656738433601654e-02
4.563545435717607235e-02
4.789119924935589245e-02
4.754416157363591799e-02
4.650304854647602237e-02
4.997342530367572533e-02
5.587306579091522174e-02
4.997342530367572533e-02
5.500547160161528559e-02
5.396435857445537609e-02
4.927934995223580417e-02
5.413787741231537720e-02
5.812881068309502797e-02
4.771768041149592604e-02
5.344380206087543522e-02
5.483195276375530530e-02
4.997342530367574615e-02
5.656714114235518454e-02
5.379083973659541662e-02
5.604658462877523672e-02
5.622010346663525171e-02
5.465843392589533195e-02
5.049398181725570783e-02
5.500547160161532723e-02
5.830232952095504295e-02
5.118805716869564981e-02
5.448491508803536554e-02
5.292324554729550129e-02
5.934344254811495939e-02
5.309676438515549546e-02
5.361732089873543633e-02
5.587306579091525643e-02
5.760825416951509403e-02
5.674065998021515789e-02
5.708769765593514622e-02
5.396435857445541079e-02
5.604658462877524366e-02
6.159918744029476562e-02
6.177270627815475285e-02
5.587306579091526337e-02
6.194622511601471232e-02
6.385493233247455103e-02
5.483195276375534000e-02
5.864936719667501047e-02
5.934344254811495939e-02
5.760825416951511485e-02
5.604658462877522285e-02
6.073159325099482253e-02
5.986399906169489332e-02
5.812881068309504878e-02
6.767234676539421456e-02
5.934344254811495939e-02
6.784586560325420179e-02
6.333437581889463097e-02
5.882288603453499770e-02
5.986399906169492802e-02
5.969048022383494773e-02
5.934344254811493163e-02
6.368141349461456380e-02
6.576363954893441055e-02
6.194622511601474701e-02
6.003751789955486667e-02
6.021103673741489554e-02
6.142566860243477145e-02
6.125214976457477034e-02
6.159918744029475174e-02
6.055807441313484224e-02
6.333437581889458934e-02
6.246678162959468789e-02
6.264030046745466818e-02
6.645771490037431783e-02
6.906049746827411240e-02
6.298733814317465651e-02
6.645771490037434559e-02
6.385493233247456490e-02
6.246678162959464625e-02
6.489604535963446053e-02
6.663123373823430506e-02
5.951696138597492580e-02
6.055807441313482142e-02
6.003751789955489443e-02
6.697827141395427952e-02
6.611067722465432950e-02
5.969048022383491303e-02
6.767234676539424232e-02
5.795529184523503380e-02
6.125214976457477034e-02
6.316085698103461599e-02
5.153509484441560345e-02
5.899640487239495718e-02
5.483195276375531918e-02
5.743473533165507905e-02
5.778177300737508820e-02
5.691417881807517981e-02
5.066750065511568119e-02
5.535250927733527393e-02
5.552602811519528198e-02
4.945286879009579833e-02
5.639362230449520424e-02
5.587306579091525643e-02
5.188213252013560567e-02
5.778177300737508820e-02
5.708769765593512541e-02
5.882288603453497688e-02
5.465843392589533195e-02
5.552602811519524034e-02
5.118805716869562900e-02
5.483195276375534694e-02
5.899640487239497105e-02
5.222917019585553849e-02
6.090511208885481670e-02
5.049398181725569396e-02
5.708769765593513928e-02
6.211974395387469955e-02
5.361732089873545021e-02
5.882288603453496995e-02
6.107863092671479005e-02
5.882288603453496995e-02
6.420197000819452549e-02
6.246678162959468095e-02
6.211974395387470649e-02
5.951696138597495356e-02
6.437548884605452659e-02
6.732530908967426786e-02
6.940753514399410073e-02
6.576363954893439667e-02
6.645771490037435947e-02
6.628419606251437224e-02
7.270439306333381646e-02
6.888697863041416680e-02
6.246678162959468789e-02
6.853994095469413683e-02
7.044864817115401023e-02
6.940753514399410073e-02
7.201031771189393693e-02
7.218383654975385477e-02
7.044864817115395472e-02
6.576363954893445218e-02
7.669532633411350886e-02
7.322494957691375039e-02
7.218383654975385477e-02
8.207441030777302970e-02
7.877755238843332786e-02
7.652180749625349387e-02
7.183679887403389419e-02
7.305143073905384643e-02
7.027512933329400913e-02
6.715179025181429451e-02
7.339846841477376538e-02
7.062216700901402522e-02
7.513365679337360992e-02
6.645771490037434559e-02
6.888697863041412517e-02
7.218383654975388253e-02
6.923401630613414126e-02
6.350789465675460432e-02
7.756292052341345888e-02
6.663123373823433282e-02
7.096920468473399968e-02
6.524308303535447662e-02
6.853994095469417847e-02
7.443958144193374427e-02
6.819290327897424564e-02
6.767234676539425620e-02
7.270439306333385809e-02
6.680475257609433393e-02
6.159918744029477949e-02
6.055807441313488387e-02
6.038455557527488277e-02
6.316085698103467150e-02
6.437548884605454047e-02
6.316085698103465762e-02
6.628419606251442775e-02
6.194622511601474008e-02
7.148976119831394749e-02
6.697827141395429340e-02
6.628419606251435836e-02
6.333437581889464485e-02
6.836642211683416348e-02
6.350789465675456269e-02
6.576363954893441055e-02
6.853994095469417847e-02
6.888697863041411129e-02
6.576363954893442443e-02
7.530717563123361102e-02
8.172737263205304137e-02
6.923401630613411351e-02
7.096920468473399968e-02
7.600125098267353219e-02
6.975457281971408907e-02
6.958105398185407409e-02
6.472252652177450105e-02
6.923401630613414126e-02
6.749882792753428284e-02
6.524308303535443498e-02
6.506956419749450327e-02
6.420197000819455324e-02
6.593715838679439778e-02
5.830232952095508459e-02
6.749882792753428284e-02
5.899640487239499881e-02
6.281381930531462765e-02
5.812881068309504878e-02
6.159918744029475868e-02
5.465843392589531807e-02
5.830232952095507071e-02
5.639362230449523200e-02
5.934344254811497327e-02
5.691417881807516593e-02
5.170861368227561150e-02
6.368141349461460543e-02
6.021103673741486084e-02
6.229326279173469372e-02
6.090511208885480282e-02
5.743473533165507905e-02
5.951696138597494662e-02
5.587306579091524256e-02
6.073159325099482947e-02
5.726121649379514733e-02
5.431139625017539219e-02
6.385493233247456490e-02
5.517899043947532139e-02
5.847584835881500936e-02
5.864936719667497578e-02
6.055807441313483530e-02
6.107863092671478311e-02
6.055807441313481448e-02
5.431139625017535749e-02
5.639362230449521812e-02
6.003751789955484586e-02
6.142566860243472981e-02
5.674065998021519258e-02
6.888697863041409741e-02
6.298733814317461488e-02
5.934344254811496633e-02
6.524308303535443498e-02
5.656714114235519147e-02
6.385493233247456490e-02
6.021103673741484003e-02
5.916992371025495828e-02
6.853994095469417847e-02
6.888697863041412517e-02
6.003751789955488055e-02
6.715179025181426675e-02
6.159918744029477256e-02
6.229326279173470066e-02
6.576363954893441055e-02
5.361732089873544327e-02
6.090511208885483058e-02
6.385493233247459266e-02
5.726121649379516815e-02
6.073159325099482253e-02
6.524308303535444886e-02
5.413787741231539802e-02
6.368141349461457768e-02
5.778177300737506739e-02
5.708769765593516010e-02
5.830232952095499438e-02
5.396435857445541079e-02
5.517899043947531446e-02
5.431139625017539913e-02
5.084101949297564066e-02
5.951696138597492580e-02
5.622010346663523783e-02
5.483195276375534694e-02
5.708769765593509765e-02
5.517899043947529364e-02
6.090511208885478894e-02
6.194622511601469150e-02
5.535250927733527393e-02
5.899640487239495718e-02
6.021103673741482615e-02
5.587306579091520786e-02
6.003751789955485280e-02
6.177270627815474591e-02
6.073159325099484335e-02
5.864936719667501047e-02
5.691417881807515206e-02
5.969048022383495467e-02
6.368141349461459155e-02
6.333437581889460322e-02
6.177270627815475285e-02
5.916992371025495828e-02
6.264030046745464042e-02
5.760825416951510791e-02
5.674065998021517176e-02
5.309676438515548158e-02
5.674065998021517176e-02
5.396435857445539691e-02
5.344380206087545604e-02
5.222917019585553156e-02
5.153509484441562427e-02
5.153509484441561733e-02
4.823823692507588079e-02
4.511489784359618699e-02
4.979990646581575892e-02
5.188213252013559179e-02
4.806471808721590744e-02
4.823823692507590161e-02
5.170861368227559068e-02
5.153509484441559652e-02
5.049398181725568702e-02
5.327028322301544799e-02
5.448491508803535166e-02
4.737064273577597240e-02
5.708769765593513928e-02
5.309676438515546076e-02
5.465843392589531807e-02
5.934344254811493163e-02
6.038455557527489664e-02
6.229326279173469372e-02
6.003751789955490831e-02
5.899640487239497105e-02
5.899640487239499187e-02
6.333437581889458934e-02
5.795529184523506849e-02
5.934344254811496633e-02
6.333437581889458934e-02
5.708769765593514622e-02
6.402845117033453826e-02
5.969048022383491303e-02
5.344380206087545604e-02
5.066750065511566037e-02
5.916992371025494440e-02
5.708769765593513928e-02
6.645771490037427620e-02
6.454900768391451382e-02
6.420197000819452549e-02
5.969048022383494079e-02
6.715179025181429451e-02
6.593715838679437002e-02
6.281381930531465541e-02
6.055807441313484918e-02
5.708769765593514622e-02
6.784586560325420179e-02
6.021103673741484696e-02
6.784586560325421567e-02
6.593715838679442554e-02
6.524308303535443498e-02
6.350789465675463208e-02
6.576363954893442443e-02
6.611067722465437113e-02
7.096920468473395804e-02
6.715179025181428063e-02
6.906049746827415403e-02
6.732530908967422623e-02
6.767234676539420068e-02
7.183679887403389419e-02
7.357198725263380812e-02
7.166328003617389308e-02
7.235735538761385588e-02
6.749882792753426897e-02
6.819290327897421788e-02
6.732530908967424010e-02
7.253087422547388474e-02
6.715179025181426675e-02
6.420197000819452549e-02
6.732530908967430949e-02
7.704236400983346944e-02
7.305143073905376316e-02
7.339846841477376538e-02
6.958105398185407409e-02
7.305143073905376316e-02
7.305143073905377704e-02
6.906049746827407076e-02
6.801938444111423065e-02
6.593715838679439778e-02
7.148976119831393361e-02
6.559012071107445108e-02
6.246678162959468095e-02
6.402845117033453826e-02
6.472252652177447330e-02
6.628419606251435836e-02
6.576363954893442443e-02
6.732530908967426786e-02
6.715179025181428063e-02
6.350789465675459045e-02
6.402845117033453826e-02
5.396435857445541773e-02
5.726121649379511958e-02
5.639362230449519731e-02
5.431139625017535749e-02
5.222917019585558013e-02
5.049398181725570783e-02
5.951696138597493274e-02
5.778177300737506045e-02
5.448491508803534472e-02
5.778177300737506739e-02
5.361732089873544327e-02
5.847584835881505100e-02
5.309676438515546076e-02
5.587306579091524950e-02
5.882288603453498382e-02
5.778177300737511596e-02
4.910583111437580306e-02
5.431139625017537137e-02
5.569954695305523451e-02
5.153509484441561733e-02
5.969048022383492691e-02
5.170861368227561150e-02
6.142566860243475757e-02
5.864936719667498966e-02
4.858527460079586913e-02
5.517899043947533527e-02
5.830232952095503601e-02
5.708769765593513235e-02
5.066750065511568812e-02
6.038455557527486195e-02
6.177270627815477366e-02
6.281381930531464153e-02
6.003751789955489443e-02
6.281381930531465541e-02
6.107863092671477617e-02
6.593715838679437002e-02
5.760825416951510097e-02
6.420197000819456712e-02
6.055807441313483530e-02
5.708769765593514622e-02
