3.114367788373370249e+00
3.059605981522786955e+00
3.050535007381904862e+00
3.053446678093797662e+00
3.044599678623050032e+00
3.032393059100115362e+00
3.052214817408000602e+00
2.978975100270427223e+00
3.003948275991646266e+00
3.007867832719188339e+00
3.015594958839222794e+00
3.017498743535443673e+00
3.023994008969660197e+00
3.004172250661787835e+00
2.993197491824658663e+00
2.999580769923804624e+00
3.028137540367353608e+00
3.008763731399769270e+00
3.004508212667006628e+00
3.031721135089683106e+00
2.992973517154511764e+00
3.047399361999859835e+00
3.005404111347589335e+00
3.010331554090788675e+00
3.032281071765045244e+00
3.056918285481065478e+00
3.039336273874630123e+00
3.019402528231686755e+00
3.034632805801576794e+00
3.040344159890285169e+00
3.082115435872423426e+00
3.055014500784813958e+00
3.051430906062488013e+00
3.038664349864194314e+00
3.066437208962237815e+00
3.011675402111664290e+00
3.044039741947687894e+00
3.069124905003979276e+00
3.047623336670020056e+00
3.019066566226463522e+00
3.033624919785914198e+00
3.057366234821348172e+00
3.031049211079238859e+00
3.025337856990542473e+00
3.061173804213820127e+00
3.032729021105335487e+00
3.015147009498907238e+00
3.048855197355818891e+00
2.983678568343476556e+00
2.993757428500018580e+00
3.034296843796362886e+00
3.033624919785918639e+00
3.043255830602177081e+00
3.032952995775494820e+00
3.063637525585420462e+00
3.019514515566746216e+00
3.074388309752399184e+00
3.049975070706544056e+00
3.027129654351708332e+00
3.074836259092689428e+00
3.039448261209713120e+00
3.059382006852652047e+00
3.058038158831774211e+00
3.026345743006189526e+00
3.046727437989434240e+00
3.059605981522802054e+00
3.056470336140771238e+00
3.075732157773277908e+00
3.101713219510160879e+00
3.108992396289875337e+00
3.082003448537342649e+00
3.066773170967453055e+00
3.099585460143769122e+00
3.082003448537351531e+00
3.110448231645826400e+00
3.105744763572771738e+00
3.122878825838895089e+00
3.092530258034180690e+00
3.161290481768857852e+00
3.161066507098714062e+00
3.147404052219832771e+00
3.130158002618634860e+00
3.124446648529925596e+00
3.141356736125902493e+00
3.127246331906746502e+00
3.142252634806489198e+00
3.137437179398373743e+00
3.140684812115470237e+00
3.150539697601876465e+00
3.144268406837798846e+00
3.116271573069605338e+00
3.097457700777388023e+00
3.088834675976781519e+00
3.133405635335746453e+00
3.106640662253347340e+00
3.127918255917176982e+00
3.127134344571659508e+00
3.116383560404685227e+00
3.151099634277239492e+00
3.168905620553806646e+00
3.137325192063287638e+00
3.154235279659279190e+00
3.188503404191548540e+00
3.131501850639502482e+00
3.148299950900436350e+00
3.167337797862799231e+00
3.128142230587329209e+00
3.128366205257466781e+00
3.167897734538148935e+00
3.146060204198973587e+00
3.155243165674925798e+00
3.180328328731229615e+00
3.127470306576889847e+00
3.137885128738658658e+00
3.179096468045429891e+00
3.154683228999566325e+00
3.126574407896308028e+00
3.165210038496407918e+00
3.156587013695818733e+00
3.112016054336849358e+00
3.145724242193752129e+00
3.132397749320094960e+00
3.150875659607097923e+00
3.140572824780397898e+00
3.135757369372281111e+00
3.146396166204174616e+00
3.185479746144577184e+00
3.174504987307438686e+00
3.109776307635391035e+00
3.096561802096809313e+00
3.150315722931722462e+00
3.117055484415117483e+00
3.124334661194858143e+00
3.093426156714768283e+00
3.102833092860893149e+00
3.092866220039402592e+00
3.062629639569760975e+00
3.105632776237706505e+00
3.063189576245123114e+00
3.085587043259673479e+00
3.116383560404683006e+00
3.058934057512362692e+00
3.117503433755413500e+00
3.038776337199259103e+00
3.079091777825468501e+00
3.065653297616719453e+00
3.037320501843318254e+00
3.012683288127306458e+00
3.024441958309958878e+00
3.025897793665906832e+00
3.036088641157514978e+00
3.045383589968547078e+00
3.023098110289078377e+00
2.968560278108650419e+00
3.011115465436293270e+00
3.012235338787019323e+00
3.011563414776586622e+00
3.032841008440409158e+00
2.999020833248431384e+00
3.023546059629375282e+00
3.026681705011406542e+00
2.987038188395646721e+00
3.005516098682643467e+00
2.990509795782906544e+00
2.967104442752699356e+00
2.966320531407191652e+00
2.972031885495907133e+00
2.961169113993850299e+00
2.954449873889469558e+00
2.951650190512659755e+00
2.899016143028473991e+00
2.911222762551394894e+00
2.913238534582709427e+00
2.899464092368760681e+00
2.932724330885366104e+00
2.929252723498107169e+00
2.861388398444030479e+00
2.893416776274835289e+00
2.887033498175678226e+00
2.923317394739261665e+00
2.903943585771665781e+00
2.893304788939761174e+00
2.866763790527519173e+00
2.854669158339661728e+00
2.830703868634086628e+00
2.850637614277039766e+00
2.853997234329222810e+00
2.817489363095516897e+00
2.838095032748894742e+00
2.840670741455559867e+00
2.832495665995253376e+00
2.837759070743677281e+00
2.854557171004584060e+00
2.824320590534940667e+00
2.864076094485771051e+00
2.852093449632990829e+00
2.841118690795857660e+00
2.823312704519294059e+00
2.851085563617337115e+00
2.822080843833477459e+00
2.852877360978494981e+00
2.848957804250948911e+00
2.820625008477545492e+00
2.796211769431684147e+00
2.793076124049640452e+00
2.805058768902422006e+00
2.797891579457771893e+00
2.809426274970267645e+00
2.791060352018336577e+00
2.786916820620640056e+00
2.809650249640422537e+00
2.776166036453660446e+00
2.765191277616522392e+00
2.777397897139457505e+00
2.801475174180096950e+00
2.794307984735441508e+00
2.795763820091383245e+00
2.779301681835693927e+00
2.792180225369062185e+00
2.805730692912866253e+00
2.779525656505834164e+00
2.820065071802168255e+00
2.784565086584108506e+00
2.796883693442114627e+00
2.761495695559126773e+00
2.787252782625857073e+00
2.791172339353401366e+00
2.767654998988126280e+00
2.797555617452549992e+00
2.770566669700019080e+00
2.785125023259468868e+00
2.753880556774175759e+00
2.733610849126002940e+00
2.789380541992234619e+00
2.746825354664585550e+00
2.777957833814810762e+00
2.781541428537147809e+00
2.759815885533038582e+00
2.751192860732430301e+00
2.747049329334730672e+00
2.783781175238596806e+00
2.751304848067504416e+00
2.768886859673919343e+00
2.803154984206193134e+00
2.771798530385809478e+00
2.792516187374276981e+00
2.749849012711548912e+00
2.771574555715669241e+00
2.769446796349280149e+00
2.753432607433879742e+00
2.761943644899414796e+00
2.800915237504729038e+00
2.755560366800257732e+00
2.756008316140548864e+00
2.782549314552792197e+00
2.813009869692592257e+00
2.791956250698906850e+00
2.836527210057868231e+00
2.808306401619533155e+00
2.828800083937842214e+00
2.820289046472312933e+00
2.792516187374272096e+00
2.814913654388826458e+00
2.794419972070509850e+00
2.816929426420134330e+00
2.791956250698910846e+00
2.849853702931520516e+00
2.852653386308339201e+00
2.833503552010899984e+00
2.848285880240498447e+00
2.813233844362730274e+00
2.852205436968051622e+00
2.810658135656059375e+00
2.853997234329213928e+00
2.822752767843920374e+00
2.832719640665384730e+00
2.828240147262478743e+00
2.835407336707134185e+00
2.809874224310544122e+00
2.854221208999354609e+00
2.834735412696707701e+00
2.818497249111150627e+00
2.824320590534933118e+00
2.849405753591228940e+00
2.836639197392936573e+00
2.814017755708240198e+00
2.825328476550599266e+00
2.841790614806284143e+00
2.818161287105926505e+00
2.797779592122692005e+00
2.805394730907643019e+00
2.791284326688467488e+00
2.795203883416016222e+00
2.786916820620632507e+00
2.803042996871115022e+00
2.787252782625848635e+00
2.769110834344068017e+00
2.753656582104025752e+00
2.754664468119684795e+00
2.754776455454758022e+00
2.761495695559114782e+00
2.786916820620632507e+00
2.736970469178174437e+00
2.733274887120789032e+00
2.778293795820035772e+00
2.765863201626967971e+00
2.736634507172968966e+00
2.752760683423440380e+00
2.734282773136440969e+00
2.752872670758517604e+00
2.741449962581093303e+00
2.742233873926607224e+00
2.717932622215816441e+00
2.736410532502817627e+00
2.735626621157319249e+00
2.748505164690683511e+00
2.765639226956811303e+00
2.739882139890078339e+00
2.723979938309745830e+00
2.710317483430880969e+00
2.702366382640699172e+00
2.733162899785710476e+00
2.750856898727210620e+00
2.720732305592634681e+00
2.687696041746171716e+00
2.747161316669802567e+00
2.731931039099911196e+00
2.726667634351490399e+00
2.749065101366041652e+00
2.708413698734638775e+00
2.676049358898605401e+00
2.688367965756606193e+00
2.692063547814012470e+00
2.690719699793141739e+00
2.702366382640703613e+00
2.671569865495698526e+00
2.668322232778589154e+00
2.656115613255650487e+00
2.662274916684659765e+00
2.673921599532223414e+00
2.631926348879930266e+00
2.656563562595943395e+00
2.654099841224351053e+00
2.632038336215011043e+00
2.637077766293286718e+00
2.620167678697307156e+00
2.609864843870604023e+00
2.603705540441607180e+00
2.602249705085662779e+00
2.646148740434178137e+00
2.600233933054344249e+00
2.626103007456164651e+00
2.605833299807987391e+00
2.594970528305931001e+00
2.570557289260070988e+00
2.598330148358110048e+00
2.569997352584704853e+00
2.633494171570960329e+00
2.600233933054353130e+00
2.651636119852743612e+00
2.610200805875828589e+00
2.613000489252641501e+00
2.600681882394633604e+00
2.602249705085660114e+00
2.590603022238100017e+00
2.573356972636883899e+00
2.614120362603369774e+00
2.586235516170258819e+00
2.580524162081546891e+00
2.557342783721483048e+00
2.642565145711851748e+00
2.620503640702515291e+00
2.627894804817313190e+00
2.638421614314160113e+00
2.628566728827755217e+00
2.590938984243315257e+00
2.647716563125201095e+00
2.619719729357007587e+00
2.613224463922786178e+00
2.607177147828862118e+00
2.601129831734925624e+00
2.604377464452049207e+00
2.625991020121087871e+00
2.630582500859069750e+00
2.618711843341359202e+00
2.572013124616016722e+00
2.648388487135630243e+00
2.628566728827757437e+00
2.652532018533330316e+00
2.643349057057358564e+00
2.626998906136735368e+00
2.623751273419628660e+00
2.620727615372659081e+00
2.639541487664874175e+00
2.620503640702510850e+00
2.641781234366340936e+00
2.644804892413305630e+00
2.603033616431168262e+00
2.657459461276529655e+00
2.669442106129309433e+00
2.601353806405070301e+00
2.637637702968649744e+00
2.654883752569856981e+00
2.605721312472918161e+00
2.650628233837092562e+00
2.608744970519872641e+00
2.641221297690977465e+00
2.642565145711853969e+00
2.599450021708840541e+00
2.669890055469609003e+00
2.680528852301520271e+00
2.651860094522882960e+00
2.660371131988422011e+00
2.717484672875526197e+00
2.695311180531126283e+00
2.697774901902716849e+00
2.722412115618729977e+00
2.732490975775284880e+00
2.712221268127113394e+00
2.723979938309748050e+00
2.706845876043624699e+00
2.722636090288872435e+00
2.702254395305628165e+00
2.709645559420440275e+00
2.717820634880749431e+00
2.739322203214711760e+00
2.707629787389121745e+00
2.730251229073814567e+00
2.705837990027960771e+00
2.688815915096896436e+00
2.713789090818127026e+00
2.710205496095793531e+00
2.702142407970565152e+00
2.688367965756611522e+00
2.712333255462179071e+00
2.691615598473716453e+00
2.675489422223238822e+00
2.677729168924698033e+00
2.688591940426756643e+00
2.724427887650044067e+00
2.710317483430869423e+00
2.712781204802468871e+00
2.718380571556108016e+00
2.698670800583304441e+00
2.676385320903830856e+00
2.674369548872514990e+00
2.709533572085358166e+00
2.754888442789828584e+00
2.704270167336942698e+00
2.702142407970558047e+00
2.699678686598960375e+00
2.706733888708544367e+00
2.683216548343263064e+00
2.718044609550893664e+00
2.709533572085368380e+00
2.728683406382799159e+00
2.702142407970560267e+00
2.743913683952695859e+00
2.684000459688771212e+00
2.736186557832686272e+00
2.734394760471514196e+00
2.731931039099914749e+00
2.738426304534139710e+00
2.729579305063382755e+00
2.778741745160325571e+00
2.739994127225148013e+00
2.700462597944477405e+00
2.706845876043613597e+00
2.731483089759624949e+00
2.680752826971665392e+00
2.733050912450643466e+00
2.708749660739850018e+00
2.703262281321280991e+00
2.684448409029069449e+00
2.714796976833774966e+00
2.716140824854649249e+00
2.695087205860971391e+00
2.700238623274323846e+00
2.721964166278434849e+00
2.697998876572870852e+00
2.713677103483051134e+00
2.718492558891182576e+00
2.697326952562429270e+00
2.752312734083158130e+00
2.713677103483055575e+00
2.690383737787921170e+00
2.714349027493484723e+00
2.712333255462179959e+00
2.712669217467403637e+00
2.727339558361933758e+00
2.701918433300421807e+00
2.718604546226253582e+00
2.708749660739850462e+00
2.724763849655256198e+00
2.703822217996664889e+00
2.686240206390233087e+00
2.718604546226249585e+00
2.735066684481951338e+00
2.729355330393232304e+00
2.713677103483054687e+00
2.736410532502823401e+00
2.726779621686564070e+00
2.750744911392133396e+00
2.731259115089479828e+00
2.725883723005989356e+00
2.728235457042508028e+00
2.721292242268004813e+00
2.708861648074931239e+00
2.720284356252353763e+00
2.696543041216922454e+00
2.695311180531124062e+00
2.713229154142756450e+00
2.721740191608291504e+00
2.746153430654146188e+00
2.718044609550883894e+00
2.715692875514368332e+00
2.765415252286669734e+00
2.756680240150984229e+00
2.727899495037305222e+00
2.772470454396257722e+00
2.775270137773065304e+00
2.769782758354511376e+00
2.740218101895305125e+00
2.793972022730220051e+00
2.788932592651951925e+00
2.763511467590425319e+00
2.788260668641513895e+00
2.768774872338859883e+00
2.774934175767850064e+00
2.796771706107043620e+00
2.778853732495403239e+00
2.782661301887880967e+00
2.785125023259483967e+00
2.795651832756318012e+00
2.785125023259475530e+00
2.803714920881549499e+00
2.837759070743672840e+00
2.824432577870009453e+00
2.832159703990042576e+00
2.842350551481657828e+00
2.825664438555813174e+00
2.859708588417936515e+00
2.839550868104832038e+00
2.865531929841708791e+00
2.883785865458569742e+00
2.867323727202872430e+00
2.880426245406387586e+00
2.897448320337440375e+00
2.900919927724711300e+00
2.913238534582702322e+00
2.940115495000162227e+00
2.924661242760131508e+00
2.938883634314372717e+00
2.960049240643114477e+00
2.907191218488774709e+00
2.953330000538748834e+00
2.966992455417637675e+00
2.941235368350886059e+00
2.977631252249536953e+00
2.950642304496994051e+00
2.974383619532420919e+00
2.991181719793337912e+00
3.010779503431080695e+00
2.992189605808997399e+00
3.007083921373675750e+00
3.056582323475832030e+00
3.004396225331925852e+00
3.051094944057266112e+00
3.060165918198165080e+00
3.090850448008095608e+00
3.112799965682352177e+00
3.090178523997658022e+00
3.157258937706235447e+00
3.184135898123702013e+00
3.161962405779294993e+00
3.164986063826262352e+00
3.187607505510942296e+00
3.214932415268702659e+00
3.235874046927303738e+00
3.226243136111047516e+00
3.214484465928410639e+00
3.250432400486765072e+00
3.289851942432367338e+00
3.281340904966852268e+00
3.327815649022041633e+00
3.328263598362324771e+00
3.384145278563624348e+00
3.423116871168939479e+00
3.438347148738845060e+00
3.480566374061283774e+00
3.521217776692671109e+00
3.523681498064267004e+00
3.597593139212295732e+00
3.623910162954389502e+00
3.610135720740433651e+00
3.670272919674517631e+00
3.724250815179575014e+00
3.716075739719278292e+00
3.824927429409990864e+00
3.825711340755496348e+00
3.854716060539340017e+00
3.889432134411865860e+00
3.929523600367940794e+00
4.014633975023238932e+00
4.053941529633766194e+00
4.131772727509333443e+00
4.200085001903710591e+00
4.225954076305526108e+00
4.324054981829256405e+00
4.327750563886652024e+00
4.380720573376073013e+00
4.437610139593008540e+00
4.536718931132408095e+00
4.606039091542442954e+00
4.638851380718770123e+00
4.673455467256225404e+00
4.775923878847819104e+00
4.786450688344647375e+00
4.903701428165831544e+00
5.016808636589314752e+00
5.043909571676923775e+00
5.228128737871591269e+00
5.260381090372561630e+00
5.280986760025948357e+00
5.404956739951479960e+00
5.573497679235976499e+00
5.658832028561427308e+00
5.695899836470491806e+00
5.838795676023360137e+00
5.884262534062878913e+00
5.997145767816219220e+00
6.083264028487154640e+00
6.253484777797761573e+00
6.312502103381112839e+00
6.395708693340181661e+00
6.570632910723843700e+00
6.684412043157770711e+00
6.853288944447473163e+00
6.925184813564194464e+00
7.047027034123330758e+00
7.255771426698951920e+00
7.349280851484680355e+00
7.546602535882913187e+00
7.686138755383558951e+00
7.789727040325827190e+00
7.943597638715856668e+00
8.174067574295548866e+00
8.313155844455907939e+00
8.427606900900263653e+00
8.690889125656301673e+00
8.822474244366771856e+00
8.892354341452163524e+00
9.079821140363966592e+00
9.245114446931395946e+00
9.442212156659442357e+00
9.639421853722550892e+00
9.787693085358899481e+00
9.963289226753003547e+00
1.005411095549698608e+01
1.026890266416651265e+01
1.043822751479651068e+01
1.057451610158005195e+01
1.077620529204607003e+01
1.102862474530007830e+01
1.121385179751043282e+01
1.146705516210990439e+01
1.162697307659382417e+01
1.172473802011228550e+01
1.199025999156981293e+01
1.206125996200596973e+01
1.228489867014625148e+01
1.251895220044833579e+01
1.265087328116403143e+01
1.295077536448880728e+01
1.323231152486172846e+01
1.327497869952447473e+01
1.349469785093724994e+01
1.379527185827248736e+01
1.388620557435160840e+01
1.424333318589859054e+01
1.428230477850391722e+01
1.432284419380022555e+01
1.460673208820967339e+01
1.490439442483306465e+01
1.494482185279437481e+01
1.534136900628701561e+01
1.547799355507576102e+01
1.560857078777052820e+01
1.590746498507976092e+01
1.591340031383858822e+01
1.608059740510219626e+01
1.645810671163248173e+01
1.663011925830418036e+01
1.662866342294829991e+01
1.712107173526324289e+01
1.738457793468937140e+01
1.702845820915801411e+01
1.753094538162946847e+01
1.796937579843934785e+01
1.758335545444363390e+01
1.808080319683671178e+01
1.833557438412728402e+01
1.835942768649772816e+01
1.870490861519720127e+01
1.878721930647559546e+01
1.893549053811198490e+01
1.908712138980048678e+01
1.917637529585348233e+01
1.909518447792574847e+01
1.953865432481385511e+01
1.973799178124333409e+01
1.950349030160103325e+01
1.964369844511210061e+01
2.011438121442286686e+01
2.016163986982357414e+01
2.021270609461671341e+01
2.056893780748313816e+01
2.053075012622339557e+01
2.052403088611897886e+01
2.089974839528820638e+01
2.097847549184427862e+01
2.087522316890720475e+01
2.106056220845251659e+01
2.122238390763274651e+01
2.105093129763638515e+01
2.117669307492300845e+01
2.156383329226951773e+01
2.139159677092770195e+01
2.149630492922078062e+01
2.168701936084958248e+01
2.146203680468842734e+01
2.180740574605280457e+01
2.214202390325024083e+01
2.178881584843069774e+01
2.168466762681315885e+01
2.190942620830406540e+01
2.207975894494970959e+01
2.208468638769299019e+01
2.186810288166228844e+01
2.214235986525535438e+01
2.217102862303413602e+01
2.201693404997394055e+01
2.244506163195712389e+01
2.218525101458828530e+01
2.212970529639217432e+01
2.237484557286643039e+01
2.216666111696630637e+01
2.212253810694749134e+01
2.208558228637348719e+01
2.251180608366047053e+01
2.214997500404039599e+01
2.207303970484536038e+01
2.235479983988847152e+01
2.205411384521807960e+01
2.231650017129357266e+01
2.204739460511374105e+01
2.200999083519944577e+01
2.246118780820766148e+01
2.209745294389120929e+01
2.168433166480787477e+01
2.191726532175923836e+01
2.214739929533363494e+01
2.221145605099522058e+01
2.190057920883331732e+01
2.173159032020858206e+01
2.182174012494211723e+01
2.188669277928431356e+01
2.170056982839338744e+01
2.158746261996988736e+01
2.154154781259011031e+01
2.132765200260111271e+01
2.133750688808745011e+01
2.142508098411436634e+01
2.100904803431910395e+01
2.118945963112135900e+01
2.114298488706615231e+01
2.058181635101654905e+01
2.084173895572050128e+01
2.105541079103917923e+01
2.055337156790807285e+01
2.034529909934286351e+01
2.047755614206383967e+01
2.035414609881360803e+01
2.007608154582804971e+01
1.994035289571982617e+01
2.001415254953281675e+01
1.992422671946934543e+01
1.961626154801924216e+01
1.942465121770973724e+01
1.939777425729231553e+01
1.899786748374751966e+01
1.884601265738886156e+01
1.897479809272245888e+01
1.879483444526060154e+01
1.841766110073559304e+01
1.836894660997891648e+01
1.828797976672132464e+01
1.798908556941220027e+01
1.786332379212541710e+01
1.777888534148059563e+01
1.736699592308287876e+01
1.743967570354523389e+01
1.718512849092484984e+01
1.688936993899769945e+01
1.706227838435001232e+01
1.670571070947834613e+01
1.624163519293687585e+01
1.621128662513212149e+01
1.608933241723788399e+01
1.572391774289554434e+01
1.576524106953735505e+01
1.561730579990623546e+01
1.517294005433751636e+01
1.502791645541829801e+01
1.493978242271605161e+01
1.468601912144116994e+01
1.444871795842197493e+01
1.446327631198151487e+01
1.412137897800432107e+01
1.385518508253642800e+01
1.373468670999817043e+01
1.351619941927117274e+01
1.322133676602456553e+01
1.309579896340807004e+01
1.296320595868191639e+01
1.279309719670641599e+01
1.259073608222994167e+01
1.234358003372442170e+01
1.221513056039590950e+01
1.193784991875578605e+01
1.175441466390666534e+01
1.165463394835677491e+01
1.149572391988855813e+01
1.125573506082763231e+01
1.105606164239289058e+01
1.088864057645913697e+01
1.074787249627267904e+01
1.053621643298516730e+01
1.024762507050267324e+01
1.010741692699165029e+01
9.935292392984765186e+00
9.808186767677208096e+00
9.582420300170515048e+00
9.438292599931861204e+00
9.375355717621026486e+00
9.004901613200326338e+00
8.917327517173401219e+00
8.801980562048500545e+00
8.595587903509406047e+00
8.432198381638244200e+00
8.315731553162565959e+00
8.120425640795719602e+00
8.012469849785583520e+00
7.858935213400807918e+00
7.719510981235220726e+00
7.430247694742325493e+00
7.412329721130660687e+00
7.320612093706089674e+00
7.135497028830830146e+00
7.042659528055504659e+00
7.005367745476325680e+00
6.785200644723259344e+00
6.659774829441751365e+00
6.644432564536794317e+00
6.403099857455003985e+00
6.338707139788188449e+00
6.349345936620050423e+00
6.126267165155102390e+00
6.073857092341060415e+00
5.995465957790123923e+00
5.881238876015922656e+00
5.753013377357610203e+00
5.627811536746262888e+00
5.582680640711948250e+00
5.490179101941841111e+00
5.375056121487042482e+00
5.325333744714746409e+00
5.156120881419821167e+00
5.136747072452226170e+00
5.025767623395122286e+00
4.913332338982086434e+00
4.902805529485248393e+00
4.858682519466587912e+00
4.815791370133721827e+00
4.654193645623733389e+00
4.587561181255446208e+00
4.600663699458952927e+00
4.463367226659753051e+00
4.480837250931107185e+00
4.415436647248622393e+00
4.346564436178870672e+00
4.293258464684230447e+00
4.266157529596646292e+00
4.202212761270092578e+00
4.114638665243202098e+00
4.095936780286038470e+00
3.988876887956497530e+00
3.968047243632961685e+00
3.925940005645600639e+00
3.854380098534119892e+00
3.802641949730497739e+00
3.777220824668991117e+00
3.752471623617902097e+00
3.645971667963721963e+00
3.688302880621228574e+00
3.642724035246609038e+00
3.620214580896983225e+00
3.586058443699802645e+00
3.505763524452643054e+00
3.511698853211492555e+00
3.443834528157404762e+00
3.427036427896480220e+00
3.403631074866284578e+00
3.391424455343353017e+00
3.338566433189018579e+00
3.296571182536739197e+00
3.277197373569146421e+00
3.270254158794646315e+00
3.230162692838594030e+00
3.208997086509833174e+00
3.198694251683151357e+00
3.173161139286570620e+00
3.135869356707321920e+00
3.144268406837797070e+00
3.125454534545565988e+00
3.097009751437081349e+00
3.104400915551892570e+00
3.083571271228354060e+00
3.061285791548892021e+00
3.039784223214917258e+00
3.013467199472808389e+00
2.986030302379991674e+00
3.040456147225344630e+00
2.999804744593944417e+00
2.975055543542867831e+00
2.957473531936434696e+00
3.000588655939437910e+00
2.951538203177582531e+00
2.934404140911457848e+00
2.945938836423942053e+00
2.955009810564837913e+00
2.865195967836488666e+00
2.892184915589015137e+00
2.898568193688168648e+00
2.856348968365732599e+00
2.888153371526399393e+00
2.865083980501416772e+00
2.832831628000468616e+00
2.835967273382498988e+00
2.836863172063087024e+00
2.813345831697808830e+00
2.791060352018329471e+00
2.805842680247927490e+00
2.812001983676936767e+00
2.796547731436894946e+00
2.774486226427561153e+00
2.768886859673926004e+00
2.739434190549785431e+00
2.748393177355604955e+00
2.760039860203169937e+00
2.732043026434981314e+00
2.710205496095797972e+00
2.707629787389123077e+00
2.680192890296296593e+00
2.706957863378684603e+00
2.686464181060367995e+00
2.687696041746168163e+00
2.669890055469604118e+00
2.659251258637695070e+00
2.667650308768148459e+00
2.642229183706637841e+00
2.606393236483350417e+00
2.655107727240001658e+00
2.644580917743166282e+00
2.641333285026050692e+00
2.621175564712959982e+00
2.603817527776672858e+00
2.600569895059570147e+00
2.606057274478138730e+00
2.607177147828864783e+00
2.617256007985410360e+00
2.587691351526204997e+00
2.587019427515762082e+00
2.583211858123287907e+00
2.586235516170257487e+00
2.591386933583604613e+00
2.573132997966747215e+00
2.582875896118078884e+00
2.590491034903025458e+00
2.576716592689072716e+00
2.553871176334231219e+00
2.589147186882150287e+00
2.542000518816510901e+00
2.589707123557511981e+00
2.559582530422943591e+00
2.605385350467703809e+00
2.561934264459469812e+00
2.544688214858259911e+00
2.577388516699504972e+00
2.591834882923897965e+00
2.608520995849735957e+00
2.602473679755816782e+00
2.578396402715167568e+00
2.632486285555303951e+00
2.639317512994752590e+00
2.645812778428955792e+00
2.651524132517673493e+00
2.648836436475928924e+00
2.621063577377878318e+00
2.650180284496790772e+00
2.649284385816215615e+00
2.633718146241103231e+00
2.623975248089775558e+00
2.634390070251540372e+00
2.666866397422638979e+00
2.632822247560520523e+00
2.651188170512455144e+00
2.670785954150190822e+00
2.690383737787921614e+00
2.655779651250436135e+00
2.687472067076025262e+00
2.696431053881848783e+00
2.694639256520684256e+00
2.699006762588528563e+00
2.678513080270210178e+00
2.681648725652241882e+00
2.697774901902725286e+00
2.726443659681348386e+00
2.677953143594843155e+00
2.708973635409994696e+00
2.714237040158419934e+00
2.731259115089474498e+00
2.721964166278434849e+00
2.717708647545669542e+00
2.703262281321285876e+00
2.726779621686569843e+00
2.719836406912051086e+00
2.764071404265795895e+00
2.735402646487171907e+00
2.735626621157318361e+00
2.759479923527805134e+00
2.756904214821139565e+00
2.749625038041410452e+00
2.751416835402569649e+00
2.773814302417124456e+00
2.770118720359727060e+00
2.752200746748077353e+00
2.767319036982904823e+00
2.788036693971358559e+00
2.770342695029862856e+00
2.708413698734626784e+00
2.745369519308640704e+00
2.751752797407790219e+00
2.740890025905732053e+00
2.752872670758520268e+00
2.759367936192738124e+00
2.749177088701115768e+00
2.762503581574776934e+00
2.741114000575874066e+00
2.746825354664596652e+00
2.740666051235591372e+00
2.782437327217725187e+00
2.774038277087266025e+00
2.794419972070516511e+00
2.788596630646728691e+00
2.771798530385821024e+00
2.781429441202077690e+00
2.784341111913976263e+00
2.751976772077933564e+00
2.786916820620635171e+00
2.766311150967248000e+00
2.774822188432777281e+00
2.803714920881553940e+00
2.762951530915069398e+00
2.798451516133128703e+00
2.813009869692592702e+00
2.781541428537141591e+00
2.845150234858468075e+00
2.838990931429474340e+00
2.833951501351194668e+00
2.810882110326207606e+00
2.854781145674725185e+00
2.844702285518186269e+00
2.845710171533831545e+00
2.880314258071318356e+00
2.841118690795852331e+00
2.840894716125703656e+00
2.872923093956525342e+00
2.857132879711262952e+00
2.842462538816723505e+00
2.911222762551397558e+00
2.841342665466002781e+00
2.872587131951297668e+00
2.919509825346778165e+00
2.891177029573375634e+00
2.897560307672519819e+00
2.883561890788424176e+00
2.879642334060884767e+00
2.867771676543164450e+00
2.887257472845822459e+00
2.903607623766449652e+00
2.874154954642311299e+00
2.902823712420938840e+00
2.911782699226757920e+00
2.894424662290479677e+00
2.893752738280053194e+00
2.900919927724697533e+00
2.913350521917774216e+00
2.897224345667297918e+00
2.901591851735128902e+00
2.893864725615117983e+00
2.934180166241307841e+00
2.902375763080645932e+00
2.927348938801871636e+00
2.921637584713156599e+00
2.870235397914763453e+00
2.905623395797754860e+00
2.897000370997159457e+00
2.897784282342667161e+00
2.912454623237193285e+00
2.936195938272624151e+00
2.926900989461580505e+00
2.964640721381094135e+00
2.922421496058667856e+00
2.928468812152593248e+00
2.922421496058674073e+00
2.899576079703840570e+00
2.929252723498108502e+00
2.944483001068005645e+00
2.955905709245428614e+00
2.922757458063885316e+00
2.950866279167145390e+00
2.928692786822739258e+00
2.905063459122395830e+00
2.938547672309148595e+00
2.916934116640100605e+00
2.917830015320684645e+00
2.896552421656865661e+00
2.936083950937546927e+00
2.877626562029559132e+00
2.877066625354199214e+00
2.914582382603581046e+00
2.914694369938645835e+00
2.881770093427262314e+00
2.884457789469008215e+00
2.884569776804080998e+00
2.885241700814508370e+00
2.877178612689275994e+00
2.878970410050441853e+00
2.889609206882352233e+00
2.887929396856260045e+00
2.851197550952404569e+00
2.878298486039996273e+00
2.890169143557702380e+00
2.923765344079552353e+00
2.892072928253949016e+00
2.899464092368753576e+00
2.885577662819732048e+00
2.900248003714263056e+00
2.897000370997150576e+00
2.918165977325908766e+00
2.899688067038905803e+00
2.934852090251744539e+00
2.886697536170461209e+00
2.878410473375084599e+00
2.895096586300917707e+00
2.858252753061989004e+00
2.866651803192443726e+00
2.869227511899116845e+00
2.875498802663192688e+00
2.838095032748901403e+00
2.886249586830181624e+00
2.822304818503635016e+00
2.814465705048541544e+00
2.817041413755212886e+00
2.796211769431683258e+00
2.807970439614316582e+00
2.781989377877432279e+00
2.815361603729126028e+00
2.773926289752199015e+00
2.820513021142463383e+00
2.806738578928517747e+00
2.815585578399261824e+00
2.801475174180093397e+00
2.770342695029869517e+00
2.790052466002673981e+00
2.788820605316881363e+00
2.771462568380604896e+00
2.796323756766750268e+00
2.785572972599766661e+00
2.770566669700027074e+00
2.759367936192739901e+00
2.782325339882646631e+00
2.760487809543469062e+00
2.753320620098811844e+00
2.776837960464095811e+00
2.752200746748090232e+00
2.745145544638498247e+00
2.749737025376478350e+00
2.775046163102928620e+00
2.754664468119681242e+00
2.762279606904628260e+00
2.800355300829367344e+00
2.793636060725011028e+00
2.777397897139458394e+00
2.771126606375375889e+00
2.784341111913964273e+00
2.762951530915072507e+00
2.805618705577793026e+00
2.776613985793946249e+00
2.803042996871116799e+00
2.769110834344073790e+00
2.782885276558009213e+00
2.764071404265800780e+00
2.752648696088376035e+00
2.757576138831581591e+00
2.772358467061179166e+00
2.796435744101812837e+00
2.752200746748085791e+00
2.773366353076834212e+00
2.762167619569559918e+00
2.787588744631073645e+00
2.811106084996357168e+00
2.758696012182306312e+00
2.784565086584117388e+00
2.779973605846132401e+00
2.766311150967263099e+00
2.780981491861779009e+00
2.790388428007905208e+00
2.766871087642621241e+00
2.800915237504740141e+00
2.770230707694803840e+00
2.788820605316882251e+00
2.757688126166643716e+00
2.808082426949392918e+00
2.770230707694813610e+00
2.779077707165543476e+00
2.776278023788731009e+00
2.773478340411906995e+00
2.758024088171871391e+00
2.797219655447328535e+00
2.767095062312761033e+00
2.786468871280342707e+00
2.787252782625864622e+00
2.776390011123806456e+00
2.794419972070526281e+00
2.812225958347084553e+00
2.775830074448450535e+00
2.793636060725015913e+00
2.768326922998568751e+00
2.793412086054864130e+00
2.786132909275130576e+00
2.803490946211405266e+00
2.797331642782409311e+00
2.817825325100723699e+00
2.805170756237508556e+00
2.823536679189440513e+00
2.810210186315775793e+00
2.839102918764551120e+00
2.815473591064193037e+00
2.817937312435796926e+00
2.837311121403378600e+00
2.819169173121597094e+00
2.816817439085077091e+00
2.802259085525607762e+00
2.820401033807400371e+00
2.804050882886778506e+00
2.821184945152904966e+00
2.784677073919184842e+00
2.783557200568466339e+00
2.816481477079858742e+00
2.811666021671720639e+00
2.785013035924408520e+00
2.779749631175994828e+00
2.797667604787635209e+00
2.793636060725011028e+00
2.759815885533039914e+00
2.812897882357521695e+00
2.777061935134243154e+00
2.764519353606098573e+00
2.772470454396266604e+00
2.788372655976593339e+00
2.765975188962042974e+00
2.748393177355613837e+00
2.749513050706338557e+00
2.747049329334734669e+00
2.743465734612411833e+00
2.766983074977697576e+00
2.743465734612412721e+00
2.761159733553913309e+00
2.723531988969469353e+00
2.711549344116681137e+00
2.767319036982919034e+00
2.724091925644827938e+00
2.705390040687678077e+00
2.768550897668711208e+00
2.764295378935949010e+00
2.755000430124898703e+00
2.751080873397363291e+00
2.731483089759637384e+00
2.746937341999668547e+00
2.759703898197960470e+00
2.744585607963143659e+00
2.759591910862900122e+00
2.748729139360836626e+00
2.773366353076842206e+00
2.758248062842016957e+00
2.754440493449549443e+00
2.774038277087276683e+00
2.746153430654161287e+00
2.752760683423457255e+00
2.760599796878546730e+00
2.730923153084267252e+00
2.751080873397370397e+00
2.754328506114477992e+00
2.710989407441315002e+00
2.729915267068617979e+00
2.713005179472626427e+00
2.709981521425660400e+00
2.722748077623955876e+00
2.729467317728323295e+00
2.735514633822249575e+00
2.724539874985119070e+00
2.738986241209505845e+00
2.716476786859882253e+00
2.688367965756620848e+00
2.746489392659379636e+00
2.688255978421535186e+00
2.697326952562437263e+00
2.708749660739855791e+00
2.726779621686576505e+00
2.720620318257576109e+00
2.703038306651147860e+00
2.749737025376493449e+00
2.686128219055171407e+00
2.718492558891191457e+00
2.713789090818136351e+00
2.733050912450652792e+00
2.709981521425668394e+00
2.703150293986222863e+00
2.705726002692894649e+00
2.739210215879658961e+00
2.712781204802487522e+00
2.709197610080151808e+00
2.725323786330627662e+00
2.691727585808803447e+00
2.739994127225166665e+00
2.721180254932933806e+00
2.676049358898618724e+00
2.687696041746183262e+00
2.686128219055174515e+00
2.680080902961236688e+00
2.700462597944475629e+00
2.695759129871424076e+00
2.706509914038408127e+00
2.699902661269116155e+00
2.659251258637696846e+00
2.684672383699211462e+00
2.718156596885981990e+00
2.695311180531132056e+00
2.707853762059266423e+00
2.688479953091701180e+00
2.683664497683564409e+00
2.745145544638514679e+00
2.693855345175183214e+00
2.709309597415225923e+00
2.679744940956012567e+00
2.707629787389140841e+00
2.692959446494597842e+00
2.657011511936247405e+00
2.686688155730527328e+00
2.716140824854665681e+00
2.706733888708550584e+00
2.723196026964254557e+00
2.697214965227364925e+00
2.716476786859895576e+00
2.708077736729412877e+00
2.677169232249344777e+00
2.701694458630273132e+00
2.723867950974683705e+00
2.709533572085369713e+00
2.727451545697010538e+00
2.674481536207593990e+00
2.698110863907950296e+00
2.713005179472618877e+00
2.736186557832685828e+00
2.700686572614626080e+00
2.689151877102128108e+00
2.735738608492398249e+00
2.683664497683559524e+00
2.721068267597872570e+00
2.690719699793141739e+00
2.697326952562438596e+00
2.727003596356734949e+00
2.736858481843120749e+00
2.734618735141675305e+00
2.706621901373483574e+00
2.732267001105145088e+00
2.737978355193849023e+00
2.709981521425667506e+00
2.711437356781610131e+00
2.761607682894212434e+00
2.729355330393250956e+00
2.766199163632185432e+00
2.788260668641529438e+00
2.780981491861791888e+00
2.767319036982917702e+00
2.785796947269925106e+00
2.790388428007902100e+00
2.792516187374282755e+00
2.822528793173786354e+00
2.815249616394050136e+00
2.855677044355324323e+00
2.874042967307260721e+00
2.816705451750000755e+00
2.853997234329229027e+00
2.837535096073534824e+00
2.858812689737369794e+00
2.859484613747798942e+00
2.885689650154821262e+00
2.867883663878250555e+00
2.905735383132842298e+00
2.892408890259186904e+00
2.853325310318788333e+00
2.905399421127621284e+00
2.935412026927121776e+00
2.879194384720603850e+00
2.899576079703834353e+00
2.918165977325925198e+00
2.938099722968856575e+00
2.933172280225664785e+00
2.914806357273738602e+00
2.948178583125413255e+00
2.957361544601372128e+00
2.947954608455269021e+00
2.951314228507452508e+00
2.933060292890586673e+00
2.950754291832082377e+00
3.003164364646125239e+00
3.000588655939458338e+00
2.985470365704649076e+00
2.980430935626361411e+00
3.005964048022953694e+00
2.980654910296508309e+00
2.990621783117979771e+00
2.997117048552210061e+00
3.004844174672235191e+00
2.994205377840315041e+00
2.991741656468711152e+00
3.042023969916390236e+00
3.054678538779608932e+00
3.039112299204484557e+00
3.024889907650253118e+00
3.020298426912268130e+00
3.049639108701326151e+00
3.047175387329730256e+00
3.064981373606303183e+00
3.075508183103126569e+00
3.097121738772171895e+00
3.044711665958133917e+00
3.069796829014429740e+00
3.074948246427770648e+00
3.048183273345375977e+00
3.028697477042730402e+00
3.037320501843332909e+00
3.087938777296215687e+00
3.078419853815031804e+00
3.069684841679356513e+00
3.056694310810925241e+00
3.051878855402778257e+00
3.042583906591743048e+00
3.048519235350614309e+00
3.011675402111668287e+00
3.055910399465392224e+00
3.068340993658479121e+00
3.061621753554125469e+00
3.033176970445639054e+00
3.037768451183621821e+00
3.042247944586520703e+00
3.031833122424767879e+00
3.043927754612619996e+00
3.047287374664794157e+00
3.029481388388247876e+00
3.043031855932027518e+00
2.994765314515685617e+00
3.064085474925712926e+00
3.059046044847434143e+00
3.073268436401680237e+00
3.080211651176187004e+00
3.029257413718098313e+00
3.017050794195162311e+00
3.057030272816132488e+00
3.040680121895515509e+00
3.036536590497826094e+00
3.051542893397571898e+00
2.997564997892500305e+00
3.010555528760936017e+00
3.093202182044621829e+00
2.970240088134749268e+00
