4.379131404315829812e+00
4.367503732064541566e+00
4.354094400355409178e+00
4.403980865175453729e+00
4.367785046715794373e+00
4.374630369895968762e+00
4.359720693380218393e+00
4.404074636725863634e+00
4.419640714094512646e+00
4.403699550524200923e+00
4.413826877968858753e+00
4.379318947416656727e+00
4.399761145406830387e+00
4.386914443000157426e+00
4.389633817962172557e+00
4.418984313241615780e+00
4.407637955641571459e+00
4.376505800904259225e+00
4.403418235872957887e+00
4.417483968434996022e+00
4.410638645254806534e+00
4.385789184395207485e+00
4.381194378424936531e+00
4.413733106418453289e+00
4.378568775013350844e+00
4.389727589512565586e+00
4.367785046715789044e+00
4.355688516712445058e+00
4.349312051284295322e+00
4.380537977572042330e+00
4.346498904771892491e+00
4.374161512143911246e+00
4.364034184699249863e+00
4.374349055244731943e+00
4.383444895634871052e+00
4.360845951985180768e+00
4.417577739985434349e+00
4.357001318418220137e+00
4.342185413452875231e+00
4.409232071998608227e+00
4.379131404315828924e+00
4.374442826795153394e+00
4.362064982140555713e+00
4.341153926398326313e+00
4.370129335476135246e+00
4.320524185307330178e+00
4.360752180434784187e+00
4.333745973915659633e+00
4.355500973611598603e+00
4.341997870352040323e+00
4.347717934927282535e+00
4.364878128652966538e+00
4.353250456401688950e+00
4.307958797551905583e+00
4.340403753995007108e+00
4.336840435079298395e+00
4.336090262675990736e+00
4.339372266940462630e+00
4.292767806384897966e+00
4.291173690027865639e+00
4.322587159416421798e+00
4.316492008639547961e+00
4.287610371112148933e+00
4.330276426550327962e+00
4.328119680890831766e+00
4.346592676322311277e+00
4.326056706781749028e+00
4.327557051588343029e+00
4.326900650735456821e+00
4.376412029353839550e+00
4.337027978180121757e+00
4.361221038186831045e+00
4.352312740897549048e+00
4.363471555396767343e+00
4.409419615099433365e+00
4.424141748514379024e+00
4.415983623628386923e+00
4.428830326035046561e+00
4.430236899291249308e+00
4.401073947112612572e+00
4.379412718967079066e+00
4.443083601697903617e+00
4.454992588600442005e+00
4.412045218511021716e+00
4.393572223079537764e+00
4.370785736329015236e+00
4.406137610834958807e+00
4.436050735416902313e+00
4.398729658352282357e+00
4.392446964474559401e+00
4.385507869743960008e+00
4.369566706173659831e+00
4.414295735720941138e+00
4.411295046107698070e+00
4.407169097889509501e+00
4.383538667185281845e+00
4.416546252930861449e+00
4.364596814001713732e+00
4.400980175562176910e+00
4.393478451529110984e+00
4.350343538338852234e+00
4.387101986100985229e+00
4.388696102458025550e+00
4.442520972395437084e+00
4.427329981228430356e+00
4.408481899595314779e+00
4.390008904163805070e+00
4.427423752778834931e+00
4.451147955033506243e+00
4.427517524329262599e+00
4.428173925182152360e+00
4.429768041539166035e+00
4.419359399443266945e+00
4.413920649519294415e+00
4.456117847205403493e+00
4.436332050068120481e+00
4.418046597737491865e+00
4.411763903859776015e+00
4.460337566974025947e+00
4.394603710134085794e+00
4.426486037274713681e+00
4.389446274861333208e+00
4.434362847509452088e+00
4.411482589208546301e+00
4.415139679674672912e+00
4.416077395178803933e+00
4.452742071390519030e+00
4.415889852077969024e+00
4.380069119819972379e+00
4.402386748818416073e+00
4.410638645254808310e+00
4.378662546563779401e+00
4.378381231912524818e+00
4.409325843549020796e+00
4.404355951377094236e+00
4.373130025089358774e+00
4.388133473155546582e+00
4.403136921221725508e+00
4.418796770140808405e+00
4.423672890762313514e+00
4.440739312937605376e+00
4.407356640990344410e+00
4.399573602306025677e+00
4.442989830147507924e+00
4.466245174650078198e+00
4.443552459449992220e+00
4.436707136269784080e+00
4.487718859694817652e+00
4.415045908124260343e+00
4.431549700997043040e+00
4.435394334563997454e+00
4.432487416501182054e+00
4.431549700997063468e+00
4.439426511231783223e+00
4.483967997678248274e+00
4.455648989453345088e+00
4.447865950769030796e+00
4.442427200845027180e+00
4.442989830147501706e+00
4.438207481076409167e+00
4.410732416805227984e+00
4.480404678762535120e+00
4.499627846597341829e+00
4.451335498134324276e+00
4.459681166121127305e+00
4.456024075655005134e+00
4.464651058293068964e+00
4.402761835020090331e+00
4.487156230392322698e+00
4.427517524329249277e+00
4.424423063165605186e+00
4.474309527985637303e+00
4.475153471939375294e+00
4.449272524025221109e+00
4.445709205109497297e+00
4.462494312633548788e+00
4.456961791159120168e+00
4.458930993717817870e+00
4.469058321162487246e+00
4.454054873096322531e+00
4.482936510623701132e+00
4.503847566365938526e+00
4.514818837764338788e+00
4.513881122260194445e+00
4.464088428990569568e+00
4.498783902643601174e+00
4.525039936759420733e+00
4.510505346445309982e+00
4.489406747602231462e+00
4.544169333043805104e+00
4.491375950160942487e+00
4.449835153327700077e+00
4.472434096977374374e+00
4.493720238921276255e+00
4.469339635813740053e+00
4.476653816745984393e+00
4.457336877360779326e+00
4.522320561797432248e+00
4.481436165817077821e+00
4.499909161248562661e+00
4.547076251106615175e+00
4.495033040627069987e+00
4.513130949856888563e+00
4.497564872488238663e+00
4.520257587688338852e+00
4.493814010471707476e+00
4.506848255979187812e+00
4.485655885585712710e+00
4.463994657440165881e+00
4.463056941936028643e+00
4.496720928534489126e+00
4.476560045195581594e+00
4.475153471939386840e+00
4.491844807912997339e+00
4.450304011079756705e+00
4.480592221863371805e+00
4.487156230392308487e+00
4.467557976355871041e+00
4.476747588296423608e+00
4.461181510927755944e+00
4.478154161552613921e+00
4.455367674802104716e+00
4.469245864263316825e+00
4.464932372944294237e+00
4.501878363807264805e+00
4.483124053724543145e+00
4.533760690947883809e+00
4.491000863959281553e+00
4.503003622412214746e+00
4.537136466762775378e+00
4.523539591952808081e+00
4.543888018392553185e+00
4.543606703741331465e+00
4.542575216686746131e+00
4.559641638862042434e+00
4.533948234048711612e+00
4.577270690339807047e+00
4.548951682114882544e+00
4.570894224911668857e+00
4.597994202981201539e+00
4.633064762835904737e+00
4.604183125308517255e+00
4.651068900515317850e+00
4.667291378736857510e+00
4.661102456409579986e+00
4.657070279741789776e+00
4.714739783246161053e+00
4.671698641606317537e+00
4.692140839596491197e+00
4.741652218214868597e+00
4.695047757659303045e+00
4.717365386657752957e+00
4.720459847821396160e+00
4.728430429606563123e+00
4.759937670545534516e+00
4.792195083887807350e+00
4.765095105818283550e+00
4.767908252330693486e+00
4.745965709533908061e+00
4.744934222479360031e+00
4.796321032106009241e+00
4.741370903563639772e+00
4.737713813097486515e+00
4.763407217910815561e+00
4.793039027841548894e+00
4.747372282790114362e+00
4.798290234664685627e+00
4.778129351325780760e+00
4.750185429302518969e+00
4.803072583735793266e+00
4.774847347061295544e+00
4.733494093328887153e+00
4.735463295887578639e+00
4.730774718366885345e+00
4.743715192323963770e+00
4.741652218214865933e+00
4.758249782638086067e+00
4.719334589216428455e+00
4.700205192932029874e+00
4.722522821930508208e+00
4.684639115563404843e+00
4.676949848429483581e+00
4.736963640694201061e+00
4.753186118915764702e+00
4.712207951385010141e+00
4.774847347061306202e+00
4.725711054644564868e+00
4.734619351933850417e+00
4.735557067437988543e+00
4.691390667193174657e+00
4.741464675114051452e+00
4.719053274565188083e+00
4.703299654095698834e+00
4.732650149375180249e+00
4.745684394882645485e+00
4.703580968746959634e+00
4.730305860614821611e+00
4.723085451232980070e+00
4.742965019920666769e+00
4.718959503014779067e+00
4.742871248370250647e+00
4.746528338836388805e+00
4.757499610234772192e+00
4.709863662624677261e+00
4.782067756443128204e+00
4.773440773805080362e+00
4.749904114651275044e+00
4.769596140238134829e+00
4.743715192323967322e+00
4.794914458849818040e+00
4.798759092416766237e+00
4.796321032106021676e+00
4.797821376912611235e+00
4.781223812489429292e+00
4.800165665672967208e+00
4.790788510631597497e+00
4.810761850869723411e+00
4.804197842340743208e+00
4.765751506671172422e+00
4.811699566373834891e+00
4.806823445752343993e+00
4.791069825282849415e+00
4.811418251722598960e+00
4.849958358942599190e+00
4.806167044899440022e+00
4.744184050076042602e+00
4.823327238625137348e+00
4.760312756747182128e+00
4.768377110082763437e+00
4.742121075966954535e+00
4.754686463722374690e+00
4.763032131709179495e+00
4.775597519464613860e+00
4.748872627596735896e+00
4.795477088152289902e+00
4.754217605970307403e+00
4.744371593176874846e+00
4.830922734208636271e+00
4.815169113739155016e+00
4.747934912092611981e+00
4.816481915444929207e+00
4.838893315993801458e+00
4.805698187147370959e+00
4.834392281573939520e+00
4.796883661408496202e+00
4.805791958697788857e+00
4.893468358334539303e+00
4.815450428390374071e+00
4.796977432958908771e+00
4.834486053124349425e+00
4.819670148158988532e+00
4.810761850869697653e+00
4.862336203597201312e+00
4.854459393362451358e+00
4.846301268476484125e+00
4.831204048859882860e+00
4.816950773196995605e+00
4.844425837468203433e+00
4.821264264516039511e+00
4.796977432958916765e+00
4.801947325130819344e+00
4.843488121964056425e+00
4.804854243193665830e+00
4.805885730248206755e+00
4.812262195676334287e+00
4.796602346757254054e+00
4.817513402499484343e+00
4.850145902043434099e+00
4.834204738473117047e+00
4.825296441183827056e+00
4.877058337012148748e+00
4.856709910572378774e+00
4.870588100033576673e+00
4.871244500886488638e+00
4.879871483524556908e+00
4.881840686083241287e+00
4.884747604146046029e+00
4.911941353765992169e+00
4.916629931286694344e+00
4.885404004998962435e+00
4.869087755226965797e+00
4.865243121660029146e+00
4.882497086936140818e+00
4.858397798479810348e+00
4.905564888337884177e+00
4.906127517640371138e+00
4.837299199636761138e+00
4.890561440271719462e+00
4.841050061653295877e+00
4.912879069270134735e+00
4.875370449104707404e+00
4.913254155471805440e+00
4.890092582519618425e+00
4.923100168265226451e+00
4.902939284926277175e+00
4.889623724767572455e+00
4.859710600185607632e+00
4.866931009567452726e+00
4.858397798479821006e+00
4.850520988245086151e+00
4.867399867319529783e+00
4.887185664456800360e+00
4.869650384529494502e+00
4.875182906003870720e+00
4.896093961746094791e+00
4.860929630341006558e+00
4.844519609018614226e+00
4.930508120747910006e+00
4.918880448496609326e+00
4.903595685779175817e+00
4.924975599273505367e+00
4.980113270916696422e+00
4.960139930678597153e+00
4.956482840212484753e+00
4.987614994949801428e+00
4.955076266956279341e+00
4.958264499670331560e+00
4.936415728423954263e+00
4.997742322394465475e+00
4.923193939815639020e+00
4.936603271524791836e+00
4.949918831683533860e+00
5.001305641310192840e+00
4.971486288278649468e+00
5.003274843868859456e+00
5.008901136893683770e+00
4.982738874328277667e+00
5.026717731472266415e+00
5.004681417125087073e+00
4.979456870063827978e+00
5.003274843868867450e+00
5.010870339452383249e+00
5.007213248986239762e+00
5.027561675425979537e+00
5.008057192939964430e+00
4.982832645878697342e+00
5.030187278837561671e+00
5.014714973019327005e+00
5.025780015968143388e+00
5.008713593792873731e+00
5.007307020536681641e+00
5.023998356510284147e+00
4.994929175882056427e+00
4.972611546883603850e+00
5.005619132629218093e+00
5.001118098209356155e+00
5.037220145118599390e+00
5.015371373872226535e+00
5.024467214262343440e+00
5.034031912404524078e+00
5.058131200860820798e+00
5.067414584351798368e+00
5.078479627300573895e+00
5.027842990077214580e+00
5.079229799703900206e+00
5.096483764980001219e+00
5.089169584047731121e+00
5.094327019320518346e+00
5.090107299551890563e+00
5.101172342500680301e+00
5.083449519472496014e+00
5.133242212742142208e+00
5.070040187763361850e+00
5.073228420477430056e+00
5.107923894130469655e+00
5.124615230104076602e+00
5.113550187155282423e+00
5.144869884993442888e+00
5.129210036074361767e+00
5.124427687003268339e+00
5.100140855446126054e+00
5.119645337932156259e+00
5.136149130804990470e+00
5.142431824682692998e+00
5.124709001654509599e+00
5.120020424133823411e+00
5.153309324530649604e+00
5.091701415908907791e+00
5.145244971195087835e+00
5.155841156391822722e+00
5.154809669337272027e+00
5.159310703757157945e+00
5.128741178322289151e+00
5.165874712286075976e+00
5.164468139029866123e+00
5.126490661112369729e+00
5.120583053436294385e+00
5.116269562117267355e+00
5.129397579175183353e+00
5.105485833819713548e+00
5.124615230104090813e+00
5.091607644358498774e+00
5.127053290414841591e+00
5.064038808536904135e+00
5.071259217918734130e+00
5.101922514903993289e+00
5.029062020232594854e+00
5.081855403115466352e+00
5.052598679386418823e+00
5.032437796047500633e+00
5.052223593184776540e+00
5.021372753098703789e+00
5.026623959921861839e+00
5.057381028457506922e+00
5.028405619379704206e+00
5.038064089072316065e+00
5.051942278533515740e+00
5.053161308688903119e+00
5.031031222791290780e+00
5.015277602321797090e+00
5.122364712894166949e+00
5.080355058308859917e+00
5.035719800311955652e+00
5.114394131109003538e+00
5.101734971803161045e+00
5.134648785998332521e+00
5.097609023584984023e+00
5.145807600497581902e+00
5.153215552980249470e+00
5.143181997085968682e+00
5.169438031201798900e+00
5.204227276405245739e+00
5.194568806712642761e+00
5.144682341892583999e+00
5.155653613290975379e+00
5.164093052828220287e+00
5.214448375400345448e+00
5.165499626084425699e+00
5.205821392762284283e+00
5.223731758891291044e+00
5.224481931294596926e+00
5.203008246249873459e+00
5.201320358342442773e+00
5.188567427486169947e+00
5.219512039122645497e+00
5.167187513991860826e+00
5.221950099433429138e+00
5.260490206653420486e+00
5.242767383625278832e+00
5.284589495109728752e+00
5.242392297423599246e+00
5.295748309608929283e+00
5.238641435407066282e+00
5.236015831995486813e+00
5.252800939519530310e+00
5.247362189595516924e+00
5.299405400075083428e+00
5.336257619387627216e+00
5.387550657463886061e+00
5.298280141470100624e+00
5.321816800623913046e+00
5.359700506991027957e+00
5.341977683962849888e+00
5.373672468002669511e+00
5.352667640710022212e+00
5.339539623652100886e+00
5.353417813113336088e+00
5.448595936783138249e+00
5.381267963586172876e+00
5.399740959017637287e+00
5.438187294687232942e+00
5.449439880736864694e+00
5.364764170713375968e+00
5.345447231328158466e+00
5.361575937999297103e+00
5.417182467394573209e+00
5.386988028161389330e+00
5.416432294991269103e+00
5.335694990085141143e+00
5.379017446376236578e+00
5.341977683962856105e+00
5.355011929470317789e+00
5.305875637053636851e+00
5.360919537146400238e+00
5.349291864895133308e+00
5.361294623348056732e+00
5.333256929774393917e+00
5.316002964498282246e+00
5.362326110402618973e+00
5.363732683658806621e+00
5.319566283414003394e+00
5.398240614211021970e+00
5.401991476227566480e+00
5.377048243817570850e+00
5.333913330627290783e+00
5.407992855454053505e+00
5.394677295295296382e+00
5.371421950792736766e+00
5.394020894442421721e+00
5.448502165232724792e+00
5.323786003182616966e+00
5.471382423533632355e+00
5.437530893834339629e+00
5.394583523744896247e+00
5.395708782349865729e+00
5.446439191123642054e+00
5.471663738184881609e+00
5.401428846925092842e+00
5.457504234072419358e+00
5.461817725391482803e+00
5.414181777781339022e+00
5.441187984300457359e+00
5.431998372359942984e+00
5.445876561821151540e+00
5.416432294991264662e+00
5.465193501206362825e+00
5.451971712598017383e+00
5.396834040954809453e+00
5.404992165840813101e+00
5.435186605073998756e+00
5.390457575526713008e+00
5.492481022376708211e+00
5.426934708637593197e+00
5.428997682746707909e+00
5.389801174673819695e+00
5.377985959321692988e+00
5.418120182898702453e+00
5.377985959321691212e+00
5.439687639493850924e+00
5.452440570350094440e+00
5.451877941047614584e+00
5.425715678482216475e+00
5.381549278237414136e+00
5.432936087864055352e+00
5.454972402211269333e+00
5.414369320882173042e+00
5.426747165536751183e+00
5.413900463130105756e+00
5.431810829259104523e+00
5.476914945008048541e+00
5.480853350125444834e+00
5.492293479275887513e+00
5.519674771996663232e+00
5.451502854845948320e+00
5.472413910588194597e+00
5.487792444856027352e+00
5.490886906019677660e+00
5.511047789358631377e+00
5.549306581927380577e+00
5.534865763163670849e+00
5.464443328803040956e+00
5.537397595024835972e+00
5.525863694323957631e+00
5.530083414092600513e+00
5.518643284942120530e+00
5.471851281285697866e+00
5.513767164320601211e+00
5.487792444856055774e+00
5.468381733920402610e+00
5.538429082079400878e+00
5.549119038826535899e+00
5.496325655943661737e+00
5.524832207269440687e+00
5.557839793014999863e+00
5.519299685795006738e+00
5.524832207269429141e+00
5.512173047963583095e+00
5.532521474403327311e+00
5.484041582839473961e+00
5.516955397034669417e+00
5.582032853021723362e+00
5.571717982476230624e+00
5.559527680922462523e+00
5.622354619699561518e+00
5.590847378760620323e+00
5.569092379064640497e+00
5.548931495725724083e+00
5.537022508823209677e+00
5.542086172545529266e+00
5.581470223719244395e+00
5.589534577054810605e+00
5.614946667216917042e+00
5.584002055580412183e+00
5.577719361702718537e+00
5.634169835051709541e+00
5.667177420797283816e+00
5.599099275196993908e+00
5.664645588936129350e+00
5.613446322410307054e+00
5.631262916988855061e+00
5.664176731184051405e+00
5.652080201180706531e+00
5.651798886529464383e+00
5.692495739408959921e+00
5.641390244433548418e+00
5.661363584671663673e+00
5.683212355918016989e+00
5.688838648942831533e+00
5.744914036090180254e+00
5.738912656863711881e+00
5.752134445472033342e+00
5.779421966642376951e+00
5.792831298351535096e+00
5.745289122291852735e+00
5.760761428110109605e+00
5.786642376024237144e+00
5.742569747329851815e+00
5.756354165240641585e+00
5.812242009287142075e+00
5.751384273068722131e+00
5.700841407395782490e+00
5.781016082999401284e+00
5.731504704381048754e+00
5.704686040962719140e+00
5.779797052844038774e+00
5.756729251442300743e+00
5.770419897802693932e+00
5.791143410444105299e+00
5.784485630364724962e+00
5.774076988268785904e+00
5.730098131124818472e+00
5.806146858510252251e+00
5.827808086655839936e+00
5.728691557868621942e+00
5.781672483852310584e+00
5.814211211845836225e+00
5.807928517968150572e+00
5.838029185650895236e+00
5.850407030305486700e+00
5.846281082087297243e+00
5.869161340388231451e+00
5.886977934966808768e+00
5.898605607218083691e+00
5.910327051019787170e+00
5.924017697380193681e+00
5.960401058940642649e+00
5.945303839324080464e+00
5.925986899938863850e+00
5.914359227687596032e+00
5.885571361710614902e+00
5.913609055284291927e+00
5.980937028481243090e+00
5.974654334603524575e+00
5.892041598689159443e+00
5.965746037314232808e+00
5.944178580719117200e+00
5.924767869783480023e+00
5.944084809168677985e+00
5.948210757386889647e+00
5.928424960249613740e+00
5.991158127476341910e+00
5.983937718094511027e+00
5.966214895066278778e+00
6.057360842068327145e+00
6.020321079654943119e+00
6.008037006550774883e+00
6.060830389433645493e+00
6.023415540818632508e+00
5.914359227687565834e+00
6.063831079046905437e+00
6.044701682762487316e+00
6.017507933142585586e+00
6.080991272772556577e+00
6.050609290438559995e+00
6.039075389737693200e+00
6.021915196011986993e+00
6.035793385473219530e+00
6.016851532289649640e+00
5.975873364758912842e+00
5.982062287086222341e+00
5.950648817697668846e+00
5.971278558788636559e+00
5.996878192051575240e+00
5.998472308408580034e+00
5.994908989492876650e+00
5.996784420501175106e+00
5.983375088792005414e+00
5.922798667224835611e+00
5.920079292262814263e+00
5.926830843892599177e+00
5.943147093664546077e+00
5.949804873743932632e+00
5.880226383337013196e+00
5.935926684282716081e+00
5.912014938927227625e+00
5.860628129300576639e+00
5.839717073558377436e+00
5.897105262411484361e+00
5.821244078126867727e+00
5.792549983700277849e+00
5.818430931614438251e+00
5.823213280685554771e+00
5.743788777485222319e+00
5.716782570966103094e+00
5.696059058324698832e+00
5.695683972123039673e+00
5.707968045227236331e+00
5.696903002278394190e+00
5.726253497557864947e+00
5.655831063197260811e+00
5.657518951104692384e+00
5.632200632493017167e+00
5.608757744889606656e+00
5.619166386985528838e+00
5.609132831091247162e+00
5.582501710773809300e+00
5.595817270932522902e+00
5.569936323018404245e+00
5.548650181074463283e+00
5.550994469834811262e+00
5.539835655335588527e+00
5.506921841140403728e+00
5.525113521920650861e+00
5.552869900843084849e+00
5.504390009279275020e+00
5.516486539282622559e+00
5.466318759811295003e+00
5.527926668433068791e+00
5.470819794231143618e+00
5.452721885001341029e+00
5.450377596241026801e+00
5.440250268796311239e+00
5.457129147870773522e+00
5.425809450032648584e+00
5.403773135685425721e+00
5.450471367791403843e+00
5.420370700108657402e+00
5.462942983996448731e+00
5.379767618779562888e+00
5.387269342812635919e+00
5.440156497245908440e+00
5.452815656551755374e+00
5.433498717166546754e+00
5.384831282501864713e+00
5.404992165840806884e+00
5.438562380888909864e+00
5.367296002574526881e+00
5.426747165536764506e+00
5.399365872815995004e+00
5.437624665384769962e+00
5.441563070502136945e+00
5.406398739097037165e+00
5.443813587712034163e+00
5.430498027553304574e+00
5.401241303824255269e+00
5.391957920333313226e+00
5.366170743969576939e+00
5.391395291030858239e+00
5.383424709245695716e+00
5.379486304128318963e+00
5.374235097305164466e+00
5.387644429014307512e+00
5.379017446376264111e+00
5.356793588928205452e+00
5.347979063189351123e+00
5.384456196300245523e+00
5.324817490237166773e+00
5.390738890177932952e+00
5.333069386673561674e+00
5.328849666904960536e+00
5.416244751890440412e+00
5.379017446376237466e+00
5.334288416828965929e+00
5.380142704981197177e+00
5.363638912108381618e+00
5.376579386065492905e+00
5.389801174673801931e+00
5.385581454905185694e+00
5.359137877688558760e+00
5.378829903275409663e+00
5.352105011407516599e+00
5.339914709853769814e+00
5.389144773820913059e+00
5.323129602329715659e+00
5.309345184418908126e+00
5.312345874032173398e+00
5.364107769860464892e+00
5.243048698276510322e+00
5.344134429622408256e+00
5.276056284022086373e+00
5.240329323314507626e+00
5.216136263307783238e+00
5.272305422005551634e+00
5.227763935559093689e+00
5.183222449112620644e+00
5.261334150607146043e+00
5.249800249906294347e+00
5.272680508207193029e+00
5.245205443936019840e+00
5.286746240769240046e+00
5.278025486580768977e+00
5.298186369919712035e+00
5.240048008663242385e+00
5.279900917589043452e+00
5.264616154871649023e+00
5.273055594408833535e+00
5.249050077502955602e+00
5.274931025417131103e+00
5.265647641926191724e+00
5.293310249298178505e+00
5.280088460689868590e+00
5.256833116187279664e+00
5.294716822554411451e+00
5.268742103089823381e+00
5.242767383625241528e+00
5.277744171929536598e+00
5.273618223711323161e+00
5.275212340068351935e+00
5.260771521304660858e+00
5.274555939215485267e+00
5.285714753714692016e+00
5.263959754018738835e+00
5.261240379056756566e+00
5.277181542627038979e+00
5.244549043083122974e+00
5.224294388193779781e+00
5.286371154567561348e+00
5.243798870679811763e+00
5.240235551764057753e+00
5.223637987340869593e+00
5.223825530441708054e+00
5.232264969978912994e+00
5.248581219750868776e+00
5.229451823466506610e+00
5.224013073542529639e+00
5.248112361998826358e+00
5.220918612378886436e+00
5.261146607506326234e+00
5.266397814329479843e+00
5.259177404947627643e+00
5.250737965410420038e+00
5.251019280061668404e+00
5.271742792703051350e+00
5.221387470130935959e+00
5.216417577959036045e+00
5.236953547499610728e+00
5.237891263003747078e+00
5.252894711069914457e+00
5.219512039122681912e+00
5.238922750058303990e+00
5.224388159744173699e+00
5.235359431142597941e+00
5.259927577350966388e+00
5.266022728127823349e+00
5.217167750362339262e+00
5.217824151215243234e+00
5.223450444240040902e+00
5.227951478659916162e+00
5.208540767724272769e+00
5.220824840828465874e+00
5.226076047651638135e+00
5.215011004702833297e+00
5.214167060749111293e+00
5.236578461297924925e+00
5.254676370527779028e+00
5.205446306560624237e+00
5.251769452464954746e+00
5.250362879208760880e+00
5.242861155175656762e+00
5.242110982772349992e+00
5.205446306560617131e+00
5.212854259043294469e+00
5.176095811281171244e+00
5.212291629740825272e+00
5.233015142382225982e+00
5.212104086640009903e+00
5.222231414084683720e+00
5.225888504550803226e+00
5.181065703453088034e+00
5.182378505158888871e+00
5.191943203301064180e+00
5.213791974547444141e+00
5.196538009271348457e+00
5.223262901139221093e+00
5.180221759499366030e+00
5.176845983684488672e+00
5.196725552372157608e+00
5.165593397634840045e+00
5.162780251122423891e+00
5.200101328187058947e+00
5.159967104610023725e+00
5.139993764371928009e+00
5.176752212134077880e+00
5.157622815849684628e+00
5.189411371439910603e+00
5.155747384841415482e+00
5.130147751578502557e+00
5.166718656239836172e+00
5.179659130196872852e+00
5.177596156087777679e+00
5.132304497237999641e+00
5.117769906923913759e+00
5.096014907227947255e+00
5.078479627300593435e+00
5.118426307776789308e+00
5.114019044907343492e+00
5.125834260259471975e+00
5.060006631869091720e+00
5.124052600801612734e+00
5.083074433270877712e+00
5.048941588920319745e+00
5.062819778381518532e+00
5.101828743353581608e+00
5.033469283102061986e+00
5.029437106434275329e+00
5.061975834427827614e+00
5.032906653799587460e+00
5.055318054348406420e+00
5.057568571558341830e+00
5.067883442103841674e+00
5.036094886513637903e+00
5.031593852093787511e+00
5.059444002566636733e+00
5.062819778381530078e+00
5.006744391234182245e+00
5.034125683954960628e+00
4.995210490533326109e+00
5.002993529217627966e+00
5.033750597753304135e+00
5.036001114963218228e+00
5.024373442711919324e+00
5.063663722335252970e+00
5.028405619379722857e+00
5.015652688523462466e+00
5.027561675426018617e+00
5.007025705885427946e+00
5.035063399459077438e+00
4.941291849045469142e+00
4.987052365647326901e+00
5.007119477435830746e+00
4.950575232536412074e+00
5.025686244417732595e+00
4.990521913012602617e+00
4.997085921541565945e+00
4.992959973323371159e+00
5.048191416517000540e+00
4.996148206037453576e+00
4.969423314169567618e+00
4.970829887425760596e+00
4.988271395802685859e+00
4.967172796959615333e+00
4.984051676034074063e+00
4.973736805488577772e+00
4.977956525257178910e+00
4.934165211214048163e+00
4.983020188979534915e+00
4.946918142070288127e+00
4.996523292239094083e+00
5.008994908444087457e+00
4.954044779901723317e+00
4.986020878592754002e+00
5.022591783254077846e+00
4.997461007743230432e+00
5.034219455505379415e+00
4.976549952000975274e+00
4.973549262387744641e+00
4.991178313865527016e+00
4.988271395802682306e+00
4.988646482004353899e+00
4.987802538050618573e+00
4.991272085415939586e+00
4.974018120139815480e+00
4.982270016576229033e+00
4.926475944080117131e+00
4.938947560285115834e+00
4.977956525257202003e+00
4.957701870367853481e+00
4.928538918189211415e+00
4.947011913620677603e+00
4.971017430526589287e+00
4.972611546883604738e+00
4.986771050996081200e+00
4.974018120139826138e+00
5.006650619683766124e+00
4.938384930982660848e+00
5.007494563637483687e+00
5.001962042163081712e+00
4.929570405243781650e+00
4.969610857270388315e+00
4.954419866103397574e+00
4.988927796655588054e+00
4.923006396714824540e+00
4.975612236496835372e+00
4.943073508503322167e+00
4.954794952305022093e+00
4.958264499670336001e+00
4.955451353157919847e+00
4.949168659280212879e+00
4.901251397018850930e+00
4.986677279445660638e+00
4.964734736648882318e+00
4.985552020840704479e+00
4.964828508199305546e+00
4.965109822850528154e+00
5.004400102473848477e+00
4.989209111306831090e+00
4.979363098513406527e+00
4.935384241369422220e+00
4.928538918189218521e+00
4.913066612370955433e+00
4.937728530129748883e+00
4.935384241369420444e+00
4.894781160040318824e+00
4.901532711670102849e+00
4.904627172833728288e+00
4.892624414380802200e+00
4.915879758883386685e+00
4.892811957481620233e+00
4.854740708013712158e+00
4.873870104298075212e+00
4.870025470731109252e+00
4.915598444232135655e+00
4.881465599881572359e+00
4.870494328483183644e+00
4.843675665064894886e+00
4.891686698876660522e+00
4.856991225223623587e+00
4.891499155775828278e+00
4.835236225527678400e+00
4.877527194764210705e+00
4.861492259643463321e+00
4.832047992813589765e+00
4.890373897170875672e+00
4.863461462202174346e+00
4.853709220959153470e+00
4.869931699180692242e+00
4.854365621812043230e+00
4.862711289798871128e+00
4.831860449712761962e+00
4.866743466466642687e+00
4.816481915444956741e+00
4.795852174353949060e+00
4.815450428390384729e+00
4.831579135061511820e+00
4.843675665064880675e+00
4.822577066221834130e+00
4.852115104602113149e+00
4.822858380873064732e+00
4.809167734512677761e+00
4.838236915140895711e+00
4.845832410724408845e+00
4.789381937375419618e+00
4.800446980324212909e+00
4.796977432958907883e+00
4.848364242585587292e+00
4.841050061653331404e+00
4.783849415900983892e+00
4.814981570638313890e+00
4.847520298631848412e+00
4.815919286142459121e+00
4.800728294975449728e+00
4.823983639478035990e+00
4.858022712278164512e+00
4.786475019312588230e+00
4.795664631253113264e+00
4.821733122268116567e+00
4.798946635517589598e+00
4.806354588000298023e+00
4.855772195068260189e+00
4.866462151815397874e+00
4.853709220959158799e+00
4.825765298935893455e+00
4.804104070790351955e+00
4.808511333659785336e+00
4.827546958393760690e+00
4.805135557844903538e+00
4.741652218214873926e+00
4.826140385137556166e+00
4.837205428086350345e+00
4.758718640390158683e+00
4.766032821322403912e+00
4.774190946208410224e+00
4.812637281877987228e+00
4.808042475907710944e+00
4.830266333355754504e+00
4.834017195372284803e+00
4.813950083583770301e+00
4.797727605362220871e+00
4.803072583735811030e+00
4.814325169785428571e+00
4.874714048251798992e+00
4.837392971187188806e+00
4.819201290406947891e+00
4.798102691563888023e+00
4.847895384833504018e+00
4.808042475907710944e+00
4.813668768932516606e+00
4.843394350413650962e+00
4.826984329091270176e+00
4.806729674201919877e+00
4.823233467074730996e+00
4.790038338228305825e+00
4.802322411332491825e+00
4.803635213038282004e+00
4.750185429302518969e+00
4.739589244105786747e+00
4.774378489309223816e+00
4.744746679378526011e+00
4.744840450928949238e+00
4.744277821626447178e+00
4.698235990373368587e+00
4.665415947728588364e+00
4.718865731464364721e+00
4.673105214862523837e+00
4.648818383305403756e+00
4.726367455497445746e+00
4.672261270908805386e+00
4.704893770452722279e+00
4.644223577335128361e+00
4.701611766188254826e+00
4.718021787510641829e+00
4.657351594393039029e+00
4.661196227959994332e+00
4.683138770756775315e+00
4.653413189275655171e+00
4.679294137189836000e+00
4.664103146022810620e+00
4.657070279741813756e+00
4.699455020528727545e+00
4.741464675114044347e+00
4.714833554796578952e+00
4.681450882849340189e+00
4.734056722631371450e+00
4.736682326042944702e+00
4.693828727503928100e+00
4.705268856654384102e+00
4.680138081143562445e+00
4.691203124092343302e+00
4.668604180442674334e+00
4.640285172217753384e+00
4.641879288574803475e+00
4.683044999206348535e+00
4.661571314161642832e+00
4.661852628812888533e+00
4.666916292535209010e+00
4.656132564237662308e+00
4.695985473163450941e+00
4.633814935239209731e+00
4.642160603226016313e+00
4.615248168257315875e+00
4.654444676330229846e+00
4.647693124700438716e+00
4.651068900515323179e+00
4.705362628204800224e+00
4.668979266644322834e+00
4.677231163080717735e+00
4.692984783550205208e+00
4.671417326955070948e+00
4.652850559973176203e+00
4.650131185011204593e+00
4.713051895338705499e+00
4.642160603226042959e+00
4.681638425950158222e+00
4.655476163384764554e+00
4.685107973315472130e+00
4.652944331523585220e+00
4.664572003774885900e+00
4.674699331219571263e+00
4.664290689123644640e+00
4.639253685163206242e+00
4.672167499358384823e+00
4.689140149983256123e+00
4.648255754002910578e+00
4.634096249890458985e+00
4.666259891682330796e+00
4.633252305936730764e+00
4.616467198412684603e+00
4.620405603530073790e+00
4.642910775629335518e+00
4.590398707397707057e+00
4.622562349189582420e+00
4.600807349493630127e+00
4.557016035450458524e+00
4.546888708005782043e+00
4.551952371728130942e+00
4.563486272429011059e+00
4.544731962346292065e+00
4.529540971179280895e+00
4.578958578247246614e+00
4.532072803040428255e+00
4.502534764660146571e+00
4.561610841420718820e+00
4.509098773189116116e+00
4.514256208461858044e+00
4.548295281262000778e+00
4.556734720799219929e+00
4.545200820098342476e+00
4.576332974835668033e+00
4.547451337308288544e+00
4.530478686683408363e+00
4.556359634597557218e+00
4.541543729632235404e+00
4.534510863351203014e+00
4.604089353758084258e+00
4.558235065605845016e+00
4.587116703133240492e+00
4.556547177698408113e+00
4.578020862743120922e+00
4.598838146934945748e+00
4.600244720191140502e+00
4.567799763748023878e+00
4.538824354670238925e+00
4.560110496614097286e+00
4.524946165209001947e+00
4.550545798471929970e+00
4.499721618147774826e+00
4.508911230088278543e+00
4.573613599873683988e+00
4.535823665056989640e+00
4.516225411020554859e+00
4.525696337612318487e+00
4.507598428382491029e+00
4.498690131093201039e+00
4.501972135357675597e+00
4.492313665665067290e+00
4.511255518848626522e+00
4.510786661096554795e+00
4.545950992501638588e+00
4.541074871880134367e+00
4.516788040323027609e+00
4.521007760091636740e+00
4.513787350709786317e+00
4.461369054028590853e+00
4.492970066517959715e+00
4.514537523113106410e+00
4.456024075654994476e+00
4.499721618147744628e+00
4.505629225823801320e+00
4.464182200540979473e+00
4.457055562709570040e+00
4.462119226431878971e+00
4.462025454881479725e+00
4.453867329995468971e+00
4.471590153023671910e+00
4.443083601697931151e+00
4.467464204805470018e+00
4.477685303800547523e+00
4.464275972091412470e+00
4.455742761003744334e+00
4.466995347053380527e+00
4.472246553876570552e+00
4.443833774101233480e+00
4.432956274253264439e+00
4.480310907212150973e+00
4.404637266028340825e+00
4.427329981228457001e+00
4.479560734808818445e+00
4.402949378120888824e+00
4.407919270292816272e+00
4.447115778365697381e+00
4.442520972395422874e+00
4.459962480772372118e+00
4.437175994021844261e+00
4.464182200540979473e+00
4.442520972395448631e+00
4.438113709525993933e+00
4.478154161552621026e+00
4.453586015344250804e+00
4.444677718054940385e+00
4.446271834411978041e+00
4.466057631549253948e+00
4.429955584640003607e+00
4.444771489605364501e+00
4.469527178914565191e+00
4.516131639470120973e+00
4.452273213638455296e+00
4.428830326035051002e+00
4.480779764964188061e+00
4.455555217902937848e+00
4.395541425638224808e+00
4.474403299536061418e+00
4.470558665969091905e+00
4.465119916045125592e+00
4.445334118907856791e+00
4.465401230696348200e+00
4.459212308369062683e+00
4.492219894114670709e+00
4.436988450921016458e+00
4.430611985492917348e+00
4.458555907516157824e+00
4.409138300448182335e+00
4.430330670841668983e+00
4.416077395178783505e+00
4.386258042147261449e+00
4.420765972699489232e+00
4.449647610226882932e+00
4.396479141142346059e+00
4.425923407972225831e+00
4.424985692468093035e+00
4.399104744553923751e+00
4.394885024785325278e+00
4.423860433863123554e+00
4.398167029049805166e+00
4.407825498742403703e+00
4.372286081135641211e+00
4.413826877968881846e+00
4.353250456401684509e+00
4.394041080831597945e+00
4.372567395786884248e+00
4.380537977572029007e+00
4.409325843549022572e+00
4.416358709830034535e+00
4.404543494477920262e+00
4.417390196884593223e+00
4.482186338220396138e+00
4.465026144494703253e+00
4.413170477115979651e+00
4.472621640078195071e+00
4.471683924574065827e+00
4.488656575198941567e+00
4.458087049764113630e+00
4.417483968434993358e+00
4.439051425030121401e+00
4.491469721711340846e+00
4.447678407668199441e+00
4.440551769836763363e+00
4.436425821618548149e+00
4.390946619667943196e+00
4.414014421069696326e+00
4.457430648911210547e+00
4.425923407972216062e+00
4.461462825578984770e+00
4.417202653783769861e+00
4.456305390306231295e+00
4.470277351317858638e+00
4.468401920309595710e+00
4.409888472851481112e+00
4.429486726887956749e+00
4.420672201149077551e+00
4.468308148759179588e+00
4.445427890458263143e+00
4.413264248666388667e+00
4.411295046107722051e+00
4.422360089056484256e+00
4.431268386345796451e+00
4.386820671449773279e+00
4.413826877968879181e+00
4.451241726583916147e+00
4.429205412236729700e+00
4.453210929142592533e+00
4.432112330299527336e+00
4.431924787198687987e+00
4.402386748818411633e+00
4.377443516408383140e+00
4.426392265724297559e+00
4.405762524633301425e+00
4.359814464930620304e+00
4.337215521280960218e+00
4.340122439343763183e+00
4.350718624540515833e+00
4.315741836236232309e+00
4.356438689115733176e+00
4.356720003766985094e+00
4.324743905075939310e+00
4.350624852990090830e+00
4.354938344309119636e+00
4.343967072910734473e+00
4.311334573366797152e+00
4.343685758259502983e+00
4.340122439343786276e+00
4.317054637942024264e+00
4.328588538642899053e+00
4.325962935231318696e+00
4.336090262675981855e+00
4.353437999502516753e+00
4.354188171905807536e+00
4.328776081743711757e+00
4.362908926094275053e+00
4.357563947720713315e+00
4.359439378728980685e+00
4.368910305320751419e+00
4.379975348269556257e+00
4.353156684851264835e+00
4.367785046715792596e+00
4.354938344309112530e+00
4.353813085704156371e+00
4.387383300752235371e+00
4.419546942544119617e+00
4.406981554788670152e+00
4.439238968130958973e+00
4.393009593777059685e+00
4.452085670537612394e+00
4.379412718967084395e+00
4.426486037274726115e+00
4.396760455793604194e+00
4.407075326339104038e+00
4.486687372640265181e+00
4.420765972699490121e+00
4.402949378120889712e+00
4.439520282782190463e+00
4.385695412844788699e+00
4.422172545955682210e+00
4.412607847813508677e+00
4.373786425942254752e+00
4.381850779277816521e+00
4.376224486253009083e+00
4.327650823138758263e+00
4.394603710134091124e+00
4.337684379032996418e+00
4.341247697948727335e+00
4.350343538338863780e+00
4.365628301056262650e+00
4.325681620580073883e+00
4.376224486253010859e+00
4.398635886801847583e+00
4.373692654391856394e+00
4.369472934623230387e+00
4.398729658352265481e+00
4.290611060725389336e+00
