3.682702711450512645e+00
3.592149993035799849e+00
3.569632614817411120e+00
3.660088692123887544e+00
3.622495301021079417e+00
3.598528306179199276e+00
3.635058645091429508e+00
3.623075147670502538e+00
3.600364487235647282e+00
3.639407494961931722e+00
3.623075147670483886e+00
3.650327940192313214e+00
3.641050393801911422e+00
3.642210087100703486e+00
3.634865362874957206e+00
3.631676206303265264e+00
3.642113445992471998e+00
3.633609028467918112e+00
3.628003844190404781e+00
3.670332649596631303e+00
3.714884200492219346e+00
3.699808187607812826e+00
3.740880658607008691e+00
3.744553020719878944e+00
3.687438125753941254e+00
3.721069231419170453e+00
3.727930750103746416e+00
3.745519431802193822e+00
3.789491136048401820e+00
3.795096320325952899e+00
3.770066273293497972e+00
3.754023849326762807e+00
3.757309647006695119e+00
3.768906579994693917e+00
3.756053312599650695e+00
3.757502929223155430e+00
3.807659664396287003e+00
3.812974925349125410e+00
3.822832318388933892e+00
3.847185877663747533e+00
3.822735677280712618e+00
3.805436918906922372e+00
3.801861197902284495e+00
3.798672041330584115e+00
3.786978467234337398e+00
3.801571274577607351e+00
3.746292560668074145e+00
3.778763973034503731e+00
3.795192961434182166e+00
3.723388618016764795e+00
3.752960797136182247e+00
3.749868281672718240e+00
3.721649078068574479e+00
3.687631407970418884e+00
3.751704462729148926e+00
3.788331442749610645e+00
3.746389201776309186e+00
3.767553604479420226e+00
3.724451670207326703e+00
3.733439293273038029e+00
3.745132867369280749e+00
3.762141702418369427e+00
3.709085733998205292e+00
3.737304937602376587e+00
3.724934875748491248e+00
3.738078066468240479e+00
3.756053312599642258e+00
3.723291976908520873e+00
3.733825857705966644e+00
3.684152328073990290e+00
3.756729800357285765e+00
3.702224215313631994e+00
3.715367406033404762e+00
3.714884200492219790e+00
3.744746302936350357e+00
3.705413371885353691e+00
3.716237176007475274e+00
3.739044477550563794e+00
3.742620198555208333e+00
3.743779891854028374e+00
3.740204170849373178e+00
3.749288435023303556e+00
3.736821732061212931e+00
3.705510012993571856e+00
3.738271348684708784e+00
3.740107529741132364e+00
3.696812313252583859e+00
3.712564813894619231e+00
3.681059812610513848e+00
3.712758096111075989e+00
3.683379199208128174e+00
3.689660871243306772e+00
3.673715088384799099e+00
3.714594277167521774e+00
3.700291393148975150e+00
3.654580148954578167e+00
3.667433416349616060e+00
3.718363280388614633e+00
3.690240717892709466e+00
3.696039184386702647e+00
3.697585442118440202e+00
3.697972006551389690e+00
3.687921331295100025e+00
3.718846485929784951e+00
3.695652619953767815e+00
3.737015014277664360e+00
3.754410413759674103e+00
3.750738051646816285e+00
3.741847069689339111e+00
3.769003221102936951e+00
3.744263097395172935e+00
3.759435751387821156e+00
3.720779308094452897e+00
3.737884784251766845e+00
3.756149953707876854e+00
3.775961380895744401e+00
3.712758096111081763e+00
3.776734509761595859e+00
3.735082192113008848e+00
3.748418665049219278e+00
3.763204754608923785e+00
3.750351487213883672e+00
3.734888909896540099e+00
3.754120490435000956e+00
3.725418081289658012e+00
3.701741009772488322e+00
3.721165872527401941e+00
3.675454628332987639e+00
3.685795226913974876e+00
3.747935459508039635e+00
3.720102820336847138e+00
3.739334400875278241e+00
3.775864739787508029e+00
3.765524141206531894e+00
3.776927791978074822e+00
3.769196503319402147e+00
3.809495845452731011e+00
3.817613698544338519e+00
3.780986718523886569e+00
3.792390369295405073e+00
3.742523557446964411e+00
3.821962548414854499e+00
3.843610156659117205e+00
3.777700920843948929e+00
3.812491719807966639e+00
3.785238927286149746e+00
3.795192961434186163e+00
3.799348529088208082e+00
3.842643745576786785e+00
3.784949003961446845e+00
3.813458130890287734e+00
3.877144621216101150e+00
3.862455172764623246e+00
3.820126367358386954e+00
3.834622533593393445e+00
3.872892412453837085e+00
3.830853530372305027e+00
3.832979634753433729e+00
3.867673792609237271e+00
3.854144037456565641e+00
3.883136369926582621e+00
3.881203547761904016e+00
3.893090404074623478e+00
3.894636661806356592e+00
3.892703839641687757e+00
3.868736844799803176e+00
3.899468717218039338e+00
3.883329652143042043e+00
3.879270725597244951e+00
3.936482261671425675e+00
3.913191754587169502e+00
3.883136369926582621e+00
3.860715632816429377e+00
3.898598947243931079e+00
3.931167000718594373e+00
3.866997304851599093e+00
3.920729761029388971e+00
3.905460465928515035e+00
3.872215924696204237e+00
3.900241846083907227e+00
3.886808732039444880e+00
3.941024393758391753e+00
3.928267767471572469e+00
3.885262474307718428e+00
3.923628994276381565e+00
3.923339070951689322e+00
3.893670250724017290e+00
3.944793396979499711e+00
3.955713842209860776e+00
3.991471052256236884e+00
3.945566525845351613e+00
3.951364992339359006e+00
3.983159916948167290e+00
3.949432170174709711e+00
3.978617784861177675e+00
3.980550607025864718e+00
3.987798690143365299e+00
3.979100990402355986e+00
3.988185254576285477e+00
3.992824027771504802e+00
3.978617784861201212e+00
3.945083320304191510e+00
3.959869409863912004e+00
3.960642538729776341e+00
3.913674960128333602e+00
3.911258932422494894e+00
3.983739763597543782e+00
3.950785145689973632e+00
3.973302523908362804e+00
3.958516434348641866e+00
3.945953090278292663e+00
3.924305482034026848e+00
3.955810483318106918e+00
3.939188212701959291e+00
3.953297814504029617e+00
3.934066233965576309e+00
3.961029103162700071e+00
3.942860574814802455e+00
3.935322568372636276e+00
3.963251848652073139e+00
3.956486971075755310e+00
3.949818734607627668e+00
3.948465759092361971e+00
3.890094529719392735e+00
3.929814025203322458e+00
3.921792813219949991e+00
3.988668460117464232e+00
3.944310191438321844e+00
3.930007307419780105e+00
3.914738012318917715e+00
4.003937755218327510e+00
3.936482261671423011e+00
3.891447505234661097e+00
3.897342612836891984e+00
3.891930710775816316e+00
3.837231843515709340e+00
3.914351447885957125e+00
3.904687337062632935e+00
3.844769849957916374e+00
3.863614866063427744e+00
3.848925417611962718e+00
3.805533560015163630e+00
3.810848820967990047e+00
3.856753347378861108e+00
3.832399788104043026e+00
3.823798729471272306e+00
3.839937794546248728e+00
3.798961964655271917e+00
3.822832318388916129e+00
3.837135202407493395e+00
3.876081569025545459e+00
3.853660831915389551e+00
3.809399204344489309e+00
3.848442212070791069e+00
3.820223008466630432e+00
3.880430418896049893e+00
3.902367950465010615e+00
3.832689711428753032e+00
3.866804022635117466e+00
3.824765140553597398e+00
3.848248929854312550e+00
3.886228885390054621e+00
3.834429251376942460e+00
3.834332610268694541e+00
3.831819941454644773e+00
3.814521183080856304e+00
3.848828776503717020e+00
3.862648454981100432e+00
3.873278976886775471e+00
3.847185877663755527e+00
3.885069192091239021e+00
3.878787520056065308e+00
3.883426293251287298e+00
3.925658457549272562e+00
3.936868826104337415e+00
3.906716800335516826e+00
3.915221217860068936e+00
3.959966050972137719e+00
3.986445714628087611e+00
3.944793396979483724e+00
4.007996681764146807e+00
4.010509350578193910e+00
3.969243597362546616e+00
4.006933629573569355e+00
4.012345531634642803e+00
4.013505224933447302e+00
4.083956592835609634e+00
4.063275395673659141e+00
4.081733847346218802e+00
4.113528771955012431e+00
4.035539397610658163e+00
4.069073862167662092e+00
4.062308984591310512e+00
4.050035563845680642e+00
4.057187005854931527e+00
4.088885289355492780e+00
4.020753308050948327e+00
4.059892956885495785e+00
4.106280688837531834e+00
4.069653708817049242e+00
4.077095074151018572e+00
4.093234139225992330e+00
4.132856993601699891e+00
4.133920045792282671e+00
4.113142207522098026e+00
4.124545858293632072e+00
4.076225304176926301e+00
4.051678462685646132e+00
4.065884705595973259e+00
4.064435088972458310e+00
3.989924794524506435e+00
4.069557067708824860e+00
4.027421544519057761e+00
4.021623078025057474e+00
4.014278353799311638e+00
4.027421544519045327e+00
4.069073862167659428e+00
4.077288356367490429e+00
4.079801025181562402e+00
4.091977804818968778e+00
4.091881163710751501e+00
4.133630122467572221e+00
4.059796315777255415e+00
4.039694965264689408e+00
4.146483389862612334e+00
4.103961302239898856e+00
4.052741514876196049e+00
4.117104492959656525e+00
4.081250641805061363e+00
4.090721470411943450e+00
4.089175212680183691e+00
4.002198215270126980e+00
4.042787480728170735e+00
4.104734431105776515e+00
4.065691423379480973e+00
4.079414460748630233e+00
4.098066194637674187e+00
4.088208801597869702e+00
4.056123953664381609e+00
4.078641331882769450e+00
4.091784522602502250e+00
4.131987223627594297e+00
4.093717344767164867e+00
4.145323696563809612e+00
4.121839907263098901e+00
4.065981346704189647e+00
4.095360243607145456e+00
4.086662543866131259e+00
4.109276563192764797e+00
4.127735014865330676e+00
4.134209969116970917e+00
4.060956009076043927e+00
4.052644873767963674e+00
4.085309568350862008e+00
4.025198799029679364e+00
4.031383829956631359e+00
4.084053233943826022e+00
4.066657834461818055e+00
4.052741514876207596e+00
4.146290107646137812e+00
4.115751517444385499e+00
4.095553525823588892e+00
4.135079739091068518e+00
4.145613619888518286e+00
4.065304858946571009e+00
4.152958344114246358e+00
4.204951260343826824e+00
4.153054985222478734e+00
4.128508143731203894e+00
4.155760936253033222e+00
4.174219387925595548e+00
4.147159877620238966e+00
4.199925922715677551e+00
4.179534648878438396e+00
4.164265353777559575e+00
4.220317196552943351e+00
4.210556444621373906e+00
4.177118621172598800e+00
4.221380248743499486e+00
4.238389083792577949e+00
4.166488099266913103e+00
4.192581198489947703e+00
4.160013145015283520e+00
4.155374371820094836e+00
4.180017854419602941e+00
4.172286565760931154e+00
4.144357285481470754e+00
4.147449800944945864e+00
4.205917671426156801e+00
4.206207594750845935e+00
4.202341950421516259e+00
4.220123914336472382e+00
4.204951260343822383e+00
4.153924755196599428e+00
4.258007228763966090e+00
4.245637166910076310e+00
4.271923548349580990e+00
4.207174005833202557e+00
4.217224681089454918e+00
4.234233516138551146e+00
4.211812779028383247e+00
4.244960679152450567e+00
4.286806279017518762e+00
4.218577656604725057e+00
4.220607119877630709e+00
4.256847535465158039e+00
4.289029024506887389e+00
4.235973056086732136e+00
4.263612413041506954e+00
4.314252353755819058e+00
4.316668381461641779e+00
4.321403795765067279e+00
4.341505146277629734e+00
4.387506313796738056e+00
4.377745561865149959e+00
4.361993061223097712e+00
4.389149212636694664e+00
4.393498062507195989e+00
4.400746145624714778e+00
4.451772650771950168e+00
4.425486269332440159e+00
4.410120333123349390e+00
4.508694263521426215e+00
4.444234644329744910e+00
4.403162173330541052e+00
4.474869875639714500e+00
4.420847496137248811e+00
4.394657755805998711e+00
4.410216974231572884e+00
4.445297696520314368e+00
4.423070241626621879e+00
4.428192220362983100e+00
4.447423800901439961e+00
4.391758522559007893e+00
4.410796820880984903e+00
4.393594703615438135e+00
4.378905255163950017e+00
4.359383751300814680e+00
4.367404963284180042e+00
4.393304780290741895e+00
4.413792695236215202e+00
4.419107956189064268e+00
4.386056697173244423e+00
4.328458596666106217e+00
4.311932967158206509e+00
4.353295361482087067e+00
4.309420298344150524e+00
4.383350746142697929e+00
4.280427965874113561e+00
4.303331908525438010e+00
4.359093827976105118e+00
4.322080283522713451e+00
4.323046694605039875e+00
4.318601203626318608e+00
4.336963014190655663e+00
4.284583533528135035e+00
4.296856954273781781e+00
4.331067906588426553e+00
4.348849870503356030e+00
4.302365497443091158e+00
4.334836909809534511e+00
4.307680758395928677e+00
4.304008396283083293e+00
4.340828658519989780e+00
4.382674258385052646e+00
4.318891126951005965e+00
4.333677216510721131e+00
4.384703721657976949e+00
4.319277691383954121e+00
4.288739101182188485e+00
4.395527525780076772e+00
4.370594119855883974e+00
4.300819239711378472e+00
4.303331908525441563e+00
4.328651878882570969e+00
4.278978349250605717e+00
4.350589410451577876e+00
4.395237602455400960e+00
4.367115039959463374e+00
4.396204013537731825e+00
4.403838661088163242e+00
4.369047862124160631e+00
4.383254105034460224e+00
4.380934718436859221e+00
4.379001896272188610e+00
4.409927050906881973e+00
4.423360164951311013e+00
4.445684260953228772e+00
4.419687802838454083e+00
4.463756148192876694e+00
4.503185720352117727e+00
4.475159798964424951e+00
4.471487436851548480e+00
4.528215767384566881e+00
4.449549905282580653e+00
4.483084369839552608e+00
4.428965349228860759e+00
4.480764983241956045e+00
4.492845121771127381e+00
4.493811532853470680e+00
4.393594703615414154e+00
4.525606457462260757e+00
4.477962391103198492e+00
4.462789737110542276e+00
4.525703098570487803e+00
4.496130919451083230e+00
4.534014233878579603e+00
4.565615876270891604e+00
4.479025443293774167e+00
4.509370751279049294e+00
4.544064909134843511e+00
4.573153882713094198e+00
4.482987728731339772e+00
4.605238730646611600e+00
4.594028362091531648e+00
4.512076702309583354e+00
4.542325369186646533e+00
4.537203390450264884e+00
4.529568742899850342e+00
4.539522777047891644e+00
4.532564617255085082e+00
4.553149173308794317e+00
4.526379586328130422e+00
4.475063157856194351e+00
4.564069618539164708e+00
4.541648881429002138e+00
4.539716059264346626e+00
4.470521025769229162e+00
4.528602331817496385e+00
4.471294154635084617e+00
4.460856914945879659e+00
4.451192804122564795e+00
4.452159215204884113e+00
4.524060199730533860e+00
4.488399630792403450e+00
4.540779111454924966e+00
4.469651255795139555e+00
4.475546363397352678e+00
4.483181010947808076e+00
4.426935885955962213e+00
4.453415549611919211e+00
4.438049613402794691e+00
4.411666590855102044e+00
4.421523983894888765e+00
4.421040778353711787e+00
4.396300654645974859e+00
4.457377835049476822e+00
4.478059032211429979e+00
4.404805072170510094e+00
4.423940011600723921e+00
4.445297696520317920e+00
4.404901713278745135e+00
4.469941179119811814e+00
4.448390211983785036e+00
4.382867540601512069e+00
4.379098537380423650e+00
4.415918799617339907e+00
4.363152754521910204e+00
4.389439135961403338e+00
4.407221099876329262e+00
4.433797404640530182e+00
4.437179843428688208e+00
4.391178675909610085e+00
4.408090869850441962e+00
4.420750855029016435e+00
4.424519858250117288e+00
4.406544612118719506e+00
4.390888752584896082e+00
4.424616499358356769e+00
4.531018359523356409e+00
4.518648297669456859e+00
4.560880461967462551e+00
4.519807990968248035e+00
4.483664216488971732e+00
4.498643588265150761e+00
4.561846873049794304e+00
4.535560491610301170e+00
4.520871043158834368e+00
4.542711933619571596e+00
4.527829202951646259e+00
4.567741980652030520e+00
4.565036029621483138e+00
4.594608208740922350e+00
4.597217518663218705e+00
4.603499190698384425e+00
4.605528653971289188e+00
4.665252858859544993e+00
4.656748441334992883e+00
4.607944681677127896e+00
4.644958226130528445e+00
4.685740773805020964e+00
4.630462059895526394e+00
4.700816786689432369e+00
4.700430222256493096e+00
4.692022445840192901e+00
4.707581664265775956e+00
4.691925804731968519e+00
4.719565161686723798e+00
4.834568080484462627e+00
4.857761946460487756e+00
4.815433141054253241e+00
4.888783742203409943e+00
4.956045953533864790e+00
4.948218023766952633e+00
4.990546829173195142e+00
5.101780744749865981e+00
5.010068333036348243e+00
5.042539745402770279e+00
5.113281036629630627e+00
5.123718276318837361e+00
5.126714150674079207e+00
5.170009367162645475e+00
5.262108343309058966e+00
5.285592132609816751e+00
5.279020537249932588e+00
5.372569130019886785e+00
5.370539666746969587e+00
5.386775372930189931e+00
5.484286251137712398e+00
5.467567339413323069e+00
5.438381724726846222e+00
5.478197861319004325e+00
5.526228492111013857e+00
5.545460072649481376e+00
5.574259122903019836e+00
5.642197821991087991e+00
5.720283837443675523e+00
5.687812425077264145e+00
5.734586721462262560e+00
5.805617936013788949e+00
5.846400483688258376e+00
5.822046924413476710e+00
5.912889566152885301e+00
6.027505920517698179e+00
5.971067513309398223e+00
6.012043343200374146e+00
6.070028008140409881e+00
6.046930783272619792e+00
6.144441661480128936e+00
6.046640859947931546e+00
6.110230709165500151e+00
6.214699747165797206e+00
6.193148780029764211e+00
6.317912450759050280e+00
6.354539430779555964e+00
6.391069769691778646e+00
6.554296601498006858e+00
6.489257135656928632e+00
6.471378530633750792e+00
6.550817521601624449e+00
6.591116863734956866e+00
6.665143952641706449e+00
6.711821607918476040e+00
6.736465090517993026e+00
6.766810398503276147e+00
6.901334821164200051e+00
6.873308899776473524e+00
6.986668919734261074e+00
7.105440841753127401e+00
7.140521564041881319e+00
7.249532734129149780e+00
7.305391294688071468e+00
7.402418967354393864e+00
7.574343498901652261e+00
7.685770696694738113e+00
7.709737691536633797e+00
7.638803118093291822e+00
7.823677558143823596e+00
7.968445938277466389e+00
7.968929143818637151e+00
7.950180768821349275e+00
8.223965028446595937e+00
8.354140601236988317e+00
8.267453527151623405e+00
8.386901936928129686e+00
8.462765206891340597e+00
8.488858306114353880e+00
8.570423401463324709e+00
8.694993789976230403e+00
8.834156985832324338e+00
8.938336100507921600e+00
9.161093854985926654e+00
9.119441537337348080e+00
9.204002507041566972e+00
9.273777387186108001e+00
9.380179247351065897e+00
9.491799727360650252e+00
9.541279974776170292e+00
9.647875117157623137e+00
9.854783729885372878e+00
9.855460217642951548e+00
9.929487306549777514e+00
1.010489091799340322e+01
1.028928215250271272e+01
1.034436758419577629e+01
1.041491559320619587e+01
1.065294264278507974e+01
1.056828503197264446e+01
1.057089434189485821e+01
1.068522077293500061e+01
1.065236279613562509e+01
1.084989722136472423e+01
1.117905683600775291e+01
1.120012459760259560e+01
1.126729016782478254e+01
1.144472324254134143e+01
1.142133609434887909e+01
1.161036610205345987e+01
1.171087285461616645e+01
1.172034368322302456e+01
1.199606076501296847e+01
1.206206664193638289e+01
1.198291757429321791e+01
1.210748796280612360e+01
1.235856156199644751e+01
1.245104710257581182e+01
1.240485265284030092e+01
1.249076659805973932e+01
1.254227630874819965e+01
1.266394746401400617e+01
1.255918850268906617e+01
1.260509302909995988e+01
1.272386495111878091e+01
1.286660386797947986e+01
1.285809945045498992e+01
1.296904344270684106e+01
1.304548655931949419e+01
1.298498922556540691e+01
1.310530740531605787e+01
1.328274048003258834e+01
1.330825373260621092e+01
1.329491725966996896e+01
1.344799677511162805e+01
1.349902328025897980e+01
1.349390130152256440e+01
1.365152294905121089e+01
1.380982108433760303e+01
1.366447285755451446e+01
1.369394839556574972e+01
1.387911275894090934e+01
1.371298669388770008e+01
1.375135321385628551e+01
1.395033725570889693e+01
1.389892418612875069e+01
1.392762659527413049e+01
1.379136263266496165e+01
1.382779633046900436e+01
1.386403674605650771e+01
1.363026190523986259e+01
1.393207208625282512e+01
1.387737321899268750e+01
1.353149469262532278e+01
1.388268847994549660e+01
1.375966434916441017e+01
1.337522602061193133e+01
1.377416051539949571e+01
1.395826182658409564e+01
1.335377169458415025e+01
1.333840575837507814e+01
1.353391072033119258e+01
1.330574106379210519e+01
1.324717655220270629e+01
1.328621955992894677e+01
1.306336516434265071e+01
1.301639758574125416e+01
1.303379298522325769e+01
1.270463337058027697e+01
1.254121325655761154e+01
1.268269583901131092e+01
1.241432348144710218e+01
1.215957752014387161e+01
1.220934769088407990e+01
1.212053451241759561e+01
1.185612444029092138e+01
1.156958355437899755e+01
1.162727829599431573e+01
1.159625650025136601e+01
1.134566610660214891e+01
1.107497436244035605e+01
1.105815880960769526e+01
1.099891781026065374e+01
1.081085421363842158e+01
1.077587013245795511e+01
1.069701098813947127e+01
1.052296035221111659e+01
1.038138112864918305e+01
1.024540708936478239e+01
1.024540708936480549e+01
1.017418259259675928e+01
9.979257477289957379e+00
9.875561568155514891e+00
9.784332361983175019e+00
9.564473840752198086e+00
9.460777931617714742e+00
9.552007137790111457e+00
9.385011302762739760e+00
9.344615319521185626e+00
9.410137990903450600e+00
9.157614775089554016e+00
8.973320181688428931e+00
8.915335516748399414e+00
8.815408610835056891e+00
8.710553008401815234e+00
8.611109308029643472e+00
8.597869476201633887e+00
8.454454071583239028e+00
8.330656811936240302e+00
8.290164187586462674e+00
8.187144766209696556e+00
8.058708733367442534e+00
8.047788288137104118e+00
7.881855505300300990e+00
7.782605087144608191e+00
7.747137800422937204e+00
7.803093002090114361e+00
7.765113046554352749e+00
7.562456642588937683e+00
7.490555658063255962e+00
7.452285779202834526e+00
7.373136711559642897e+00
7.386183261171183290e+00
7.310319991207953727e+00
7.198023023440732082e+00
7.140811487366574006e+00
7.088335365595833437e+00
6.958642998346563857e+00
6.893603532505498954e+00
6.886065526063307018e+00
6.866737304416618670e+00
6.772318941672612169e+00
6.717909997737145922e+00
6.673165164625102896e+00
6.628613613729529064e+00
6.525787474569147761e+00
6.439486964916717682e+00
6.456012594424649365e+00
6.426730338629917050e+00
6.297617818030109227e+00
6.278869443032806252e+00
6.188896571267487268e+00
6.153719207870547159e+00
6.112453454654874996e+00
6.064712747187559039e+00
6.065292593836968393e+00
5.992811762661921726e+00
5.999286716913534434e+00
5.967298510088322239e+00
5.900036298757819431e+00
5.924099934707953707e+00
5.808517169260810853e+00
5.841568428276625369e+00
5.806487705987884773e+00
5.736422902518680367e+00
5.724246122881265109e+00
5.614751747252807235e+00
5.632533711167772239e+00
5.643840720831056146e+00
5.542270916077749909e+00
5.461575590702864247e+00
5.487378766601176849e+00
5.382813087492617221e+00
5.428814255011736201e+00
5.366287457984713072e+00
5.278923896141692218e+00
5.283659310445150581e+00
5.281919770496954492e+00
5.212048249244200626e+00
5.216010534681722710e+00
5.236401808518992951e+00
5.207989322698390211e+00
5.123911558535316324e+00
5.163437771802771081e+00
5.076654056609163135e+00
5.111154932248493488e+00
5.101780744749836671e+00
5.035678226718201422e+00
5.071822001197505259e+00
5.054233319499040533e+00
5.021955189349053050e+00
5.026883885868968171e+00
5.036258073367603671e+00
5.034518533419396924e+00
4.994412473502552352e+00
5.042249822078071375e+00
4.994895679043700021e+00
4.921641719002771254e+00
4.891682975450415860e+00
4.886947561146985919e+00
4.861337667465116752e+00
4.851673556641792118e+00
4.856022406512293443e+00
4.845681807931308427e+00
4.780255777657290039e+00
4.786440808584240258e+00
4.800260487061605019e+00
4.823261070821160068e+00
4.733578122380579956e+00
4.729615836942973495e+00
4.688736648160253040e+00
4.682454976125080215e+00
4.684291157181523779e+00
4.647084330511663808e+00
4.681391923934502763e+00
4.638579912987115250e+00
4.714443182950343925e+00
4.737637048926354844e+00
4.586007150108136088e+00
4.677236356280486618e+00
4.668248733214781510e+00
4.612390172655863374e+00
4.618961768015732439e+00
4.635873961956584743e+00
4.626886338890868089e+00
4.678396049579294669e+00
4.604175678456038590e+00
4.661193932313750565e+00
4.612293531547631886e+00
4.559334204235713450e+00
4.594125003199759583e+00
4.531598206172756882e+00
4.563876336322695515e+00
4.585620585675233229e+00
4.519421426535326525e+00
4.535560491610320710e+00
4.623697182319179255e+00
4.537686595991438310e+00
4.532757899471532070e+00
4.540489188130199416e+00
4.523576994189373757e+00
4.507824493547323286e+00
4.513622960041320020e+00
4.518744938777713216e+00
4.537106749342029843e+00
4.502605873702709260e+00
4.560397256426296231e+00
4.442591745489772315e+00
4.474386670098552621e+00
4.475932927830290176e+00
4.452932344070748449e+00
4.428288861471229687e+00
4.463756148192894457e+00
4.466172175898718066e+00
4.396010731321274179e+00
4.433507481315824172e+00
4.411569949746847463e+00
4.435730226805198129e+00
4.445201055412066893e+00
4.403935302196418711e+00
4.469941179119825136e+00
4.461436761595287237e+00
4.426162757090102318e+00
4.443171592139175452e+00
4.440369000000399247e+00
4.388859289311978884e+00
4.435053739047555510e+00
4.360446803491376144e+00
4.356484518053814092e+00
4.327298903367319483e+00
4.346433842797536862e+00
4.318021356976895042e+00
4.310579991642949693e+00
4.324206387903863913e+00
4.381417923978019324e+00
4.369531067665309187e+00
4.304588242932453568e+00
4.270667213942542340e+00
4.286226432368104078e+00
4.240708470390183393e+00
4.334063780943655075e+00
4.277142168194182581e+00
4.284293610203473435e+00
4.330777983263711661e+00
4.286129791259892130e+00
4.330004854397849101e+00
4.354358413672665407e+00
4.304008396283078852e+00
4.257620664331026816e+00
4.248633041265311938e+00
4.298693135330234227e+00
4.245347243585366748e+00
4.252402044486428778e+00
4.286516355692814528e+00
4.186202885346538061e+00
4.166971304808078536e+00
4.182143958800739192e+00
4.144550567697968368e+00
4.137012561255749787e+00
4.159916503907068908e+00
4.079027896315703394e+00
4.078061485233360983e+00
4.113818695279729099e+00
4.162912378262302759e+00
4.166101534833990705e+00
4.091784522602507579e+00
4.117201134067898671e+00
4.157403835092991606e+00
4.063468677890115899e+00
4.069653708817068782e+00
4.127251809324149256e+00
4.008189963980602677e+00
4.031770394389553758e+00
4.051871744902096673e+00
4.032640164363665569e+00
4.029644290008433494e+00
4.106280688837505188e+00
4.035829320935356179e+00
3.999492264239594252e+00
4.022202924674449065e+00
3.959192922106265833e+00
4.027324903410815615e+00
4.078544690774529080e+00
4.111789232006811012e+00
4.046459842841027665e+00
4.079221178532155712e+00
4.095650166931839031e+00
4.057187005854944850e+00
4.106280688837512294e+00
4.113335489738553008e+00
4.115075029686743768e+00
4.160109786123514120e+00
4.166778022591627106e+00
4.121646625046624379e+00
4.074775687553425563e+00
4.140974846693307398e+00
4.180211136636086344e+00
4.122226471696044392e+00
4.207657211374370654e+00
4.184753268723046205e+00
4.192677839598177414e+00
4.153054985222492945e+00
4.148996058676668319e+00
4.076225304176918307e+00
4.124739140510082613e+00
4.209203469106088669e+00
4.124545858293632072e+00
4.116331364093793965e+00
4.212006061244854216e+00
4.178085032254932329e+00
4.162912378262281443e+00
4.140974846693285194e+00
4.133920045792282671e+00
4.135852867956934631e+00
4.082023770670931917e+00
4.182723805450147658e+00
4.208043775807302822e+00
4.142231181100346049e+00
4.145613619888494306e+00
4.201858744880345498e+00
4.139138665636873604e+00
4.151702009707199714e+00
4.151605368598987766e+00
4.136336073498090293e+00
4.150155751975479035e+00
4.165908252617532170e+00
4.152475138573096025e+00
4.132277146952304747e+00
4.137882331229840283e+00
4.138075613446298817e+00
4.097389706880046667e+00
4.074002558687568332e+00
4.137012561255728471e+00
4.108600075435111521e+00
4.087628954948462123e+00
4.148319570919041688e+00
4.082700258428562101e+00
4.041724428537603053e+00
4.115364953011458660e+00
4.114978388578530932e+00
4.072069736522887062e+00
4.097099783555337105e+00
4.122129830587796029e+00
4.103671378915199064e+00
4.072069736522882621e+00
4.106570612162206757e+00
4.122033189479544113e+00
4.056510518097296902e+00
4.054674337040868437e+00
4.027711467843753113e+00
4.021236513592112871e+00
4.041821069645828324e+00
4.042497557403468278e+00
4.004614242975961247e+00
4.064531730080688021e+00
4.072842865388770939e+00
4.050712051603303721e+00
4.076901791934568919e+00
4.039018477507065441e+00
4.036119244260055972e+00
4.018627203669812076e+00
3.977458091562392273e+00
4.041241222996438509e+00
4.012248890526416645e+00
4.026938338977886112e+00
4.088208801597875919e+00
4.065111576730095599e+00
4.018820485886296368e+00
4.054964260365585105e+00
4.110339615383313827e+00
4.046073278408114149e+00
4.058539981370226535e+00
4.074099199795787385e+00
4.114688465253827587e+00
4.086855826082619991e+00
4.072649583172277765e+00
4.088981930463731373e+00
4.142907668857993997e+00
4.126285398241827274e+00
4.151702009707237906e+00
4.133726763575796603e+00
4.114785106362058187e+00
4.163105660478767511e+00
4.157307193984743243e+00
4.141747975559177952e+00
4.190068529675879283e+00
4.163202301586996334e+00
4.118457468474934657e+00
4.234813362787941848e+00
4.201182257122740182e+00
4.152958344114254352e+00
4.185526397588903436e+00
4.182047317692505928e+00
4.177408544497301257e+00
4.221283607635268886e+00
4.206110953642625994e+00
4.107633664352788649e+00
4.166681381483395619e+00
4.196060278386344322e+00
4.161945967179957684e+00
4.183883498748935281e+00
4.212489266786027642e+00
4.149575905326084779e+00
4.174316029033841247e+00
4.163975430452851789e+00
4.121356701721913929e+00
4.158853451716479022e+00
4.187169296428881360e+00
4.098259476854146044e+00
4.093040857009548006e+00
4.104541148889314428e+00
4.027421544519049768e+00
4.093910626983648271e+00
4.155181089603605216e+00
4.108503434326893355e+00
4.094490473633059402e+00
4.106087406621048430e+00
4.136722637931039337e+00
4.147739724269637662e+00
4.105894124404576573e+00
4.103671378915212387e+00
4.117201134067903112e+00
4.164072071561095711e+00
4.160689632772936797e+00
4.172383206869174188e+00
4.194030815113451993e+00
4.214808653383631309e+00
4.161559402747025516e+00
4.176828697847905225e+00
4.174702593466771638e+00
4.189102118593542201e+00
4.160496350556452505e+00
4.139718512286268748e+00
4.141941257775652474e+00
4.178954802229053023e+00
4.158466887283564617e+00
4.135659585740478761e+00
4.144937132130889879e+00
4.152378497464852991e+00
4.096713219122404936e+00
4.112079155331526792e+00
4.128604784839441599e+00
4.139428588961580502e+00
4.137785690121623006e+00
4.149479264217859509e+00
4.133823404684038749e+00
4.163782148236408354e+00
4.144164003265026430e+00
4.094297191416570669e+00
4.135756226848709360e+00
4.211232932378993432e+00
4.089175212680196125e+00
4.080187589614487464e+00
4.124642499401871554e+00
4.061535855725456834e+00
4.024618952380302872e+00
4.041144581888203469e+00
4.016501099288688259e+00
4.036312526476539375e+00
4.056123953664368287e+00
4.039984888589393641e+00
3.994370285503231255e+00
3.987025561277495633e+00
4.032253599930726295e+00
4.003164626352486266e+00
3.959772768755668526e+00
3.967117492981406368e+00
3.963251848652064702e+00
3.944310191438320068e+00
3.953104532287554651e+00
3.992437463338552206e+00
3.955907124426338406e+00
3.955037354452226150e+00
3.928461049688050100e+00
3.956970176616896318e+00
3.945083320304192842e+00
3.957550023266307448e+00
3.965184670816732204e+00
3.930973718502115855e+00
3.903914208196756608e+00
3.911162291314280726e+00
3.904010849305005415e+00
3.934839362831453524e+00
3.895699713996928715e+00
3.881010265545447258e+00
3.881300188870152379e+00
3.882073317735986073e+00
3.878787520056071081e+00
3.867577151501004007e+00
3.892123992992282400e+00
3.858492887327045207e+00
3.817420416327851118e+00
3.767650245587659263e+00
3.854433960781243229e+00
3.849698546477827055e+00
3.803697378958719622e+00
3.886712090931216945e+00
3.816067440812593858e+00
3.804760431149291744e+00
3.805726842231610618e+00
3.794419832568298290e+00
3.810462256535037451e+00
3.821962548414830962e+00
3.794903038109475713e+00
3.809979050993891558e+00
3.838391536814499627e+00
3.830660248155827841e+00
3.817806980760785063e+00
3.843320233334414304e+00
3.852017933075419620e+00
3.813361489782061131e+00
3.807949587720983242e+00
3.789201212723706025e+00
3.781180000740323788e+00
3.754990260409065694e+00
3.817903621869019215e+00
3.807466382179827580e+00
3.832013223671123736e+00
3.827084527151195736e+00
3.769486426644093058e+00
3.843126951117945111e+00
3.807949587720979245e+00
3.822349112847761354e+00
3.819256597384289353e+00
3.840710923412109068e+00
3.796256013624757841e+00
3.810752179859751010e+00
3.806210047772792038e+00
3.861295479465817415e+00
3.876178210133781832e+00
3.844673208849681778e+00
3.905267183712034296e+00
3.890867658585258848e+00
3.828244220450000679e+00
3.864871200470463730e+00
3.891254223018183467e+00
3.839068024572150684e+00
3.835975509108677350e+00
3.864001430496375011e+00
3.893670250724026616e+00
3.881880035519537309e+00
3.855013807430663686e+00
3.871249513613862714e+00
3.852211215291881707e+00
3.869509973665672842e+00
3.883619575467754714e+00
3.879270725597240510e+00
3.871732719155028146e+00
3.914158165669510581e+00
3.919666708838802638e+00
3.863421583846949225e+00
3.921889454328171709e+00
3.928364408579801292e+00
3.887968425338241829e+00
3.947112783577087836e+00
3.967600698522588232e+00
3.920826402137609357e+00
3.950398581257023700e+00
3.960352615405078325e+00
3.895892996213388582e+00
3.882653164385394096e+00
3.917443963349439340e+00
3.877531185649037759e+00
3.889804606394678288e+00
3.902078027140335692e+00
3.880720342220728369e+00
3.909422751366063764e+00
3.887195296472387707e+00
3.858299605110601327e+00
3.912128702396590718e+00
3.864967841578718755e+00
3.856366782945920502e+00
3.834912456918099455e+00
3.862455172764641453e+00
3.828824067099414030e+00
3.857526476244717450e+00
3.850471675343685618e+00
3.846992595447281449e+00
3.867480510392772075e+00
3.885455756524182735e+00
3.860618991708206771e+00
3.924692046466939033e+00
3.922469300977569073e+00
3.914158165669495038e+00
3.905460465928500380e+00
3.901014974949752467e+00
3.902464591573258090e+00
3.933679669532649026e+00
3.911742137963672761e+00
3.879657290030183336e+00
3.937062108320811937e+00
3.957550023266313222e+00
3.965377953033212499e+00
3.919376785514110395e+00
3.910002598015476671e+00
3.948272476875885229e+00
3.860232427275259059e+00
3.882846446601880164e+00
3.899082152785091182e+00
3.892607198533457602e+00
3.872505848020906694e+00
3.832496429212264299e+00
3.795096320325940020e+00
3.816067440812584532e+00
3.794999679217708977e+00
3.873375617995018949e+00
3.835009098026336716e+00
3.817420416327861332e+00
3.835299021351048498e+00
3.821575983981897462e+00
3.812201796483256633e+00
3.814521183080857192e+00
3.793646703702433953e+00
3.804567148932831877e+00
3.794226550351843752e+00
3.840517641195653642e+00
3.818290186301962486e+00
3.815584235271422653e+00
3.807949587720997453e+00
3.827761014908835246e+00
3.807176458855118018e+00
3.841097487845042568e+00
3.825828192744165523e+00
3.786301979476715651e+00
3.801764556794043237e+00
3.814037977539673108e+00
3.759339110279586560e+00
3.798478759114118475e+00
3.811042103184457464e+00
3.765330858990049379e+00
3.786108697260241573e+00
3.777410997519221603e+00
3.805533560015141870e+00
3.775574816462796246e+00
3.745616072910435079e+00
3.745326149585744613e+00
3.751027974971509416e+00
3.765330858990048046e+00
3.739624324199954497e+00
3.749964922780933740e+00
3.750158204997404265e+00
3.748128741724500390e+00
3.719136409254494957e+00
3.730250136701329211e+00
3.743296686312830079e+00
3.760112239145458002e+00
3.727350903454319742e+00
3.741847069689330230e+00
3.767650245587661928e+00
3.738271348684705675e+00
3.742620198555208333e+00
3.725804645722602171e+00
3.729187084510767303e+00
3.720102820336817828e+00
3.696908954360802912e+00
3.684925456939864841e+00
3.729283725619001011e+00
3.697102236577281875e+00
3.675841192765934906e+00
3.719716255903882107e+00
3.683185916991672304e+00
3.674101652817742814e+00
3.739334400875268472e+00
3.700001469824292233e+00
3.705510012993586066e+00
3.709955503972330426e+00
3.688211254619809587e+00
3.709279016214693137e+00
3.708022681807647825e+00
3.720875949202703481e+00
3.708989092889993788e+00
3.706959629617074370e+00
3.687341484645704437e+00
3.680673248177597667e+00
3.691303770083271818e+00
3.676034474982395661e+00
3.681832941476398169e+00
3.680479965961137356e+00
3.687824690186867649e+00
3.673135241735395073e+00
3.709665580647628857e+00
3.687341484645695999e+00
3.681059812610527615e+00
3.657576023309816904e+00
3.681059812610546267e+00
3.692753386706777441e+00
3.682026223692864697e+00
3.688791101269190964e+00
3.676421039415319392e+00
3.685601944697506571e+00
3.722712130259131946e+00
3.740977299715249504e+00
3.662601360937952411e+00
3.682026223692866918e+00
3.710148786188780079e+00
3.671492342895426475e+00
3.664920747535542311e+00
3.730443418917794407e+00
3.683572481424610690e+00
3.673521806168335235e+00
3.674391576142430171e+00
3.707926040699418113e+00
3.705123448560633470e+00
3.698165288767847780e+00
3.716333817115743621e+00
3.686858279104545666e+00
3.653517096764008265e+00
3.660281974340349187e+00
3.660861820989754989e+00
3.666080440834346810e+00
3.661634949855627763e+00
3.678837067121182969e+00
3.673521806168341008e+00
3.658542434392136666e+00
3.613411036847160140e+00
3.653130532331080094e+00
3.662987925370880582e+00
3.615053935687124298e+00
3.647138783620603508e+00
3.609738674734283670e+00
3.609931956950732435e+00
3.612734549089513969e+00
3.616503552310616598e+00
3.590120529762891532e+00
3.584805268810065559e+00
3.626844150891585183e+00
3.597851818421574421e+00
3.606356235946116318e+00
3.569052768168023082e+00
3.628197126406859319e+00
3.581809394454831708e+00
3.587124655407656348e+00
3.540157076806229153e+00
3.600751051668558134e+00
3.528173579385282643e+00
3.563350942782247621e+00
3.570502384791522044e+00
3.547308518815500022e+00
3.532425788147549817e+00
3.528656784926457846e+00
3.514933747557310806e+00
3.543056310053231073e+00
3.504399866759873028e+00
3.525660910571215556e+00
3.478693331969779479e+00
3.463327395760678051e+00
3.503046891244596228e+00
3.477630279779214462e+00
3.506719253357463817e+00
3.473088147692237282e+00
3.459365110323094683e+00
3.478306767536864186e+00
3.484685080680248515e+00
3.461008009163071719e+00
3.445255508521036347e+00
3.462071061353638957e+00
3.502563685703435237e+00
3.486134697303760355e+00
3.492513010447149124e+00
3.479949666376824347e+00
3.525274346138285164e+00
3.464197165734764550e+00
3.471831813285211954e+00
3.501114069079922508e+00
3.423221335843818824e+00
3.458785263673699983e+00
3.497248424750587503e+00
3.414330353886336766e+00
3.420805308137963241e+00
3.505559560058662427e+00
3.205102354561003342e+00
