0.0056979	3.726e-05	1.7032e-05
0.0059978	3.325e-05	1.4072e-05
0.0062977	3.5211e-05	1.1119e-05
0.0065976	3.1555e-05	9.5158e-06
0.0068975	2.7223e-05	7.6683e-06
0.0071974	3.4186e-05	6.4899e-06
0.0074973	3.255e-05	5.6008e-06
0.0077971	3.7291e-05	4.6095e-06
0.008097	3.3893e-05	3.8849e-06
0.0083969	3.1591e-05	3.2279e-06
0.0086968	3.216e-05	2.7903e-06
0.0089967	3.4518e-05	2.5337e-06
0.0092966	3.4491e-05	2.1732e-06
0.0095965	3.7577e-05	1.982e-06
0.0098964	3.5022e-05	1.7821e-06
0.010196	3.4407e-05	1.5971e-06
0.010496	3.4167e-05	1.5364e-06
0.010796	3.7468e-05	1.3613e-06
0.011096	3.526e-05	1.2845e-06
0.011396	3.3964e-05	1.1551e-06
0.011696	3.5365e-05	1.0807e-06
0.011996	3.3716e-05	9.9836e-07
0.012295	3.5242e-05	9.0033e-07
0.012595	3.262e-05	8.614e-07
0.012895	3.3173e-05	7.9727e-07
0.013195	3.5174e-05	7.3756e-07
0.013495	3.4485e-05	6.7484e-07
0.013795	3.2158e-05	6.4769e-07
0.014095	3.4245e-05	6.2429e-07
0.014395	3.4014e-05	5.8195e-07
0.014695	3.197e-05	5.5943e-07
0.014994	3.4213e-05	5.4319e-07
0.015294	3.4179e-05	5.1524e-07
0.015594	3.326e-05	5.0862e-07
0.015894	3.2863e-05	5.016e-07
0.016194	3.3515e-05	4.8848e-07
0.016494	3.3044e-05	4.8032e-07
0.016794	3.2999e-05	4.5559e-07
0.017094	3.1815e-05	4.5783e-07
0.017394	3.1987e-05	4.452e-07
0.017693	3.1732e-05	4.3106e-07
0.017993	3.264e-05	4.309e-07
0.018293	3.1652e-05	4.1152e-07
0.018593	3.1958e-05	4.1434e-07
0.018893	3.1757e-05	4.0036e-07
0.019193	3.1661e-05	4.0503e-07
0.019493	3.0318e-05	3.8807e-07
0.019793	3.2475e-05	3.7987e-07
0.020093	3.0722e-05	3.7953e-07
0.020392	3.015e-05	3.7572e-07
0.020692	2.946e-05	3.5937e-07
0.020992	2.9911e-05	3.4388e-07
0.021292	3.0442e-05	3.3533e-07
0.021592	3.0488e-05	3.2655e-07
0.021892	2.9631e-05	3.2036e-07
0.022192	2.9331e-05	3.1766e-07
0.022492	2.9766e-05	3.0902e-07
0.022792	2.9393e-05	3.0769e-07
0.023091	2.929e-05	3.0518e-07
0.023391	3.0391e-05	3.08e-07
0.023691	3.1177e-05	3.0356e-07
0.023991	2.7423e-05	3.0234e-07
0.024291	2.8146e-05	3.0093e-07
0.024591	2.9636e-05	2.9485e-07
0.024891	2.7716e-05	2.931e-07
0.025191	2.9163e-05	2.9411e-07
0.025491	2.8033e-05	2.9027e-07
0.02579	2.8397e-05	2.9025e-07
0.02609	2.7136e-05	2.8548e-07
0.02639	2.6968e-05	2.8776e-07
0.02669	2.7046e-05	2.8431e-07
0.02699	2.6309e-05	2.782e-07
0.02729	2.6443e-05	2.7437e-07
0.02759	2.6978e-05	2.7392e-07
0.02789	2.6557e-05	2.7229e-07
0.028189	2.7152e-05	2.6487e-07
0.028489	2.6205e-05	2.63e-07
0.028789	2.6399e-05	2.6218e-07
0.029089	2.6294e-05	2.5458e-07
0.029389	2.5862e-05	2.5492e-07
0.029689	2.5032e-05	2.5008e-07
0.029989	2.5372e-05	2.502e-07
0.030289	2.4895e-05	2.4418e-07
0.030589	2.5032e-05	2.4613e-07
0.030888	2.5106e-05	2.4056e-07
0.031188	2.5157e-05	2.3808e-07
0.031488	2.4857e-05	2.361e-07
0.031788	2.4449e-05	2.3482e-07
0.032088	2.4023e-05	2.2895e-07
0.032388	2.3579e-05	2.2886e-07
0.032688	2.3958e-05	2.2966e-07
0.032988	2.3866e-05	2.3014e-07
0.033287	2.3553e-05	2.2554e-07
0.033587	2.3215e-05	2.2168e-07
0.033887	2.3157e-05	2.2476e-07
0.034187	2.1968e-05	2.2303e-07
0.034487	2.2441e-05	2.2293e-07
0.034787	2.2746e-05	2.1903e-07
0.035087	2.3052e-05	2.1853e-07
0.035387	2.2483e-05	2.2109e-07
0.035686	2.2801e-05	2.1547e-07
0.035986	2.2514e-05	2.1621e-07
0.036286	2.2016e-05	2.1438e-07
0.036586	2.2228e-05	4.584e-07
0.036886	2.1835e-05	2.1296e-07
0.037186	2.1952e-05	2.0963e-07
0.037486	2.15e-05	2.0924e-07
0.037786	2.0955e-05	2.1122e-07
0.038085	2.113e-05	2.0857e-07
0.038385	2.096e-05	2.0794e-07
0.038685	2.0471e-05	2.1058e-07
0.038985	2.0763e-05	2.0578e-07
0.039285	1.9479e-05	2.0655e-07
0.039585	2.0033e-05	2.0856e-07
0.039885	1.9293e-05	2.0359e-07
0.040185	1.9581e-05	2.0519e-07
0.040485	1.9435e-05	2.0388e-07
0.040784	2.0115e-05	2.0046e-07
0.041084	1.8377e-05	2.001e-07
0.041384	1.9559e-05	2.0118e-07
0.041684	1.9311e-05	1.9959e-07
0.041984	1.9823e-05	1.9857e-07
0.042284	1.8529e-05	1.9848e-07
0.042584	1.8607e-05	1.9657e-07
0.042884	1.8707e-05	1.9538e-07
0.043183	1.7523e-05	2.0289e-07
0.043483	1.8027e-05	2.0222e-07
0.043783	1.7967e-05	2.0894e-07
0.044083	1.7789e-05	2.0713e-07
0.044383	1.6785e-05	2.1001e-07
0.044683	1.7609e-05	2.1178e-07
0.044983	1.6874e-05	2.0774e-07
0.045282	1.7302e-05	2.1249e-07
0.045582	1.6179e-05	2.0915e-07
0.045882	1.7582e-05	2.1207e-07
0.046182	1.6263e-05	2.1229e-07
0.046482	1.6413e-05	2.1215e-07
0.046782	1.6227e-05	2.1337e-07
0.047082	1.5426e-05	2.1579e-07
0.047382	1.5455e-05	2.1214e-07
0.047681	1.6164e-05	2.1149e-07
0.047981	1.5777e-05	2.1784e-07
0.048281	1.5734e-05	2.1579e-07
0.048581	1.4989e-05	2.1443e-07
0.048881	1.5426e-05	2.1387e-07
0.049181	1.5418e-05	2.1414e-07
0.049481	1.4872e-05	2.1177e-07
0.049781	1.4854e-05	2.0739e-07
0.05008	1.4347e-05	2.0401e-07
0.05038	1.4078e-05	2.0641e-07
0.05068	1.5537e-05	2.0789e-07
0.05098	1.3945e-05	2.1044e-07
0.05128	1.4303e-05	2.0825e-07
0.05158	1.3288e-05	2.0773e-07
0.05188	1.3851e-05	2.1255e-07
0.052179	1.3619e-05	2.0937e-07
0.052479	1.3292e-05	2.1035e-07
0.052779	1.3237e-05	2.0798e-07
0.053079	1.2988e-05	2.0951e-07
0.053379	1.3845e-05	2.116e-07
0.053679	1.3445e-05	2.0873e-07
0.053979	1.267e-05	2.1028e-07
0.054279	1.2482e-05	2.1175e-07
0.054578	1.324e-05	2.089e-07
0.054878	1.2944e-05	2.1105e-07
0.055178	1.2681e-05	2.0846e-07
0.055478	1.1926e-05	2.0839e-07
0.055778	1.171e-05	2.1089e-07
0.056078	1.2374e-05	2.0633e-07
0.056378	1.1879e-05	2.0778e-07
0.056677	1.1236e-05	2.035e-07
0.056977	1.1558e-05	2.0979e-07
0.057277	1.2072e-05	2.0871e-07
0.057577	1.1634e-05	2.0514e-07
0.057877	1.0911e-05	2.0609e-07
0.058177	1.2272e-05	2.0312e-07
0.058477	1.1504e-05	2.068e-07
0.058776	1.1193e-05	2.0428e-07
0.059076	1.0819e-05	2.0487e-07
0.059376	1.1337e-05	2.0211e-07
0.059676	1.0731e-05	2.0519e-07
0.059976	1.0704e-05	2.0502e-07
0.060276	1.0954e-05	2.0146e-07
0.060576	1.0719e-05	2.0474e-07
0.060875	1.0198e-05	2.046e-07
0.061175	9.5977e-06	2.0473e-07
0.061475	1.0482e-05	2.02e-07
0.061775	1.0255e-05	2.0178e-07
0.062075	9.9573e-06	2.0292e-07
0.062375	1.0267e-05	2.0074e-07
0.062675	9.5716e-06	2.0166e-07
0.062974	1.014e-05	1.997e-07
0.063274	9.3596e-06	2.001e-07
0.063574	8.9082e-06	2.0474e-07
0.063874	8.827e-06	1.9954e-07
0.064174	8.6832e-06	2.0042e-07
0.064474	8.9577e-06	2.0088e-07
0.064774	8.2366e-06	1.9787e-07
0.065073	8.6639e-06	2.0142e-07
0.065373	8.751e-06	1.9845e-07
0.065673	8.8423e-06	1.992e-07
0.065973	8.6578e-06	2.0085e-07
0.066273	8.3164e-06	2.0064e-07
0.066573	9.3803e-06	1.9793e-07
0.066872	7.9367e-06	1.9715e-07
0.067172	8.9079e-06	2.0004e-07
0.067472	8.5893e-06	2.0022e-07
0.067772	8.5063e-06	1.968e-07
0.068072	7.9089e-06	1.9583e-07
0.068372	8.0783e-06	1.9505e-07
0.068672	7.8968e-06	1.9552e-07
0.068971	7.6151e-06	1.9165e-07
0.069271	7.788e-06	1.9261e-07
0.069571	7.9569e-06	1.9328e-07
0.069871	8.1657e-06	1.9461e-07
0.070171	7.4656e-06	1.945e-07
0.070471	7.5864e-06	1.9148e-07
0.07077	7.6778e-06	1.96e-07
0.07107	7.3562e-06	1.9667e-07
0.07137	7.578e-06	1.9546e-07
0.07167	6.232e-06	1.9573e-07
0.07197	7.0247e-06	1.9223e-07
0.07227	7.1065e-06	1.949e-07
0.07257	6.498e-06	1.9319e-07
0.072869	6.9703e-06	1.9206e-07
0.073169	6.8185e-06	1.9031e-07
0.073469	7.1289e-06	1.9376e-07
0.073769	6.8573e-06	1.9383e-07
0.074069	6.5025e-06	1.9173e-07
0.074369	6.6533e-06	1.9274e-07
0.074668	5.9678e-06	1.9242e-07
0.074968	6.0887e-06	1.9082e-07
0.075268	5.9339e-06	1.9354e-07
0.075568	5.6654e-06	1.8856e-07
0.075868	5.6128e-06	1.9278e-07
0.076168	6.3203e-06	1.8955e-07
0.076467	5.9105e-06	1.9278e-07
0.076767	6.2318e-06	1.8815e-07
0.077067	6.3286e-06	1.89e-07
0.077367	5.9004e-06	1.8953e-07
0.077667	5.6775e-06	1.8911e-07
0.077967	5.3198e-06	1.9192e-07
0.078266	5.4159e-06	1.8795e-07
0.078566	5.7606e-06	1.8922e-07
0.078866	5.4202e-06	1.9632e-07
0.079166	5.8073e-06	1.9541e-07
0.079466	5.3595e-06	1.9995e-07
0.079766	5.0347e-06	2.0478e-07
0.080065	5.5165e-06	2.0793e-07
0.080365	5.292e-06	2.0787e-07
0.080665	5.3001e-06	2.0433e-07
0.080965	5.3302e-06	2.1215e-07
0.081265	5.6443e-06	2.1321e-07
0.081565	5.6704e-06	2.1899e-07
0.081864	4.5797e-06	2.1561e-07
0.082164	4.7378e-06	2.1517e-07
0.082464	5.2555e-06	2.1372e-07
0.082764	4.7379e-06	2.1487e-07
0.083064	4.4646e-06	2.1521e-07
0.083364	5.3539e-06	2.1432e-07
0.083663	5.3646e-06	2.1721e-07
0.083963	5.0889e-06	2.2026e-07
0.084263	4.9797e-06	2.0323e-07
0.084563	4.6899e-06	2.0139e-07
0.084863	4.5961e-06	1.992e-07
0.085163	4.6692e-06	1.9675e-07
0.085462	4.2268e-06	1.9813e-07
0.085762	4.6183e-06	1.9542e-07
0.086062	4.6333e-06	1.934e-07
0.086362	4.0258e-06	1.9146e-07
0.086662	4.5764e-06	1.8548e-07
0.086961	4.0934e-06	1.8811e-07
0.087261	4.3226e-06	1.8763e-07
0.087561	4.1726e-06	1.9165e-07
0.087861	4.091e-06	1.8913e-07
0.088161	4.0428e-06	1.8586e-07
0.088461	4.3909e-06	1.8473e-07
0.08876	3.9274e-06	1.8864e-07
0.08906	3.9125e-06	1.8697e-07
0.08936	4.1343e-06	1.8564e-07
0.08966	3.8978e-06	1.8521e-07
0.08996	3.7984e-06	1.8447e-07
0.090259	3.9243e-06	1.8694e-07
0.090559	3.5379e-06	1.8438e-07
0.090859	3.5509e-06	1.8648e-07
0.091159	3.5433e-06	1.859e-07
0.091459	3.9199e-06	1.8357e-07
0.091759	3.678e-06	1.8272e-07
0.092058	3.8253e-06	1.8069e-07
0.092358	4.1049e-06	1.8248e-07
0.092658	3.3026e-06	1.8317e-07
0.092958	3.44e-06	1.8251e-07
0.093258	3.5954e-06	1.8307e-07
0.093557	3.6931e-06	1.8009e-07
0.093857	3.3949e-06	1.8293e-07
0.094157	2.9297e-06	1.8348e-07
0.094457	3.707e-06	1.8027e-07
0.094757	3.108e-06	1.8523e-07
0.095056	3.4135e-06	1.8043e-07
0.095356	2.9592e-06	1.8277e-07
0.095656	3.5294e-06	1.8052e-07
0.095956	3.4625e-06	1.8046e-07
0.096256	3.2661e-06	1.8202e-07
0.096556	3.9458e-06	1.7976e-07
0.096855	2.769e-06	1.8251e-07
0.097155	3.4424e-06	1.7861e-07
0.097455	2.8411e-06	1.8014e-07
0.097755	3.0221e-06	1.8234e-07
0.098055	2.8561e-06	1.7934e-07
0.098354	2.9157e-06	1.7998e-07
0.098654	3.2083e-06	1.7744e-07
0.098954	3.1474e-06	1.797e-07
0.099254	2.5615e-06	1.7912e-07
0.099554	2.9825e-06	1.7764e-07
0.099853	3.2001e-06	1.7766e-07
0.10015	2.7531e-06	1.7678e-07
0.10045	2.5401e-06	1.7864e-07
0.10075	2.7712e-06	1.79e-07
0.10105	3.0704e-06	1.7511e-07
0.10135	2.1989e-06	1.7791e-07
0.10165	2.8388e-06	1.762e-07
0.10195	2.7246e-06	1.7713e-07
0.10225	2.6688e-06	1.7496e-07
0.10255	2.5359e-06	1.7521e-07
0.10285	2.3738e-06	1.7454e-07
0.10315	2.9913e-06	1.7625e-07
0.10345	2.5431e-06	1.7658e-07
0.10375	2.8514e-06	1.7325e-07
0.10405	2.352e-06	1.7708e-07
0.10435	2.6364e-06	1.7554e-07
0.10465	1.905e-06	1.7349e-07
0.10495	2.2731e-06	1.7114e-07
0.10525	2.8152e-06	1.6896e-07
0.10555	2.7858e-06	1.7201e-07
0.10585	2.7131e-06	1.7129e-07
0.10615	2.6292e-06	1.7233e-07
0.10645	2.2483e-06	1.7143e-07
0.10675	2.7582e-06	1.7119e-07
0.10705	1.7353e-06	1.739e-07
0.10735	1.9657e-06	1.7012e-07
0.10765	2.3242e-06	1.723e-07
0.10795	2.1083e-06	1.7314e-07
0.10825	2.0829e-06	1.7293e-07
0.10855	2.6665e-06	1.7377e-07
0.10885	2.0323e-06	1.699e-07
0.10915	2.6635e-06	1.7188e-07
0.10945	2.3981e-06	1.7033e-07
0.10975	2.1994e-06	1.7234e-07
0.11005	1.8688e-06	1.6996e-07
0.11035	1.9158e-06	1.6775e-07
0.11065	1.9251e-06	1.7021e-07
0.11095	2.2111e-06	1.6934e-07
0.11125	2.0336e-06	1.6806e-07
0.11155	2.1426e-06	1.7021e-07
0.11184	1.9605e-06	1.6958e-07
0.11214	1.951e-06	1.7247e-07
0.11244	2.3353e-06	1.6936e-07
0.11274	1.9726e-06	1.71e-07
0.11304	1.8768e-06	1.689e-07
0.11334	1.7552e-06	1.6649e-07
0.11364	1.9089e-06	1.6621e-07
0.11394	1.9826e-06	1.6714e-07
0.11424	1.6283e-06	1.681e-07
0.11454	1.3957e-06	1.6676e-07
0.11484	1.7735e-06	1.6501e-07
0.11514	1.8483e-06	1.6747e-07
0.11544	1.4548e-06	1.6643e-07
0.11574	2.1638e-06	1.6596e-07
0.11604	1.5806e-06	1.6798e-07
0.11634	2.3085e-06	1.652e-07
0.11664	2.0133e-06	1.6716e-07
0.11694	1.9768e-06	1.675e-07
0.11724	2.2598e-06	1.6561e-07
0.11754	1.4236e-06	1.6696e-07
0.11784	1.9906e-06	1.6609e-07
0.11814	1.5586e-06	1.6635e-07
0.11844	1.4218e-06	1.6742e-07
0.11874	1.9973e-06	1.6449e-07
0.11904	1.8572e-06	1.6605e-07
0.11934	1.4095e-06	1.6848e-07
0.11964	1.7637e-06	1.6572e-07
0.11994	1.3473e-06	1.6486e-07
0.12024	1.4342e-06	1.6303e-07
0.12054	1.3747e-06	1.6662e-07
0.12084	1.3812e-06	1.6639e-07
0.12114	1.5615e-06	1.6595e-07
0.12144	1.5768e-06	1.654e-07
0.12174	1.4748e-06	1.635e-07
0.12204	1.6152e-06	1.65e-07
0.12234	2.1739e-06	1.6503e-07
0.12264	1.7716e-06	1.6099e-07
0.12294	1.3818e-06	1.6885e-07
0.12324	1.3097e-06	1.7002e-07
0.12354	1.5516e-06	1.7451e-07
0.12384	1.3712e-06	1.7376e-07
0.12414	1.4983e-06	1.7522e-07
0.12443	1.5676e-06	1.7823e-07
0.12473	1.6096e-06	1.7554e-07
0.12503	1.4463e-06	1.7814e-07
0.12533	1.7883e-06	1.7002e-07
0.12563	1.2722e-06	1.6981e-07
0.12593	1.3394e-06	1.7171e-07
0.12623	1.19e-06	1.6622e-07
0.12653	1.4537e-06	1.7019e-07
0.12683	1.8728e-06	1.6857e-07
0.12713	1.4304e-06	1.6767e-07
0.12743	1.5338e-06	1.6823e-07
0.12773	1.2771e-06	1.6423e-07
0.12803	1.4604e-06	1.6725e-07
0.12833	1.1303e-06	1.6782e-07
0.12863	1.7994e-06	1.6449e-07
0.12893	1.5246e-06	1.6518e-07
0.12923	1.1046e-06	1.6497e-07
0.12953	1.628e-06	1.667e-07
0.12983	1.1065e-06	1.6561e-07
0.13013	1.4404e-06	1.6281e-07
0.13043	1.6327e-06	1.6283e-07
0.13073	1.1312e-06	1.6526e-07
0.13103	1.1018e-06	1.6431e-07
0.13133	1.0994e-06	1.6101e-07
0.13163	1.2315e-06	1.6045e-07
0.13193	8.501e-07	1.6191e-07
0.13223	1.3733e-06	1.6116e-07
0.13253	1.4409e-06	1.597e-07
0.13283	9.6545e-07	1.6031e-07
0.13313	1.3222e-06	1.6063e-07
0.13343	1.7363e-06	1.615e-07
0.13373	1.1991e-06	1.6216e-07
0.13403	9.0168e-07	1.602e-07
0.13433	1.0224e-06	1.5972e-07
0.13463	1.3951e-06	1.6068e-07
0.13493	1.1307e-06	1.6005e-07
0.13523	1.0888e-06	1.6014e-07
0.13553	1.3363e-06	1.5799e-07
0.13582	1.6228e-06	1.602e-07
0.13612	1.1666e-06	1.5854e-07
0.13642	1.1542e-06	1.5799e-07
0.13672	1.269e-06	1.5792e-07
0.13702	1.0144e-06	1.5835e-07
0.13732	1.1392e-06	1.5846e-07
0.13762	1.3924e-06	1.5812e-07
0.13792	1.3733e-06	1.588e-07
0.13822	1.2716e-06	1.5814e-07
0.13852	1.2989e-06	1.5744e-07
0.13882	1.4926e-06	1.5777e-07
0.13912	1.2584e-06	1.5544e-07
0.13942	9.2671e-07	1.5621e-07
0.13972	1.6248e-06	1.5663e-07
0.14002	1.516e-06	1.5618e-07
0.14032	1.0235e-06	1.5539e-07
0.14062	1.1058e-06	1.576e-07
0.14092	1.2449e-06	1.5704e-07
0.14122	8.9018e-07	1.56e-07
0.14152	1.1186e-06	1.5569e-07
0.14182	1.3619e-06	1.5593e-07
0.14212	1.314e-06	1.5395e-07
0.14242	9.9581e-07	1.6115e-07
0.14272	1.1134e-06	1.621e-07
0.14302	9.5906e-07	1.6313e-07
0.14332	9.664e-07	1.6284e-07
0.14362	8.9529e-07	1.6379e-07
0.14392	1.2183e-06	1.6647e-07
0.14422	8.8974e-07	1.6762e-07
0.14452	8.4979e-07	1.6954e-07
0.14482	1.2994e-06	1.6995e-07
0.14512	1.2169e-06	1.697e-07
0.14542	1.176e-06	1.704e-07
0.14572	1.2722e-06	1.6814e-07
0.14601	7.1694e-07	1.6985e-07
0.14631	1.7005e-06	1.6919e-07
0.14661	8.2567e-07	1.7076e-07
0.14691	1.084e-06	1.6988e-07
0.14721	1.0319e-06	1.69e-07
0.14751	9.7363e-07	1.7325e-07
0.14781	1.2063e-06	1.6177e-07
0.14811	4.3764e-07	1.6235e-07
0.14841	4.2934e-07	1.5888e-07
0.14871	6.3174e-07	1.6038e-07
0.14901	8.8866e-07	1.5829e-07
0.14931	7.2345e-07	1.5604e-07
0.14961	9.2267e-07	1.5681e-07
0.14991	8.4158e-07	1.5815e-07
0.15021	1.0268e-06	1.5751e-07
0.15051	8.7278e-07	1.5809e-07
0.15081	1.0138e-06	1.5625e-07
0.15111	1.1136e-06	1.5829e-07
0.15141	9.5141e-07	1.5576e-07
0.15171	8.3896e-07	1.5643e-07
0.15201	8.4057e-07	1.5506e-07
0.15231	6.6418e-07	1.5504e-07
0.15261	1.1506e-06	1.579e-07
0.15291	4.7247e-07	1.5464e-07
0.15321	5.2328e-07	1.5477e-07
0.15351	6.3153e-07	1.5406e-07
0.15381	1.0838e-06	1.5345e-07
0.15411	6.6014e-07	1.5606e-07
0.15441	6.2178e-07	1.5243e-07
0.15471	1.1521e-06	1.5419e-07
0.15501	6.6559e-07	1.5342e-07
0.15531	1.3824e-06	1.5315e-07
0.1556	9.52e-07	1.5352e-07
0.1559	1.0754e-06	1.529e-07
0.1562	5.6174e-07	1.5456e-07
0.1565	1.039e-06	1.5213e-07
0.1568	9.8381e-07	1.5143e-07
0.1571	9.3789e-07	1.5213e-07
0.1574	6.3164e-07	1.5193e-07
0.1577	7.1261e-07	1.5335e-07
0.158	6.8909e-07	1.5083e-07
0.1583	7.9621e-07	1.5164e-07
0.1586	9.0109e-07	1.5089e-07
0.1589	6.6011e-07	1.5127e-07
0.1592	8.6961e-07	1.5189e-07
0.1595	6.5817e-07	1.4962e-07
0.1598	9.4333e-07	1.5079e-07
0.1601	7.1424e-07	1.504e-07
0.1604	9.147e-07	1.4999e-07
0.1607	6.5391e-07	1.5011e-07
0.161	3.9351e-07	1.5018e-07
0.1613	8.3912e-07	1.4961e-07
0.1616	5.4105e-07	1.4843e-07
0.1619	9.4369e-07	1.4734e-07
0.1622	9.4793e-07	1.4754e-07
0.1625	3.9073e-07	1.4957e-07
0.1628	7.1113e-07	1.4955e-07
0.1631	8.5596e-07	1.496e-07
0.1634	6.1687e-07	1.4891e-07
0.1637	9.1534e-07	1.4836e-07
0.164	1.012e-06	1.4898e-07
0.16429	6.4538e-07	1.4879e-07
0.16459	7.3166e-07	1.4682e-07
0.16489	5.3897e-07	1.4767e-07
0.16519	9.0097e-07	1.4652e-07
0.16549	1.1329e-07	1.4954e-07
0.16579	5.0494e-07	1.4562e-07
0.16609	7.5153e-07	1.4839e-07
0.16639	1.0934e-06	1.4802e-07
0.16669	8.1622e-07	1.474e-07
0.16699	8.9016e-07	1.4719e-07
0.16729	7.9634e-07	1.4572e-07
0.16759	7.3461e-07	1.4817e-07
0.16789	1.0246e-06	1.4823e-07
0.16819	4.2754e-07	1.4521e-07
0.16849	8.7441e-07	1.4672e-07
0.16879	8.015e-07	1.4638e-07
0.16909	5.3969e-07	1.4763e-07
0.16939	5.9406e-07	1.4596e-07
0.16969	1.2358e-06	1.4518e-07
0.16999	6.2212e-07	1.4719e-07
0.17029	6.1644e-07	1.4701e-07
0.17059	8.0034e-07	1.4673e-07
0.17089	4.0277e-07	1.4576e-07
0.17119	4.7459e-07	1.4585e-07
0.17149	4.1088e-07	1.4588e-07
0.17179	7.9136e-07	1.4478e-07
0.17209	5.2525e-07	1.4577e-07
0.17238	6.4638e-07	1.4607e-07
0.17268	9.1326e-07	1.4486e-07
0.17298	5.7006e-07	1.4535e-07
0.17328	8.7035e-07	1.4412e-07
0.17358	9.2188e-07	1.4441e-07
0.17388	4.6667e-07	1.4419e-07
0.17418	5.4805e-07	1.4519e-07
0.17448	8.4921e-07	1.4465e-07
0.17478	1.23e-06	1.4305e-07
0.17508	5.1222e-07	1.4304e-07
0.17538	3.221e-07	1.4333e-07
0.17568	3.9054e-07	1.4424e-07
0.17598	8.6981e-07	1.4362e-07
0.17628	3.4915e-07	1.4346e-07
0.17658	5.0063e-07	1.4254e-07
0.17688	3.4849e-07	1.4095e-07
0.17718	7.6524e-07	1.4007e-07
0.17748	9.2508e-07	1.4071e-07
0.17778	6.3274e-07	1.4201e-07
0.17808	6.4825e-07	1.4172e-07
0.17838	5.641e-07	1.4269e-07
0.17868	4.3802e-07	1.4246e-07
0.17898	4.4222e-07	1.4159e-07
0.17928	4.0838e-07	1.4281e-07
0.17958	1.7978e-07	1.4124e-07
0.17988	6.39e-07	1.3947e-07
0.18017	6.2155e-07	1.4032e-07
0.18047	5.222e-07	1.4119e-07
0.18077	8.7718e-07	1.4066e-07
0.18107	3.4606e-07	1.4025e-07
0.18137	8.2628e-07	1.4043e-07
0.18167	9.4786e-07	1.4104e-07
0.18197	6.3144e-07	1.4037e-07
0.18227	1.8323e-07	1.4033e-07
0.18257	3.7761e-07	1.3929e-07
0.18287	5.1752e-07	1.4028e-07
0.18317	5.5995e-07	1.3988e-07
0.18347	5.761e-07	1.3939e-07
0.18377	1.9632e-08	1.4053e-07
0.18407	7.1586e-07	1.4019e-07
0.18437	1.8084e-07	1.3998e-07
0.18467	9.1329e-07	1.3837e-07
0.18497	5.7553e-07	1.3987e-07
0.18527	9.5482e-07	1.3881e-07
0.18557	4.3041e-07	1.3885e-07
0.18587	8.0533e-07	1.3949e-07
0.18617	1.5142e-07	1.3954e-07
0.18647	6.7143e-07	1.3911e-07
0.18677	5.2992e-07	1.3964e-07
0.18707	4.2193e-07	1.3911e-07
0.18736	6.9974e-07	1.3908e-07
0.18766	4.1485e-07	1.381e-07
0.18796	2.7986e-07	1.3756e-07
0.18826	2.971e-07	1.3973e-07
0.18856	6.9893e-07	1.3778e-07
0.18886	4.4344e-07	1.3936e-07
0.18916	6.294e-07	1.3818e-07
0.18946	4.8415e-07	1.3904e-07
0.18976	4.5575e-07	1.3775e-07
0.19006	6.1073e-07	1.3736e-07
0.19036	6.4185e-07	1.3768e-07
0.19066	4.4853e-07	1.3808e-07
0.19096	8.8937e-07	1.3701e-07
0.19126	6.8372e-07	1.3768e-07
0.19156	2.0746e-07	1.3788e-07
0.19186	4.2867e-07	1.3686e-07
0.19216	4.2227e-07	1.3675e-07
0.19246	5.6707e-07	1.358e-07
0.19276	4.9934e-07	1.3725e-07
0.19306	4.5474e-07	1.3818e-07
0.19336	2.9838e-07	1.3684e-07
0.19366	2.189e-07	1.3697e-07
0.19395	4.0829e-07	1.3649e-07
0.19425	3.667e-07	1.372e-07
0.19455	5.0508e-07	1.3617e-07
0.19485	3.5542e-07	1.3586e-07
0.19515	5.0255e-07	1.3698e-07
0.19545	3.7176e-07	1.3585e-07
0.19575	4.5403e-07	1.3776e-07
0.19605	9.6799e-08	1.3642e-07
0.19635	4.7935e-07	1.3576e-07
0.19665	6.0934e-07	1.3769e-07
0.19695	6.2914e-07	1.3624e-07
0.19725	1.6939e-07	1.3604e-07
0.19755	6.1205e-07	1.367e-07
0.19785	4.6174e-07	1.3414e-07
0.19815	2.4121e-07	1.3511e-07
0.19845	3.9452e-07	1.3455e-07
0.19875	3.1976e-07	1.3412e-07
0.19905	4.8574e-07	1.3525e-07
0.19935	8.0237e-07	1.3406e-07
0.19965	3.2203e-07	1.3501e-07
0.19995	4.0313e-07	1.3362e-07
0.20025	4.313e-07	1.3494e-07
0.20054	3.7126e-07	1.3381e-07
0.20084	5.5823e-07	1.3589e-07
0.20114	5.1726e-07	1.343e-07
0.20144	1.8948e-07	1.3339e-07
0.20174	2.2404e-07	1.3485e-07
0.20204	2.4412e-07	1.3377e-07
0.20234	4.6312e-07	1.3293e-07
0.20264	6.2218e-07	1.3323e-07
0.20294	1.595e-07	1.3447e-07
0.20324	5.2846e-07	1.334e-07
0.20354	2.5125e-07	1.3566e-07
0.20384	5.0666e-07	1.3354e-07
0.20414	5.7236e-07	1.3367e-07
0.20444	2.6047e-07	1.336e-07
0.20474	4.3547e-07	1.3415e-07
0.20504	3.6147e-07	1.3381e-07
0.20534	-6.9446e-08	1.3295e-07
0.20564	5.0301e-07	1.3368e-07
0.20594	4.2918e-07	1.3695e-07
0.20624	2.6996e-07	1.4003e-07
0.20653	7.9378e-08	1.4052e-07
0.20683	3.0545e-07	1.4041e-07
0.20713	2.1259e-07	1.4274e-07
0.20743	6.0409e-07	1.4335e-07
0.20773	4.0931e-07	1.4202e-07
0.20803	5.3947e-07	1.4218e-07
0.20833	3.8403e-07	1.4431e-07
0.20863	3.814e-07	1.4323e-07
0.20893	1.729e-07	1.4471e-07
0.20923	4.106e-07	1.446e-07
0.20953	3.4366e-07	1.472e-07
0.20983	3.3821e-07	1.4681e-07
0.21013	6.1885e-08	1.4565e-07
0.21043	3.7393e-07	1.4524e-07
0.21073	2.6552e-07	1.4605e-07
0.21103	5.4973e-07	1.4828e-07
0.21133	2.8952e-07	1.411e-07
0.21163	2.3446e-07	1.3819e-07
0.21193	5.0173e-08	1.3817e-07
0.21223	2.4049e-07	1.3736e-07
0.21252	5.7566e-07	1.3724e-07
0.21282	3.4358e-07	1.3538e-07
0.21312	4.6099e-07	1.3536e-07
0.21342	2.6843e-07	1.3609e-07
0.21372	3.1156e-07	1.357e-07
0.21402	2.6522e-07	1.359e-07
0.21432	1.114e-08	1.3494e-07
0.21462	6.3833e-07	1.353e-07
0.21492	4.467e-07	1.3497e-07
0.21522	5.682e-08	1.3388e-07
0.21552	5.3233e-07	1.3555e-07
0.21582	2.3784e-07	1.3413e-07
0.21612	5.5927e-07	1.3349e-07
0.21642	4.994e-07	1.3133e-07
0.21672	2.917e-07	1.3079e-07
0.21702	2.2896e-07	1.3382e-07
0.21732	3.3835e-07	1.3187e-07
0.21762	2.0329e-07	1.3237e-07
0.21792	3.1663e-07	1.3041e-07
0.21821	1.1757e-07	1.7635e-07
0.21851	1.4225e-07	1.3293e-07
0.21881	7.1391e-08	1.3264e-07
0.21911	2.6081e-07	1.3173e-07
0.21941	5.059e-07	1.3078e-07
0.21971	3.8224e-07	1.3054e-07
0.22001	3.7663e-07	1.3219e-07
0.22031	4.9092e-07	1.3199e-07
0.22061	4.9205e-07	1.32e-07
0.22091	5.5451e-07	1.3132e-07
0.22121	4.6697e-07	1.3183e-07
0.22151	1.8019e-07	1.3051e-07
0.22181	5.6388e-07	1.309e-07
0.22211	-1.0025e-08	1.3215e-07
0.22241	2.3112e-07	1.3149e-07
0.22271	1.5116e-07	1.3097e-07
0.22301	1.8665e-08	1.3196e-07
0.22331	8.2706e-08	1.3141e-07
0.2236	2.9692e-07	1.3151e-07
0.2239	3.2517e-08	1.3155e-07
0.2242	2.547e-07	1.3052e-07
0.2245	1.8141e-07	1.3043e-07
0.2248	9.2259e-08	1.3066e-07
0.2251	5.5713e-07	1.3045e-07
0.2254	2.3948e-07	1.2986e-07
0.2257	1.1077e-07	1.3223e-07
0.226	1.4937e-07	1.2992e-07
0.2263	2.0714e-07	1.3094e-07
0.2266	1.3774e-07	1.2926e-07
0.2269	2.0407e-07	1.2872e-07
0.2272	5.4463e-07	1.3024e-07
0.2275	2.2143e-07	1.3058e-07
0.2278	3.1836e-07	1.3036e-07
0.2281	-7.613e-08	1.2895e-07
0.2284	1.6478e-07	1.2879e-07
0.22869	1.7104e-07	1.2997e-07
0.22899	8.127e-08	1.2879e-07
0.22929	1.4238e-07	1.2919e-07
0.22959	3.93e-07	1.2855e-07
0.22989	2.7014e-07	1.3009e-07
0.23019	2.7781e-07	1.286e-07
0.23049	6.305e-07	1.2816e-07
0.23079	1.6719e-07	1.2981e-07
0.23109	5.3569e-07	1.2732e-07
0.23139	3.7989e-07	1.2992e-07
0.23169	-2.1186e-07	1.2902e-07
0.23199	3.7129e-07	1.2887e-07
0.23229	3.789e-07	1.2886e-07
0.23259	9.5003e-08	1.2823e-07
0.23289	9.6511e-08	1.2758e-07
0.23319	1.9458e-07	1.2833e-07
0.23349	3.5561e-07	1.2876e-07
0.23378	4.7188e-08	1.2709e-07
0.23408	4.7778e-07	1.2757e-07
0.23438	1.2909e-07	1.2653e-07
0.23468	2.1995e-07	1.2588e-07
0.23498	3.3074e-07	1.254e-07
0.23528	4.3178e-07	1.2676e-07
0.23558	1.3846e-07	1.2588e-07
0.23588	2.7632e-07	1.2671e-07
0.23618	9.2502e-08	1.2609e-07
0.23648	2.4106e-07	1.278e-07
0.23678	4.349e-07	1.2481e-07
0.23708	2.3658e-07	1.2623e-07
0.23738	2.8551e-07	1.2651e-07
0.23768	1.5222e-07	1.2662e-07
0.23798	4.445e-07	1.2658e-07
0.23828	3.9242e-07	1.2564e-07
0.23857	3.9391e-07	1.2609e-07
0.23887	1.8454e-07	1.2616e-07
0.23917	-2.6535e-07	1.2623e-07
0.23947	1.9572e-07	1.2641e-07
0.23977	-3.0438e-08	1.2557e-07
0.24007	5.2401e-08	1.2555e-07
0.24037	1.425e-07	1.2338e-07
0.24067	1.6803e-07	1.2277e-07
0.24097	2.8465e-07	1.2463e-07
0.24127	3.9569e-07	1.2374e-07
0.24157	5.1585e-07	1.2522e-07
0.24187	9.9387e-08	1.2379e-07
0.24217	4.6056e-07	1.2487e-07
0.24247	3.0513e-07	1.2434e-07
0.24277	3.705e-07	1.2441e-07
0.24307	1.9176e-07	1.2481e-07
0.24336	5.0491e-07	1.2327e-07
0.24366	4.4676e-07	1.2402e-07
0.24396	5.0075e-07	1.2347e-07
0.24426	1.4864e-07	1.2481e-07
0.24456	2.9481e-07	1.2427e-07
0.24486	-2.4839e-08	1.2374e-07
0.24516	1.6447e-07	1.2507e-07
0.24546	2.5071e-07	1.2401e-07
0.24576	1.6964e-10	1.2589e-07
0.24606	1.4447e-07	1.2439e-07
0.24636	2.8125e-07	1.2374e-07
0.24666	1.3979e-07	1.244e-07
0.24696	1.8751e-07	1.2386e-07
0.24726	3.1403e-07	1.2453e-07
0.24756	4.6205e-07	1.2345e-07
0.24785	2.9234e-08	1.2449e-07
0.24815	2.588e-07	1.2467e-07
0.24845	2.1238e-07	1.2321e-07
0.24875	2.6434e-07	1.2356e-07
0.24905	-8.2936e-09	1.2307e-07
0.24935	5.867e-08	1.2355e-07
0.24965	6.7849e-08	1.2313e-07
0.24995	1.4575e-07	1.2363e-07
0.25025	4.4799e-08	1.2401e-07
0.25055	3.5101e-07	1.2291e-07
0.25085	5.8099e-07	1.2257e-07
0.25115	2.6716e-07	1.2322e-07
0.25145	1.0267e-07	1.2284e-07
0.25175	5.7926e-07	1.232e-07
0.25205	1.7934e-07	1.2224e-07
0.25234	3.2037e-07	1.2201e-07
0.25264	5.3723e-07	1.2234e-07
0.25294	2.1863e-07	1.212e-07
0.25324	8.4e-08	1.2074e-07
0.25354	-2.1933e-07	1.2197e-07
0.25384	2.1265e-07	1.2126e-07
0.25414	3.1123e-07	1.2084e-07
0.25444	1.1757e-07	1.2173e-07
0.25474	2.8528e-07	1.2114e-07
0.25504	3.039e-07	1.2224e-07
0.25534	1.0903e-07	1.2186e-07
0.25564	1.1046e-07	1.2185e-07
0.25594	9.7991e-08	1.2116e-07
0.25624	4.447e-07	1.2044e-07
0.25653	1.9923e-07	1.2205e-07
0.25683	1.1341e-07	1.2202e-07
0.25713	1.564e-08	1.2094e-07
0.25743	2.1721e-07	1.2194e-07
0.25773	1.7075e-07	1.2116e-07
0.25803	4.4773e-07	1.2143e-07
0.25833	1.6082e-08	1.2151e-07
0.25863	1.8856e-07	1.2085e-07
0.25893	2.7386e-07	1.2157e-07
0.25923	1.4642e-07	1.2162e-07
0.25953	2.0553e-07	1.2212e-07
0.25983	2.6027e-07	1.2044e-07
0.26013	5.6318e-07	1.2062e-07
0.26043	3.2657e-07	1.2147e-07
0.26072	4.5645e-07	1.2013e-07
0.26102	1.1447e-08	1.2109e-07
0.26132	-2.2989e-08	1.2142e-07
0.26162	2.2299e-07	1.2108e-07
0.26192	1.0228e-07	1.2181e-07
0.26222	7.7197e-08	1.2011e-07
0.26252	2.2651e-07	1.2043e-07
0.26282	1.7602e-07	1.1971e-07
0.26312	2.2404e-07	1.2046e-07
0.26342	-3.657e-08	1.1954e-07
0.26372	2.7624e-07	1.2045e-07
0.26402	4.5916e-07	1.2061e-07
0.26432	6.2311e-08	1.205e-07
0.26462	2.762e-07	1.204e-07
0.26491	-1.442e-08	1.1962e-07
0.26521	2.9087e-07	1.209e-07
0.26551	8.6467e-08	1.1973e-07
0.26581	2.0588e-07	1.1922e-07
0.26611	3.4756e-07	1.1993e-07
0.26641	1.6258e-07	1.2016e-07
0.26671	5.03e-08	1.1971e-07
0.26701	3.024e-07	1.1937e-07
0.26731	2.7866e-07	1.1965e-07
0.26761	2.0755e-07	1.1999e-07
0.26791	2.9629e-07	1.1932e-07
0.26821	2.3055e-07	1.2007e-07
0.26851	2.3163e-07	1.187e-07
0.2688	-4.1218e-08	1.1919e-07
0.2691	4.1613e-08	1.1994e-07
0.2694	5.6163e-08	1.185e-07
0.2697	2.3195e-07	1.2126e-07
0.27	4.6128e-10	1.2338e-07
0.2703	7.3113e-08	1.2557e-07
0.2706	2.5869e-07	1.2608e-07
0.2709	8.6801e-08	1.2369e-07
0.2712	1.5215e-08	1.2858e-07
0.2715	3.335e-07	1.3143e-07
0.2718	3.2097e-07	1.3247e-07
0.2721	1.7466e-07	1.3528e-07
0.2724	2.5075e-07	1.3598e-07
0.27269	4.4625e-07	1.369e-07
0.27299	3.1774e-07	1.3745e-07
0.27329	2.4053e-07	1.4026e-07
0.27359	1.5408e-07	1.3885e-07
0.27389	1.287e-08	1.4258e-07
0.27419	1.8249e-07	1.4295e-07
0.27449	4.2785e-07	1.4447e-07
0.27479	5.5895e-07	1.4521e-07
0.27509	8.7153e-08	1.4449e-07
0.27539	-2.9714e-07	1.4688e-07
0.27569	1.9184e-08	1.4698e-07
0.27599	1.9592e-07	1.4847e-07
0.27628	2.1726e-07	1.4995e-07
0.27658	1.712e-08	1.4818e-07
0.27688	2.2559e-07	1.5073e-07
0.27718	3.5085e-07	1.4972e-07
0.27748	7.739e-08	1.5117e-07
0.27778	1.0374e-07	1.5342e-07
0.27808	-3.4625e-08	1.506e-07
0.27838	3.7513e-07	1.5309e-07
0.27868	-3.1046e-08	1.5206e-07
0.27898	3.063e-07	1.5398e-07
0.27928	1.1089e-07	1.5316e-07
0.27958	3.2e-07	1.55e-07
0.27987	-1.4294e-07	1.5518e-07
0.28017	1.6762e-07	1.5339e-07
0.28047	5.5987e-09	1.5655e-07
0.28077	2.7998e-08	1.5689e-07
0.28107	1.5838e-07	1.5841e-07
0.28137	1.9272e-07	1.5782e-07
0.28167	1.7281e-07	1.5743e-07
0.28197	-2.5431e-07	1.5822e-07
0.28227	-1.5576e-08	1.5766e-07
0.28257	4.2946e-08	1.5911e-07
0.28287	2.2929e-07	1.6159e-07
0.28317	3.2414e-07	1.5958e-07
0.28346	5.4719e-07	1.609e-07
0.28376	2.2935e-07	1.5808e-07
0.28406	1.0639e-07	1.6162e-07
0.28436	1.9523e-07	1.5971e-07
0.28466	6.1302e-07	1.6224e-07
0.28496	7.1185e-08	1.6416e-07
0.28526	-1.1683e-07	1.6148e-07
0.28556	3.6807e-07	1.6616e-07
0.28586	4.288e-07	1.6157e-07
0.28616	2.1176e-07	1.6656e-07
0.28646	4.2351e-07	1.6403e-07
0.28676	-1.0666e-07	1.6461e-07
0.28705	8.3598e-09	1.6668e-07
0.28735	2.4573e-07	1.6498e-07
0.28765	3.275e-07	1.6714e-07
0.28795	-1.3779e-07	1.6792e-07
0.28825	3.0209e-08	1.6812e-07
0.28855	-2.8638e-07	1.7065e-07
0.28885	1.0983e-07	1.6354e-07
0.28915	1.5437e-08	1.7139e-07
0.28945	2.6185e-07	1.6925e-07
0.28975	2.8919e-07	1.6865e-07
0.29005	3.1967e-07	1.7062e-07
0.29035	1.7782e-07	1.6781e-07
0.29064	3.3946e-07	1.7327e-07
0.29094	-5.1423e-08	1.7102e-07
0.29124	2.6027e-07	1.7167e-07
0.29154	5.3222e-07	1.7504e-07
0.29184	-9.2928e-08	1.7434e-07
0.29214	3.5339e-07	1.7568e-07
0.29244	-2.0967e-07	1.741e-07
0.29274	4.8312e-07	1.7182e-07
0.29304	-4.8113e-08	1.7705e-07
0.29334	3.1086e-07	1.7617e-07
0.29364	3.5802e-07	1.7991e-07
0.29393	-5.9967e-07	1.7582e-07
0.29423	2.6735e-07	1.7696e-07
0.29453	-1.8062e-07	1.8127e-07
0.29483	1.6533e-07	1.7659e-07
0.29513	3.0878e-08	1.7726e-07
0.29543	1.3483e-08	1.7903e-07
0.29573	4.6809e-07	1.8084e-07
0.29603	3.2629e-07	1.8109e-07
0.29633	4.6828e-07	1.7939e-07
0.29663	4.2792e-07	1.939e-07
0.29693	1.2799e-07	1.8074e-07
0.29722	1.8465e-07	1.8288e-07
0.29752	1.8523e-07	1.8221e-07
0.29782	2.3225e-07	1.7957e-07
0.29812	2.1014e-07	1.8269e-07
0.29842	5.4606e-07	1.8279e-07
0.29872	1.2883e-07	1.8454e-07
0.29902	7.9188e-08	1.827e-07
0.29932	-1.6732e-07	1.8817e-07
0.29962	-3.9344e-07	1.8484e-07
0.29992	9.3311e-09	1.8698e-07
0.30022	1.0851e-07	1.8347e-07
0.30051	-1.6976e-07	1.8898e-07
0.30081	9.3542e-07	1.8593e-07
0.30111	1.9315e-07	1.8619e-07
0.30141	8.1455e-08	1.8906e-07
0.30171	1.6339e-07	1.8696e-07
0.30201	3.3282e-08	1.8988e-07
0.30231	-1.7316e-07	1.9058e-07
0.30261	-2.699e-07	1.8759e-07
0.30291	5.1632e-08	1.8923e-07
0.30321	6.3463e-08	1.8866e-07
0.3035	5.1459e-07	1.945e-07
0.3038	-1.3385e-07	1.9001e-07
0.3041	-3.5494e-08	1.9178e-07
0.3044	2.6554e-07	1.969e-07
0.3047	-1.7357e-07	1.9152e-07
0.305	1.8989e-07	1.9707e-07
0.3053	3.3335e-07	1.9568e-07
0.3056	-2.2914e-07	1.9499e-07
0.3059	-2.5365e-07	2.0179e-07
0.3062	-4.0027e-08	1.9116e-07
0.3065	5.3795e-08	1.9632e-07
0.30679	1.4775e-07	1.9507e-07
0.30709	-1.8541e-07	1.9858e-07
0.30739	3.8886e-07	1.9773e-07
0.30769	3.6305e-08	1.9249e-07
0.30799	2.0099e-07	1.9665e-07
0.30829	2.2318e-07	1.9605e-07
0.30859	6.1336e-07	1.9647e-07
0.30889	1.0432e-07	1.9967e-07
0.30919	-1.9191e-07	1.9957e-07
0.30949	2.7723e-07	1.9897e-07
0.30978	2.7138e-07	1.9875e-07
0.31008	-5.5587e-07	2.0171e-07
0.31038	1.8419e-07	2.0018e-07
0.31068	2.6031e-07	2.0122e-07
0.31098	-3.9923e-07	2.0506e-07
0.31128	3.7515e-08	2.0091e-07
0.31158	2.7988e-07	2.0356e-07
0.31188	-2.4925e-07	2.0107e-07
0.31218	8.1069e-08	2.0621e-07
0.31248	-4.0598e-07	2.0523e-07
0.31277	-8.1116e-07	5.8199e-07
0.31307	6.2798e-07	2.0629e-07
0.31337	3.2494e-07	2.0372e-07
0.31367	1.9871e-07	2.0757e-07
0.31397	4.5361e-07	2.0805e-07
0.31427	2.9122e-07	2.105e-07
0.31457	2.3664e-07	2.0921e-07
0.31487	4.4277e-07	2.038e-07
0.31517	1.5126e-08	2.1377e-07
0.31547	-5.0599e-07	2.1001e-07
0.31576	6.5283e-07	2.1383e-07
0.31606	6.2067e-07	2.1095e-07
0.31636	1.0083e-07	2.0802e-07
0.31666	-2.1517e-07	2.1611e-07
0.31696	-2.7872e-07	2.1086e-07
0.31726	2.0543e-07	2.1548e-07
0.31756	-2.4458e-07	2.1554e-07
0.31786	-9.6724e-08	2.1529e-07
0.31816	2.1126e-08	2.2093e-07
0.31846	9.469e-08	2.1319e-07
0.31875	1.5635e-07	2.2217e-07
0.31905	7.1216e-07	2.1636e-07
0.31935	7.196e-08	2.1564e-07
0.31965	8.0568e-07	2.2378e-07
0.31995	2.7269e-07	2.1616e-07
0.32025	-7.2493e-08	2.2529e-07
0.32055	-1.0197e-07	2.2093e-07
0.32085	-3.0555e-07	2.1984e-07
0.32115	-5.0438e-08	2.2215e-07
0.32144	-7.1355e-08	2.2422e-07
0.32174	-2.3649e-07	2.2585e-07
0.32204	6.0837e-07	2.2096e-07
0.32234	-3.8495e-07	2.2454e-07
0.32264	3.6725e-08	2.2548e-07
0.32294	3.9429e-07	2.2204e-07
0.32324	-1.793e-07	2.2993e-07
0.32354	-1.092e-07	2.2207e-07
0.32384	1.5111e-07	2.2794e-07
0.32414	6.0403e-07	2.2856e-07
0.32443	-2.2907e-08	2.3067e-07
0.32473	-3.7558e-07	2.3454e-07
0.32503	4.9697e-07	2.2932e-07
0.32533	2.6789e-07	2.363e-07
0.32563	-4.0835e-08	2.3086e-07
0.32593	-9.4769e-08	2.3441e-07
0.32623	3.3532e-07	2.3498e-07
0.32653	3.8429e-07	2.393e-07
0.32683	2.0086e-07	2.3863e-07
0.32712	-8.1408e-08	2.3582e-07
0.32742	4.1238e-07	2.4225e-07
0.32772	-1.3469e-07	2.3769e-07
0.32802	1.6012e-07	2.3941e-07
0.32832	3.6466e-07	2.4317e-07
0.32862	-2.1129e-07	2.3942e-07
0.32892	4.5577e-07	2.4371e-07
0.32922	4.122e-07	2.3924e-07
0.32952	3.5407e-07	2.4659e-07
0.32981	-4.5285e-07	2.3986e-07
0.33011	5.4043e-08	2.5013e-07
0.33041	4.2991e-07	2.4938e-07
0.33071	-3.406e-07	2.4658e-07
0.33101	4.1991e-07	2.4933e-07
0.33131	8.4463e-08	2.4394e-07
0.33161	3.6253e-07	2.5133e-07
0.33191	1.0458e-07	2.537e-07
0.33221	5.2252e-07	2.4237e-07
0.3325	4.4353e-07	2.5513e-07
0.3328	-2.1997e-07	2.5237e-07
0.3331	2.3906e-07	2.5474e-07
0.3334	-6.3667e-08	2.5733e-07
0.3337	-1.6662e-07	2.5347e-07
0.334	2.0682e-07	2.6407e-07
0.3343	3.0089e-07	2.5584e-07
0.3346	2.0566e-07	2.6375e-07
0.3349	-2.4008e-07	2.6346e-07
0.33519	-1.8654e-07	2.5775e-07
0.33549	-7.9088e-08	2.6472e-07
0.33579	2.6816e-08	2.585e-07
0.33609	3.2328e-07	2.6615e-07
0.33639	2.4618e-07	2.5831e-07
0.33669	-2.0214e-07	2.6692e-07
0.33699	-3.1138e-07	2.7611e-07
0.33729	1.6844e-07	2.6183e-07
0.33759	1.1153e-07	2.7429e-07
0.33788	5.1842e-07	2.6407e-07
0.33818	5.1997e-07	2.7232e-07
0.33848	3.448e-08	2.7211e-07
0.33878	-1.8644e-07	2.7245e-07
0.33908	7.7997e-08	2.8629e-07
0.33938	-4.719e-07	2.7083e-07
0.33968	-4.8087e-08	2.8345e-07
0.33998	2.2448e-07	2.741e-07
0.34028	-6.6726e-08	2.8246e-07
0.34057	3.9598e-07	2.8289e-07
0.34087	4.167e-09	2.7046e-07
0.34117	7.8755e-07	2.8587e-07
0.34147	-7.7456e-07	2.7621e-07
0.34177	2.2084e-07	2.8485e-07
0.34207	3.9739e-07	2.808e-07
0.34237	2.8223e-07	2.747e-07
0.34267	2.7849e-07	2.8898e-07
0.34296	2.1189e-07	2.73e-07
0.34326	3.63e-07	2.8481e-07
0.34356	5.6302e-07	2.7453e-07
0.34386	2.7377e-07	2.8059e-07
0.34416	8.2683e-08	2.9692e-07
0.34446	-4.1691e-07	2.7281e-07
0.34476	5.0246e-07	2.9323e-07
0.34506	8.8242e-08	2.8508e-07
0.34536	4.734e-07	2.8696e-07
0.34565	-8.4209e-07	3.004e-07
0.34595	-5.2462e-07	2.7915e-07
0.34625	5.9215e-07	2.965e-07
0.34655	-1.5938e-08	2.9072e-07
0.34685	-7.8767e-07	3.0475e-07
0.34715	-6.5288e-07	2.9384e-07
0.34745	-4.6881e-08	2.9597e-07
0.34775	3.4453e-07	3.0536e-07
0.34804	5.94e-07	2.9536e-07
0.34834	-8.7382e-08	2.9967e-07
0.34864	3.7139e-07	2.9851e-07
0.34894	-4.2502e-07	2.9972e-07
0.34924	3.9452e-07	3.1314e-07
0.34954	3.4089e-08	2.9748e-07
0.34984	4.5826e-08	3.1416e-07
0.35014	1.2262e-07	3.0743e-07
0.35043	-4.1921e-07	3.1712e-07
0.35073	1.9239e-07	3.1574e-07
0.35103	4.4506e-07	3.2166e-07
0.35133	3.7622e-07	3.2113e-07
0.35163	6.5949e-07	3.0384e-07
0.35193	4.1635e-07	3.2738e-07
0.35223	-2.4541e-07	3.1894e-07
0.35253	-3.417e-07	3.2099e-07
0.35282	4.8294e-07	3.367e-07
0.35312	-5.411e-07	3.2067e-07
0.35342	-7.0437e-07	3.4223e-07
0.35372	-4.9463e-07	3.2546e-07
0.35402	-3.3788e-07	3.3647e-07
0.35432	-4.0849e-07	3.3134e-07
0.35462	1.0959e-06	3.309e-07
0.35492	-5.9969e-08	3.4289e-07
0.35521	-6.5117e-07	3.3617e-07
0.35551	7.8717e-07	3.3928e-07
0.35581	3.401e-07	3.3833e-07
0.35611	-9.5872e-08	3.4724e-07
0.35641	-1.2492e-07	3.462e-07
0.35671	1.9727e-07	3.3928e-07
0.35701	3.3743e-07	3.5641e-07
0.35731	2.5348e-07	3.4761e-07
0.3576	-1.6741e-06	3.585e-07
0.3579	-2.6061e-08	3.7122e-07
0.3582	-1.58e-07	3.4208e-07
0.3585	-4.3999e-07	3.7945e-07
0.3588	-6.2455e-07	3.5192e-07
0.3591	-1.336e-06	3.8104e-07
0.3594	1.56e-07	3.686e-07
0.3597	-9.7593e-08	3.6562e-07
0.35999	-5.6781e-07	4.0206e-07
0.36029	-8.8396e-07	3.636e-07
0.36059	9.9412e-07	3.8662e-07
0.36089	-2.7739e-07	3.8262e-07
0.36119	1.0551e-06	3.8439e-07
0.36149	-1.7801e-07	4.1078e-07
0.36179	1.0782e-06	3.6497e-07
0.36209	4.1692e-07	4.1074e-07
0.36238	-3.217e-09	3.8559e-07
0.36268	-1.0431e-06	4.0735e-07
0.36298	-7.0333e-07	4.0556e-07
0.36328	-5.395e-07	4.0473e-07
0.36358	6.9585e-07	4.2434e-07
0.36388	-5.5622e-09	3.8882e-07
0.36418	2.389e-07	4.3818e-07
0.36447	-3.8103e-07	4.1996e-07
0.36477	7.0941e-07	4.2731e-07
0.36507	1.3203e-07	4.4657e-07
0.36537	-1.6219e-07	4.0169e-07
0.36567	-1.19e-07	4.4487e-07
0.36597	1.376e-07	4.1875e-07
0.36627	6.0068e-07	4.5092e-07
0.36657	-6.5415e-07	4.585e-07
0.36686	-8.8149e-07	4.4322e-07
0.36716	9.5661e-07	4.813e-07
0.36746	-5.2812e-07	4.3354e-07
0.36776	-3.4625e-07	4.7346e-07
0.36806	6.7225e-07	4.6889e-07
0.36836	2.4888e-07	4.802e-07
0.36866	6.4236e-07	5.2164e-07
0.36895	-1.1072e-06	4.603e-07
0.36925	-8.7427e-07	5.2555e-07
0.36955	-3.7104e-07	4.8799e-07
0.36985	-8.6183e-08	5.1079e-07
0.37015	-1.1644e-06	5.7509e-07
0.37045	-1.1072e-06	4.9184e-07
0.37075	-2.3638e-07	5.498e-07
0.37105	-1.4097e-07	5.2245e-07
0.37134	-5.01e-07	5.432e-07
0.37164	7.5807e-07	5.6233e-07
0.37194	1.6176e-06	5.3094e-07
0.37224	5.4929e-07	6.1916e-07
0.37254	1.2e-06	5.2133e-07
0.37284	6.7299e-07	6.1376e-07
0.37314	5.6925e-09	5.7629e-07
0.37343	5.0828e-07	6.0828e-07
0.37373	1.6161e-06	6.8223e-07
0.37403	1.0652e-06	5.5339e-07
0.37433	-1.2236e-06	7.2002e-07
0.37463	4.1616e-07	5.8631e-07
0.37493	6.799e-07	7.0404e-07
0.37523	4.2775e-07	7.2786e-07
0.37552	7.7747e-07	6.437e-07
