0.0056979	0.00013119	2.568e-05
0.0059978	0.00013893	1.9466e-05
0.0062977	0.00013459	1.4756e-05
0.0065976	0.00015082	1.1664e-05
0.0068975	0.00014174	9.6735e-06
0.0071974	0.00013251	8.2449e-06
0.0074973	0.00014681	7.1313e-06
0.0077971	0.00013985	6.0427e-06
0.008097	0.00013415	5.3319e-06
0.0083969	0.00013027	4.6389e-06
0.0086968	0.00013522	4.1435e-06
0.0089967	0.00012549	3.8528e-06
0.0092966	0.00013777	3.4192e-06
0.0095965	0.00014589	3.1285e-06
0.0098964	0.00013438	2.9866e-06
0.010196	0.00013495	2.6715e-06
0.010496	0.00012854	2.6456e-06
0.010796	0.00013301	2.369e-06
0.011096	0.00012734	2.2344e-06
0.011396	0.00013001	2.0803e-06
0.011696	0.00012985	1.9905e-06
0.011996	0.00012729	1.8984e-06
0.012295	0.00012285	1.7421e-06
0.012595	0.00012948	1.6873e-06
0.012895	0.0001251	1.6153e-06
0.013195	0.00012793	1.5095e-06
0.013495	0.00012744	1.4131e-06
0.013795	0.00012895	1.3483e-06
0.014095	0.00012697	1.3378e-06
0.014395	0.00012096	1.2764e-06
0.014695	0.0001239	1.2176e-06
0.014994	0.00012393	1.2067e-06
0.015294	0.0001242	1.1898e-06
0.015594	0.00012415	1.1693e-06
0.015894	0.00012148	1.1647e-06
0.016194	0.00012032	1.1375e-06
0.016494	0.00011731	1.1382e-06
0.016794	0.00011773	1.0762e-06
0.017094	0.00011796	1.109e-06
0.017394	0.00011836	1.062e-06
0.017693	0.00011525	1.046e-06
0.017993	0.00011647	1.0405e-06
0.018293	0.00011587	9.948e-07
0.018593	0.00011508	1.006e-06
0.018893	0.00011593	9.6629e-07
0.019193	0.00011654	9.8277e-07
0.019493	0.00011246	9.521e-07
0.019793	0.00011272	9.1873e-07
0.020093	0.00011241	9.3959e-07
0.020392	0.00011134	9.2005e-07
0.020692	0.0001088	8.7304e-07
0.020992	0.00010899	8.2885e-07
0.021292	0.00010919	8.2614e-07
0.021592	0.000106	8.1663e-07
0.021892	0.00010988	7.947e-07
0.022192	0.00010682	7.8768e-07
0.022492	0.00010597	7.5342e-07
0.022792	0.00010577	7.6176e-07
0.023091	0.00010296	7.7233e-07
0.023391	0.00010127	7.676e-07
0.023691	0.00010135	7.6629e-07
0.023991	0.00010519	7.6795e-07
0.024291	0.00010099	7.5543e-07
0.024591	0.00010279	7.4323e-07
0.024891	0.00010442	7.437e-07
0.025191	9.9202e-05	7.3677e-07
0.025491	9.8813e-05	7.3754e-07
0.02579	0.00010051	7.3474e-07
0.02609	9.4595e-05	7.2057e-07
0.02639	9.4828e-05	7.2939e-07
0.02669	9.7076e-05	7.1947e-07
0.02699	9.4983e-05	7.2268e-07
0.02729	9.0902e-05	7.0619e-07
0.02759	9.1656e-05	7.1023e-07
0.02789	9.2999e-05	6.922e-07
0.028189	9.1714e-05	6.9686e-07
0.028489	9.0468e-05	6.6841e-07
0.028789	9.2062e-05	6.6774e-07
0.029089	9.0448e-05	6.7206e-07
0.029389	8.8742e-05	6.5488e-07
0.029689	9.2114e-05	6.44e-07
0.029989	8.7329e-05	6.5054e-07
0.030289	8.5044e-05	6.39e-07
0.030589	8.6059e-05	6.3346e-07
0.030888	8.6485e-05	6.373e-07
0.031188	8.5628e-05	6.1903e-07
0.031488	8.322e-05	6.1976e-07
0.031788	8.4319e-05	6.1354e-07
0.032088	8.3221e-05	6.0544e-07
0.032388	8.3944e-05	6.0544e-07
0.032688	8.2457e-05	6.0399e-07
0.032988	7.9592e-05	6.0586e-07
0.033287	7.9649e-05	5.9787e-07
0.033587	8.0394e-05	5.9443e-07
0.033887	7.7424e-05	5.9598e-07
0.034187	7.7334e-05	5.9153e-07
0.034487	7.8698e-05	5.9444e-07
0.034787	7.4971e-05	5.8051e-07
0.035087	7.6912e-05	5.8122e-07
0.035387	7.3789e-05	5.7977e-07
0.035686	7.4506e-05	5.8037e-07
0.035986	7.1089e-05	5.8201e-07
0.036286	7.3444e-05	5.7603e-07
0.036586	7.0813e-05	1.0799e-06
0.036886	7.0262e-05	5.7213e-07
0.037186	7.081e-05	5.6703e-07
0.037486	7.1206e-05	5.6073e-07
0.037786	7.0193e-05	5.7072e-07
0.038085	6.8734e-05	5.5695e-07
0.038385	6.6577e-05	5.5359e-07
0.038685	6.7788e-05	5.5976e-07
0.038985	6.7353e-05	5.6016e-07
0.039285	6.8286e-05	5.5352e-07
0.039585	6.6146e-05	5.5637e-07
0.039885	6.4187e-05	5.4352e-07
0.040185	6.5086e-05	5.5805e-07
0.040485	6.254e-05	5.5637e-07
0.040784	6.4844e-05	5.5186e-07
0.041084	6.371e-05	5.3944e-07
0.041384	6.2089e-05	5.414e-07
0.041684	6.3725e-05	5.3963e-07
0.041984	6.0554e-05	5.3907e-07
0.042284	6.0616e-05	5.3398e-07
0.042584	5.9933e-05	5.3133e-07
0.042884	5.9466e-05	5.3755e-07
0.043183	5.7403e-05	5.4888e-07
0.043483	5.7885e-05	5.484e-07
0.043783	5.9383e-05	5.5531e-07
0.044083	5.6953e-05	5.6216e-07
0.044383	5.7875e-05	5.6259e-07
0.044683	5.6593e-05	5.6654e-07
0.044983	5.6399e-05	5.593e-07
0.045282	5.6685e-05	5.7907e-07
0.045582	5.3566e-05	5.6626e-07
0.045882	5.4017e-05	5.6661e-07
0.046182	5.095e-05	5.7576e-07
0.046482	5.0973e-05	5.7275e-07
0.046782	5.3205e-05	5.8046e-07
0.047082	5.0831e-05	5.7629e-07
0.047382	5.2982e-05	5.7392e-07
0.047681	5.0409e-05	5.752e-07
0.047981	5.1244e-05	5.8269e-07
0.048281	4.9497e-05	5.8538e-07
0.048581	4.9205e-05	5.7827e-07
0.048881	4.9454e-05	5.8218e-07
0.049181	4.8699e-05	5.8106e-07
0.049481	4.8258e-05	5.7269e-07
0.049781	4.7879e-05	5.6037e-07
0.05008	4.6252e-05	5.5585e-07
0.05038	4.521e-05	5.5901e-07
0.05068	4.6008e-05	5.641e-07
0.05098	4.653e-05	5.611e-07
0.05128	4.534e-05	5.6273e-07
0.05158	4.2619e-05	5.628e-07
0.05188	4.2848e-05	5.72e-07
0.052179	4.315e-05	5.6648e-07
0.052479	4.2238e-05	5.7431e-07
0.052779	4.3245e-05	5.6446e-07
0.053079	4.2559e-05	5.6191e-07
0.053379	4.1915e-05	5.7136e-07
0.053679	4.1308e-05	5.6676e-07
0.053979	4.1156e-05	5.6025e-07
0.054279	3.9892e-05	5.7019e-07
0.054578	4.0812e-05	5.6041e-07
0.054878	3.8299e-05	5.6954e-07
0.055178	3.8986e-05	5.6233e-07
0.055478	3.6369e-05	5.7087e-07
0.055778	3.855e-05	5.5565e-07
0.056078	3.7262e-05	5.595e-07
0.056378	3.868e-05	5.6106e-07
0.056677	3.571e-05	5.5395e-07
0.056977	3.7022e-05	5.6445e-07
0.057277	3.5118e-05	5.5429e-07
0.057577	3.633e-05	5.5732e-07
0.057877	3.2975e-05	5.5722e-07
0.058177	3.5434e-05	5.6121e-07
0.058477	3.4926e-05	5.5566e-07
0.058776	3.3457e-05	5.5058e-07
0.059076	3.3868e-05	5.5562e-07
0.059376	3.3858e-05	5.4972e-07
0.059676	3.4118e-05	5.585e-07
0.059976	3.3969e-05	5.5267e-07
0.060276	3.4152e-05	5.4553e-07
0.060576	3.2467e-05	5.5702e-07
0.060875	3.1433e-05	5.4947e-07
0.061175	3.228e-05	5.4973e-07
0.061475	3.072e-05	5.4471e-07
0.061775	3.1276e-05	5.4583e-07
0.062075	3.1492e-05	5.5408e-07
0.062375	3.0094e-05	5.4791e-07
0.062675	3.0236e-05	5.5027e-07
0.062974	2.997e-05	5.4464e-07
0.063274	3.0067e-05	5.4218e-07
0.063574	2.9123e-05	5.5374e-07
0.063874	2.852e-05	5.4008e-07
0.064174	2.8218e-05	5.4472e-07
0.064474	2.8592e-05	5.4295e-07
0.064774	2.8163e-05	5.3785e-07
0.065073	2.8312e-05	5.4575e-07
0.065373	2.7053e-05	5.3297e-07
0.065673	2.7963e-05	5.45e-07
0.065973	2.7064e-05	5.3894e-07
0.066273	2.6964e-05	5.4715e-07
0.066573	2.7008e-05	5.339e-07
0.066872	2.6262e-05	5.2545e-07
0.067172	2.6523e-05	5.391e-07
0.067472	2.5173e-05	5.4611e-07
0.067772	2.7002e-05	5.3418e-07
0.068072	2.474e-05	5.2558e-07
0.068372	2.5174e-05	5.2142e-07
0.068672	2.5591e-05	5.265e-07
0.068971	2.4356e-05	5.2095e-07
0.069271	2.3861e-05	5.2731e-07
0.069571	2.5758e-05	5.2432e-07
0.069871	2.4212e-05	5.2788e-07
0.070171	2.2497e-05	5.2604e-07
0.070471	2.228e-05	5.2627e-07
0.07077	2.219e-05	5.2749e-07
0.07107	2.2035e-05	5.2924e-07
0.07137	2.2791e-05	5.2251e-07
0.07167	2.3511e-05	5.2157e-07
0.07197	2.2517e-05	5.2471e-07
0.07227	2.2827e-05	5.2207e-07
0.07257	2.1437e-05	5.1963e-07
0.072869	2.2436e-05	5.2537e-07
0.073169	2.1922e-05	5.1658e-07
0.073469	1.993e-05	5.212e-07
0.073769	2.1101e-05	5.2247e-07
0.074069	2.0188e-05	5.1774e-07
0.074369	2.0536e-05	5.1563e-07
0.074668	2.0515e-05	5.1626e-07
0.074968	1.9912e-05	5.1337e-07
0.075268	2.0049e-05	5.1737e-07
0.075568	1.9134e-05	5.1148e-07
0.075868	1.9387e-05	5.2379e-07
0.076168	1.8753e-05	5.1314e-07
0.076467	1.9871e-05	5.1112e-07
0.076767	1.8032e-05	5.1376e-07
0.077067	1.8575e-05	5.1077e-07
0.077367	1.8028e-05	5.153e-07
0.077667	1.8812e-05	5.1347e-07
0.077967	1.7903e-05	5.1568e-07
0.078266	1.7054e-05	5.0844e-07
0.078566	1.887e-05	5.1312e-07
0.078866	1.8351e-05	5.3428e-07
0.079166	1.7835e-05	5.241e-07
0.079466	1.7033e-05	5.3984e-07
0.079766	1.7357e-05	5.4443e-07
0.080065	1.8449e-05	5.5154e-07
0.080365	1.685e-05	5.6522e-07
0.080665	1.7489e-05	5.5265e-07
0.080965	1.6282e-05	5.7022e-07
0.081265	1.7042e-05	5.6159e-07
0.081565	1.6895e-05	5.9115e-07
0.081864	1.7915e-05	5.7537e-07
0.082164	1.5927e-05	5.8769e-07
0.082464	1.6673e-05	5.8094e-07
0.082764	1.5869e-05	5.7748e-07
0.083064	1.5297e-05	5.8752e-07
0.083364	1.5195e-05	5.8848e-07
0.083663	1.5946e-05	5.8703e-07
0.083963	1.4483e-05	6.0475e-07
0.084263	1.5001e-05	5.4723e-07
0.084563	1.6409e-05	5.3901e-07
0.084863	1.4976e-05	5.4277e-07
0.085163	1.3917e-05	5.3393e-07
0.085462	1.5545e-05	5.322e-07
0.085762	1.5538e-05	5.2178e-07
0.086062	1.5329e-05	5.1786e-07
0.086362	1.3833e-05	5.1734e-07
0.086662	1.4635e-05	5.0328e-07
0.086961	1.4596e-05	5.0397e-07
0.087261	1.4185e-05	5.0758e-07
0.087561	1.3587e-05	5.093e-07
0.087861	1.4156e-05	5.0276e-07
0.088161	1.37e-05	5.0524e-07
0.088461	1.319e-05	4.9794e-07
0.08876	1.3138e-05	5.134e-07
0.08906	1.5317e-05	5.0279e-07
0.08936	1.2881e-05	5.0577e-07
0.08966	1.4346e-05	4.9582e-07
0.08996	1.312e-05	4.9425e-07
0.090259	1.256e-05	5.0056e-07
0.090559	1.2777e-05	4.914e-07
0.090859	1.2047e-05	5.0221e-07
0.091159	1.2685e-05	4.9821e-07
0.091459	1.2755e-05	4.936e-07
0.091759	1.2273e-05	4.9875e-07
0.092058	1.1652e-05	4.8895e-07
0.092358	1.1813e-05	4.9418e-07
0.092658	1.2318e-05	4.9667e-07
0.092958	1.0847e-05	4.9349e-07
0.093258	1.2236e-05	4.9647e-07
0.093557	1.1895e-05	4.8626e-07
0.093857	1.1835e-05	4.9399e-07
0.094157	1.2368e-05	4.9205e-07
0.094457	1.1237e-05	4.9038e-07
0.094757	1.1934e-05	4.9087e-07
0.095056	1.2206e-05	4.8131e-07
0.095356	1.1249e-05	4.8967e-07
0.095656	1.1026e-05	4.8727e-07
0.095956	1.1914e-05	4.8742e-07
0.096256	1.143e-05	4.8967e-07
0.096556	1.1483e-05	4.8588e-07
0.096855	1.1218e-05	4.9108e-07
0.097155	8.2008e-06	4.8051e-07
0.097455	1.2318e-05	4.8861e-07
0.097755	9.7588e-06	4.8208e-07
0.098055	1.0592e-05	4.7677e-07
0.098354	1.0798e-05	4.8641e-07
0.098654	1.0034e-05	4.8256e-07
0.098954	1.0763e-05	4.8207e-07
0.099254	1.0544e-05	4.7931e-07
0.099554	1.0192e-05	4.7584e-07
0.099853	9.2516e-06	4.8159e-07
0.10015	1.0426e-05	4.7075e-07
0.10045	1.0453e-05	4.7518e-07
0.10075	1.0602e-05	4.7444e-07
0.10105	1.0204e-05	4.7218e-07
0.10135	9.5214e-06	4.8043e-07
0.10165	9.9382e-06	4.7872e-07
0.10195	1.0156e-05	4.7589e-07
0.10225	7.8467e-06	4.7103e-07
0.10255	1.0192e-05	4.707e-07
0.10285	8.8332e-06	4.7412e-07
0.10315	8.9583e-06	4.7488e-07
0.10345	1.0079e-05	4.7542e-07
0.10375	1.0523e-05	4.7084e-07
0.10405	9.3729e-06	4.7667e-07
0.10435	8.308e-06	4.6922e-07
0.10465	9.7939e-06	4.638e-07
0.10495	9.0513e-06	4.6162e-07
0.10525	8.7764e-06	4.5526e-07
0.10555	9.1762e-06	4.6522e-07
0.10585	9.2083e-06	4.6734e-07
0.10615	9.3511e-06	4.6503e-07
0.10645	7.6958e-06	4.6344e-07
0.10675	8.4804e-06	4.6238e-07
0.10705	8.9376e-06	4.663e-07
0.10735	9.0899e-06	4.591e-07
0.10765	8.5388e-06	4.6057e-07
0.10795	8.6549e-06	4.6496e-07
0.10825	8.8377e-06	4.6185e-07
0.10855	9.0239e-06	4.6278e-07
0.10885	8.0917e-06	4.5741e-07
0.10915	8.5263e-06	4.6397e-07
0.10945	8.8033e-06	4.6392e-07
0.10975	8.7944e-06	4.6257e-07
0.11005	8.728e-06	4.5252e-07
0.11035	7.9885e-06	4.5479e-07
0.11065	6.3171e-06	4.5844e-07
0.11095	8.2853e-06	4.5847e-07
0.11125	8.1318e-06	4.5598e-07
0.11155	7.8748e-06	4.5873e-07
0.11184	8.4409e-06	4.5874e-07
0.11214	8.4898e-06	4.6236e-07
0.11244	7.9091e-06	4.5269e-07
0.11274	7.4394e-06	4.5704e-07
0.11304	7.3129e-06	4.5409e-07
0.11334	7.4861e-06	4.4565e-07
0.11364	7.407e-06	4.4947e-07
0.11394	6.3636e-06	4.4884e-07
0.11424	6.3482e-06	4.458e-07
0.11454	6.7784e-06	4.5168e-07
0.11484	7.7921e-06	4.4469e-07
0.11514	7.2516e-06	4.4836e-07
0.11544	8.8459e-06	4.4728e-07
0.11574	7.6955e-06	4.4791e-07
0.11604	6.611e-06	4.4902e-07
0.11634	6.6822e-06	4.4639e-07
0.11664	6.8199e-06	4.5152e-07
0.11694	6.8957e-06	4.524e-07
0.11724	6.3622e-06	4.4432e-07
0.11754	7.995e-06	4.4757e-07
0.11784	7.9433e-06	4.48e-07
0.11814	6.4673e-06	4.4505e-07
0.11844	8.3917e-06	4.462e-07
0.11874	7.2332e-06	4.44e-07
0.11904	6.8981e-06	4.4697e-07
0.11934	5.9585e-06	4.5275e-07
0.11964	6.8613e-06	4.4482e-07
0.11994	5.9903e-06	4.4343e-07
0.12024	6.8067e-06	4.3984e-07
0.12054	5.9246e-06	4.5115e-07
0.12084	6.8154e-06	4.4292e-07
0.12114	6.6179e-06	4.3776e-07
0.12144	6.6325e-06	4.4353e-07
0.12174	5.7089e-06	4.3901e-07
0.12204	7.8376e-06	4.4427e-07
0.12234	6.0849e-06	4.464e-07
0.12264	6.1596e-06	4.3302e-07
0.12294	5.7528e-06	4.5698e-07
0.12324	7.4562e-06	4.5698e-07
0.12354	6.3866e-06	4.6509e-07
0.12384	6.416e-06	4.6622e-07
0.12414	7.0433e-06	4.6738e-07
0.12443	5.8708e-06	4.8185e-07
0.12473	4.7351e-06	4.7481e-07
0.12503	7.0696e-06	4.7584e-07
0.12533	6.9054e-06	4.5701e-07
0.12563	5.6613e-06	4.5181e-07
0.12593	5.1497e-06	4.5474e-07
0.12623	5.3613e-06	4.5096e-07
0.12653	6.513e-06	4.5442e-07
0.12683	6.5315e-06	4.5125e-07
0.12713	7.1588e-06	4.5008e-07
0.12743	7.1052e-06	4.5342e-07
0.12773	6.0728e-06	4.4887e-07
0.12803	6.131e-06	4.5092e-07
0.12833	6.457e-06	4.5045e-07
0.12863	5.9455e-06	4.4326e-07
0.12893	5.8478e-06	4.4271e-07
0.12923	5.8905e-06	4.4449e-07
0.12953	4.9978e-06	4.4517e-07
0.12983	6.098e-06	4.3962e-07
0.13013	6.07e-06	4.3907e-07
0.13043	6.5255e-06	4.3896e-07
0.13073	4.3423e-06	4.4033e-07
0.13103	5.5284e-06	4.413e-07
0.13133	5.9283e-06	4.3978e-07
0.13163	3.992e-06	4.3729e-07
0.13193	5.1159e-06	4.3215e-07
0.13223	6.5978e-06	4.3026e-07
0.13253	4.5203e-06	4.3101e-07
0.13283	4.7661e-06	4.2835e-07
0.13313	5.564e-06	4.318e-07
0.13343	6.3837e-06	4.3001e-07
0.13373	5.7935e-06	4.3492e-07
0.13403	5.7507e-06	4.2723e-07
0.13433	4.684e-06	4.2742e-07
0.13463	5.7929e-06	4.3004e-07
0.13493	6.611e-06	4.2846e-07
0.13523	5.9732e-06	4.3089e-07
0.13553	4.8892e-06	4.2533e-07
0.13582	5.2124e-06	4.2926e-07
0.13612	6.214e-06	4.2389e-07
0.13642	4.9417e-06	4.1842e-07
0.13672	5.1312e-06	4.2388e-07
0.13702	5.6681e-06	4.2514e-07
0.13732	6.2982e-06	4.2286e-07
0.13762	5.1928e-06	4.2037e-07
0.13792	4.6053e-06	4.2381e-07
0.13822	5.1165e-06	4.2606e-07
0.13852	3.8457e-06	4.2266e-07
0.13882	4.2049e-06	4.2343e-07
0.13912	4.706e-06	4.2084e-07
0.13942	5.0637e-06	4.2212e-07
0.13972	4.3816e-06	4.2223e-07
0.14002	4.3834e-06	4.1967e-07
0.14032	4.169e-06	4.1691e-07
0.14062	4.3638e-06	4.209e-07
0.14092	4.5294e-06	4.1835e-07
0.14122	3.5426e-06	4.2061e-07
0.14152	4.0538e-06	4.1537e-07
0.14182	4.6304e-06	4.1936e-07
0.14212	5.3334e-06	4.1126e-07
0.14242	3.9644e-06	4.3187e-07
0.14272	3.9563e-06	4.3653e-07
0.14302	4.1995e-06	4.4078e-07
0.14332	4.4654e-06	4.3667e-07
0.14362	4.1572e-06	4.3378e-07
0.14392	4.4064e-06	4.4722e-07
0.14422	4.5669e-06	4.5026e-07
0.14452	4.8524e-06	4.536e-07
0.14482	5.1679e-06	4.5804e-07
0.14512	5.0419e-06	4.5602e-07
0.14542	3.9984e-06	4.573e-07
0.14572	5.8507e-06	4.5214e-07
0.14601	3.6969e-06	4.5695e-07
0.14631	5.4563e-06	4.5553e-07
0.14661	5.4574e-06	4.6123e-07
0.14691	5.3848e-06	4.5944e-07
0.14721	3.5244e-06	4.5747e-07
0.14751	3.5991e-06	4.6884e-07
0.14781	5.4414e-06	4.3635e-07
0.14811	4.5477e-06	4.3029e-07
0.14841	4.2179e-06	4.2502e-07
0.14871	4.5843e-06	4.2739e-07
0.14901	4.9751e-06	4.2509e-07
0.14931	5.2515e-06	4.1604e-07
0.14961	3.7367e-06	4.2466e-07
0.14991	3.7564e-06	4.2042e-07
0.15021	3.3884e-06	4.2363e-07
0.15051	4.5486e-06	4.2024e-07
0.15081	3.6894e-06	4.2232e-07
0.15111	3.8394e-06	4.2159e-07
0.15141	3.8127e-06	4.151e-07
0.15171	4.2791e-06	4.1914e-07
0.15201	2.8124e-06	4.1762e-07
0.15231	5.2651e-06	4.1244e-07
0.15261	4.2915e-06	4.2262e-07
0.15291	4.5731e-06	4.1024e-07
0.15321	4.3578e-06	4.1357e-07
0.15351	3.6039e-06	4.1697e-07
0.15381	3.7789e-06	4.1186e-07
0.15411	3.6337e-06	4.1748e-07
0.15441	4.1254e-06	4.0941e-07
0.15471	3.7002e-06	4.1365e-07
0.15501	5.1545e-06	4.1137e-07
0.15531	3.9504e-06	4.1201e-07
0.1556	3.5871e-06	4.1272e-07
0.1559	4.3193e-06	4.0592e-07
0.1562	3.3742e-06	4.0982e-07
0.1565	3.7698e-06	4.1034e-07
0.1568	3.2881e-06	4.0465e-07
0.1571	3.9452e-06	4.1438e-07
0.1574	3.3758e-06	4.0621e-07
0.1577	4.3883e-06	4.0628e-07
0.158	4.2745e-06	4.0397e-07
0.1583	2.5995e-06	4.0658e-07
0.1586	3.9529e-06	4.0593e-07
0.1589	3.6503e-06	4.0637e-07
0.1592	3.9011e-06	4.0723e-07
0.1595	4.2827e-06	4.0256e-07
0.1598	2.9655e-06	4.0872e-07
0.1601	4.2127e-06	4.0644e-07
0.1604	3.4056e-06	4.0149e-07
0.1607	3.5042e-06	4.0235e-07
0.161	2.9126e-06	4.0178e-07
0.1613	3.7972e-06	3.9831e-07
0.1616	4.1956e-06	3.899e-07
0.1619	4.1504e-06	3.9116e-07
0.1622	3.3037e-06	3.9655e-07
0.1625	4.072e-06	3.9883e-07
0.1628	3.7214e-06	3.9348e-07
0.1631	2.4606e-06	3.9634e-07
0.1634	3.5744e-06	3.9563e-07
0.1637	3.2716e-06	3.9268e-07
0.164	3.3985e-06	3.9538e-07
0.16429	2.9254e-06	3.9558e-07
0.16459	2.5878e-06	3.9551e-07
0.16489	2.9756e-06	3.9528e-07
0.16519	2.9409e-06	3.9423e-07
0.16549	2.6852e-06	4.0331e-07
0.16579	3.3065e-06	3.9036e-07
0.16609	3.2395e-06	3.922e-07
0.16639	3.292e-06	3.9553e-07
0.16669	2.7807e-06	3.9307e-07
0.16699	3.9787e-06	3.9524e-07
0.16729	2.6302e-06	3.9177e-07
0.16759	3.4975e-06	3.9342e-07
0.16789	3.0223e-06	3.9932e-07
0.16819	3.1662e-06	3.881e-07
0.16849	2.8593e-06	3.9643e-07
0.16879	3.4169e-06	3.9134e-07
0.16909	2.6359e-06	3.922e-07
0.16939	3.2133e-06	3.9171e-07
0.16969	2.9589e-06	3.8821e-07
0.16999	2.9209e-06	3.9313e-07
0.17029	4.2433e-06	3.8985e-07
0.17059	4.0842e-06	3.9161e-07
0.17089	2.9127e-06	3.8695e-07
0.17119	2.0817e-06	3.9276e-07
0.17149	2.6448e-06	3.9e-07
0.17179	3.5024e-06	3.8835e-07
0.17209	2.1421e-06	3.8893e-07
0.17238	2.6772e-06	3.875e-07
0.17268	1.9107e-06	3.8961e-07
0.17298	3.2011e-06	3.8613e-07
0.17328	3.6752e-06	3.8117e-07
0.17358	2.059e-06	3.8626e-07
0.17388	1.3443e-06	3.8866e-07
0.17418	2.2846e-06	3.8673e-07
0.17448	3.5253e-06	3.8515e-07
0.17478	2.5923e-06	3.8274e-07
0.17508	2.5701e-06	3.8396e-07
0.17538	2.5139e-06	3.812e-07
0.17568	2.2567e-06	3.841e-07
0.17598	2.8043e-06	3.8054e-07
0.17628	2.1487e-06	3.8192e-07
0.17658	4.4408e-06	3.8122e-07
0.17688	2.5888e-06	3.732e-07
0.17718	2.4969e-06	3.7398e-07
0.17748	1.6331e-06	3.8012e-07
0.17778	2.552e-06	3.7813e-07
0.17808	2.0484e-06	3.811e-07
0.17838	3.0285e-06	3.7798e-07
0.17868	2.4349e-06	3.7878e-07
0.17898	3.1465e-06	3.7833e-07
0.17928	2.7035e-06	3.8109e-07
0.17958	2.1851e-06	3.7701e-07
0.17988	1.9524e-06	3.7336e-07
0.18017	3.0887e-06	3.7296e-07
0.18047	1.8457e-06	3.741e-07
0.18077	2.1013e-06	3.759e-07
0.18107	2.1633e-06	3.7408e-07
0.18137	2.5413e-06	3.7669e-07
0.18167	3.0359e-06	3.7748e-07
0.18197	2.9515e-06	3.762e-07
0.18227	1.9061e-06	3.7642e-07
0.18257	2.2174e-06	3.7483e-07
0.18287	2.2521e-06	3.7517e-07
0.18317	2.1109e-06	3.7443e-07
0.18347	2.799e-06	3.7173e-07
0.18377	1.73e-06	3.7834e-07
0.18407	3.2e-06	3.6978e-07
0.18437	3.2137e-06	3.7539e-07
0.18467	2.3108e-06	3.7242e-07
0.18497	2.4897e-06	3.7521e-07
0.18527	2.4065e-06	3.7292e-07
0.18557	2.0287e-06	3.7032e-07
0.18587	1.6742e-06	3.7528e-07
0.18617	1.4737e-06	3.7372e-07
0.18647	3.3842e-06	3.711e-07
0.18677	2.2235e-06	3.7489e-07
0.18707	2.2349e-06	3.7048e-07
0.18736	2.3835e-06	3.7322e-07
0.18766	2.5913e-06	3.681e-07
0.18796	2.143e-06	3.7055e-07
0.18826	2.0043e-06	3.7068e-07
0.18856	2.3715e-06	3.6856e-07
0.18886	2.291e-06	3.6902e-07
0.18916	2.8292e-06	3.6766e-07
0.18946	1.9573e-06	3.6948e-07
0.18976	2.4479e-06	3.7031e-07
0.19006	2.4134e-06	3.6568e-07
0.19036	1.9534e-06	3.6978e-07
0.19066	2.4874e-06	3.6833e-07
0.19096	2.0187e-06	3.6582e-07
0.19126	1.8007e-06	3.6632e-07
0.19156	8.9449e-07	3.6532e-07
0.19186	1.7793e-06	3.6526e-07
0.19216	2.0576e-06	3.6905e-07
0.19246	2.3174e-06	3.638e-07
0.19276	1.2729e-06	3.6373e-07
0.19306	2.4583e-06	3.668e-07
0.19336	1.7526e-06	3.65e-07
0.19366	1.7571e-06	3.6687e-07
0.19395	2.1368e-06	3.6586e-07
0.19425	1.301e-06	3.664e-07
0.19455	1.2285e-06	3.6833e-07
0.19485	1.5593e-06	3.6509e-07
0.19515	2.2845e-06	3.6532e-07
0.19545	1.5834e-06	3.6574e-07
0.19575	1.9961e-06	3.6381e-07
0.19605	2.8253e-06	3.6657e-07
0.19635	2.9797e-06	3.6077e-07
0.19665	1.2104e-06	3.6626e-07
0.19695	1.4049e-06	3.6229e-07
0.19725	2.4697e-06	3.6418e-07
0.19755	1.9875e-06	3.6242e-07
0.19785	2.0866e-06	3.5494e-07
0.19815	2.1745e-06	3.5808e-07
0.19845	2.3047e-06	3.5555e-07
0.19875	2.0317e-06	3.5457e-07
0.19905	2.2006e-06	3.5838e-07
0.19935	2.5881e-06	3.5653e-07
0.19965	1.8263e-06	3.6073e-07
0.19995	1.2729e-06	3.5491e-07
0.20025	1.791e-06	3.5755e-07
0.20054	1.4996e-06	3.5717e-07
0.20084	2.4156e-06	3.6093e-07
0.20114	2.4973e-06	3.5804e-07
0.20144	2.1212e-06	3.5543e-07
0.20174	1.6449e-06	3.5823e-07
0.20204	2.3948e-06	3.5858e-07
0.20234	1.7405e-06	3.591e-07
0.20264	2.1042e-06	3.5582e-07
0.20294	1.5309e-06	3.5727e-07
0.20324	1.7349e-06	3.5967e-07
0.20354	2.2745e-06	3.5651e-07
0.20384	1.8295e-06	3.525e-07
0.20414	3.2664e-06	3.5637e-07
0.20444	1.4601e-06	3.5494e-07
0.20474	2.0583e-06	3.5799e-07
0.20504	3.0132e-06	3.5446e-07
0.20534	1.7693e-06	3.5625e-07
0.20564	2.132e-06	3.5447e-07
0.20594	1.9893e-06	3.6323e-07
0.20624	1.5368e-06	3.7034e-07
0.20653	1.687e-06	3.7104e-07
0.20683	1.0818e-06	3.7485e-07
0.20713	2.1773e-06	3.8108e-07
0.20743	1.4825e-06	3.8225e-07
0.20773	1.262e-06	3.835e-07
0.20803	1.3382e-06	3.8322e-07
0.20833	1.2911e-06	3.85e-07
0.20863	1.4012e-06	3.8314e-07
0.20893	2.2671e-06	3.8508e-07
0.20923	1.3549e-06	3.8428e-07
0.20953	2.1509e-06	3.8946e-07
0.20983	1.5558e-06	3.87e-07
0.21013	9.2894e-07	3.8427e-07
0.21043	1.2873e-06	3.893e-07
0.21073	1.6742e-06	3.8837e-07
0.21103	1.8694e-06	3.9379e-07
0.21133	1.4394e-06	3.7276e-07
0.21163	8.7525e-07	3.6534e-07
0.21193	1.6527e-06	3.698e-07
0.21223	6.1136e-07	3.6221e-07
0.21252	1.8519e-06	3.6497e-07
0.21282	8.871e-07	3.6127e-07
0.21312	1.2641e-06	3.6318e-07
0.21342	1.8705e-06	3.6263e-07
0.21372	1.636e-06	3.5866e-07
0.21402	1.118e-06	3.6054e-07
0.21432	1.3249e-06	3.5926e-07
0.21462	1.1722e-06	3.6072e-07
0.21492	6.7882e-07	3.6238e-07
0.21522	1.7417e-06	3.5707e-07
0.21552	1.4223e-06	3.5753e-07
0.21582	1.5796e-06	3.5751e-07
0.21612	8.0563e-07	3.5369e-07
0.21642	2.5434e-06	3.4912e-07
0.21672	1.8911e-06	3.4789e-07
0.21702	6.0563e-07	3.5725e-07
0.21732	1.3764e-06	3.5402e-07
0.21762	9.7085e-07	3.5539e-07
0.21792	1.2719e-06	3.5136e-07
0.21821	1.7403e-06	4.0389e-07
0.21851	2.0967e-06	3.5539e-07
0.21881	6.0454e-07	3.5461e-07
0.21911	1.674e-06	3.5108e-07
0.21941	9.1452e-07	3.4927e-07
0.21971	1.018e-06	3.5185e-07
0.22001	7.3336e-07	3.5074e-07
0.22031	1.3542e-06	3.4937e-07
0.22061	1.5228e-06	3.5187e-07
0.22091	1.6325e-06	3.5048e-07
0.22121	1.9265e-07	3.5381e-07
0.22151	9.2767e-07	3.4678e-07
0.22181	5.018e-07	3.5099e-07
0.22211	7.4604e-07	3.4882e-07
0.22241	3.7725e-07	3.517e-07
0.22271	5.0413e-07	3.4813e-07
0.22301	1.1555e-06	3.4649e-07
0.22331	1.3709e-06	3.5032e-07
0.2236	1.745e-06	3.4718e-07
0.2239	1.1945e-06	3.497e-07
0.2242	1.3073e-06	3.4431e-07
0.2245	3.3702e-07	3.4475e-07
0.2248	1.2915e-06	3.4641e-07
0.2251	2.9716e-07	3.4536e-07
0.2254	1.523e-06	3.4501e-07
0.2257	8.2494e-07	3.461e-07
0.226	1.6522e-06	3.4528e-07
0.2263	1.0785e-06	3.4752e-07
0.2266	8.1679e-07	3.426e-07
0.2269	1.6929e-06	3.445e-07
0.2272	1.4145e-06	3.4817e-07
0.2275	1.1588e-06	3.4566e-07
0.2278	7.4062e-07	3.4692e-07
0.2281	2.4114e-06	3.4083e-07
0.2284	7.0136e-07	3.4511e-07
0.22869	2.1812e-06	3.4243e-07
0.22899	1.7007e-06	3.4277e-07
0.22929	1.1276e-06	3.4247e-07
0.22959	7.9128e-09	3.4115e-07
0.22989	6.3218e-07	3.4347e-07
0.23019	2.6951e-07	3.4177e-07
0.23049	5.9592e-07	3.4047e-07
0.23079	1.4079e-06	3.4463e-07
0.23109	8.6607e-07	3.4141e-07
0.23139	1.3756e-06	3.4391e-07
0.23169	1.6101e-06	3.3819e-07
0.23199	1.4557e-06	3.4187e-07
0.23229	4.4627e-07	3.4282e-07
0.23259	1.0569e-06	3.4182e-07
0.23289	8.5289e-07	3.4083e-07
0.23319	1.4955e-06	3.4037e-07
0.23349	-3.0843e-07	3.3966e-07
0.23378	1.4158e-06	3.3895e-07
0.23408	9.6755e-07	3.3768e-07
0.23438	1.5588e-06	3.3396e-07
0.23468	1.2173e-06	3.3302e-07
0.23498	9.8938e-07	3.3327e-07
0.23528	1.0193e-06	3.3715e-07
0.23558	2.1126e-06	3.3366e-07
0.23588	8.4489e-07	3.3521e-07
0.23618	8.2949e-07	3.3514e-07
0.23648	1.7113e-06	3.3758e-07
0.23678	1.4097e-06	3.348e-07
0.23708	1.0094e-06	3.3722e-07
0.23738	9.164e-07	3.3404e-07
0.23768	1.6845e-06	3.3438e-07
0.23798	2.8697e-07	3.3509e-07
0.23828	7.5986e-07	3.3298e-07
0.23857	1.5183e-06	3.3337e-07
0.23887	2.1312e-07	3.3489e-07
0.23917	2.2705e-06	3.3441e-07
0.23947	1.6275e-06	3.3508e-07
0.23977	2.1366e-07	3.3389e-07
0.24007	8.4485e-07	3.3286e-07
0.24037	4.2073e-07	3.2474e-07
0.24067	1.1397e-06	3.2506e-07
0.24097	6.3284e-07	3.3e-07
0.24127	1.0055e-06	3.3002e-07
0.24157	7.2438e-08	3.3328e-07
0.24187	8.8573e-08	3.2776e-07
0.24217	1.2778e-06	3.3364e-07
0.24247	1.1509e-06	3.286e-07
0.24277	1.409e-06	3.3251e-07
0.24307	1.3207e-06	3.3088e-07
0.24336	1.2405e-06	3.2728e-07
0.24366	1.0396e-06	3.2896e-07
0.24396	1.2359e-06	3.3042e-07
0.24426	7.1946e-07	3.2859e-07
0.24456	1.6126e-06	3.2905e-07
0.24486	7.1658e-07	3.2988e-07
0.24516	3.4751e-07	3.3212e-07
0.24546	9.8899e-07	3.2896e-07
0.24576	8.3397e-07	3.2804e-07
0.24606	4.8436e-07	3.3326e-07
0.24636	2.7542e-07	3.2704e-07
0.24666	1.6603e-06	3.3106e-07
0.24696	6.4658e-07	3.266e-07
0.24726	2.0688e-07	3.2988e-07
0.24756	1.8698e-07	3.2904e-07
0.24785	1.3429e-06	3.2943e-07
0.24815	1.3785e-06	3.3062e-07
0.24845	2.6713e-07	3.2653e-07
0.24875	1.1885e-06	3.3102e-07
0.24905	9.7026e-07	3.2769e-07
0.24935	9.7145e-07	3.2722e-07
0.24965	5.2661e-07	3.2708e-07
0.24995	2.2113e-07	3.2627e-07
0.25025	1.5205e-06	3.2874e-07
0.25055	1.8252e-07	3.2632e-07
0.25085	1.1814e-06	3.2659e-07
0.25115	1.0042e-06	3.2588e-07
0.25145	1.1748e-06	3.2676e-07
0.25175	6.9279e-07	3.2706e-07
0.25205	-3.4895e-07	3.2495e-07
0.25234	8.1939e-07	3.2474e-07
0.25264	5.4354e-07	3.2319e-07
0.25294	8.0719e-07	3.2132e-07
0.25324	7.6543e-07	3.1986e-07
0.25354	1.2048e-06	3.2299e-07
0.25384	1.0587e-06	3.2375e-07
0.25414	1.1815e-06	3.2236e-07
0.25444	7.2961e-07	3.2132e-07
0.25474	2.3497e-07	3.1924e-07
0.25504	8.5386e-07	3.2506e-07
0.25534	1.6657e-06	3.2354e-07
0.25564	4.7521e-07	3.2082e-07
0.25594	1.2948e-06	3.2238e-07
0.25624	1.1828e-06	3.1961e-07
0.25653	6.0742e-07	3.1993e-07
0.25683	1.3291e-06	3.2451e-07
0.25713	4.9186e-07	3.2235e-07
0.25743	1.2028e-06	3.2303e-07
0.25773	8.2865e-07	3.2117e-07
0.25803	4.268e-07	3.2259e-07
0.25833	3.8798e-07	3.2059e-07
0.25863	1.0295e-06	3.2117e-07
0.25893	2.0179e-07	3.2318e-07
0.25923	7.3192e-07	3.2031e-07
0.25953	1.058e-06	3.2136e-07
0.25983	8.0749e-07	3.2005e-07
0.26013	-3.6759e-07	3.2053e-07
0.26043	4.6044e-07	3.2323e-07
0.26072	6.4321e-07	3.2055e-07
0.26102	9.3341e-07	3.1954e-07
0.26132	1.2447e-06	3.1771e-07
0.26162	5.0397e-07	3.2218e-07
0.26192	7.2421e-07	3.2178e-07
0.26222	6.1904e-07	3.1702e-07
0.26252	6.2565e-07	3.2046e-07
0.26282	4.8167e-07	3.1881e-07
0.26312	6.1623e-07	3.2002e-07
0.26342	-9.6882e-10	3.173e-07
0.26372	4.3338e-07	3.1933e-07
0.26402	5.7275e-07	3.1804e-07
0.26432	5.8083e-07	3.1794e-07
0.26462	1.0476e-06	3.176e-07
0.26491	1.2425e-06	3.1687e-07
0.26521	1.3495e-06	3.1854e-07
0.26551	4.6119e-07	3.193e-07
0.26581	1.0744e-06	3.1513e-07
0.26611	1.0232e-06	3.1708e-07
0.26641	7.3993e-07	3.1754e-07
0.26671	4.1511e-07	3.1882e-07
0.26701	5.7619e-07	3.1372e-07
0.26731	9.9903e-07	3.1573e-07
0.26761	3.7052e-07	3.1783e-07
0.26791	1.1229e-06	3.1583e-07
0.26821	8.5648e-07	3.172e-07
0.26851	1.4343e-06	3.1176e-07
0.2688	5.3846e-07	3.1537e-07
0.2691	4.6345e-07	3.1485e-07
0.2694	1.097e-06	3.1209e-07
0.2697	7.9424e-07	3.2425e-07
0.27	1.0326e-06	3.2552e-07
0.2703	7.1863e-07	3.3262e-07
0.2706	7.3559e-07	3.2982e-07
0.2709	-1.0548e-07	3.2821e-07
0.2712	1.749e-07	3.4048e-07
0.2715	1.1531e-06	3.4487e-07
0.2718	1.3084e-06	3.5263e-07
0.2721	3.0111e-07	3.5267e-07
0.2724	2.4105e-07	3.5734e-07
0.27269	4.5424e-07	3.6226e-07
0.27299	3.7884e-07	3.6191e-07
0.27329	4.0369e-07	3.682e-07
0.27359	2.0582e-06	3.7027e-07
0.27389	1.3576e-06	3.7693e-07
0.27419	1.8155e-06	3.8148e-07
0.27449	1.078e-07	3.8062e-07
0.27479	4.3526e-07	3.8403e-07
0.27509	1.3913e-06	3.8209e-07
0.27539	7.8864e-07	3.8623e-07
0.27569	5.6895e-07	3.891e-07
0.27599	1.3562e-06	3.9175e-07
0.27628	1.1086e-06	3.9102e-07
0.27658	5.9673e-07	3.9101e-07
0.27688	6.0787e-07	3.9981e-07
0.27718	-1.9085e-07	4.0006e-07
0.27748	4.7811e-08	3.9789e-07
0.27778	8.779e-07	4.0163e-07
0.27808	1.3793e-06	3.9747e-07
0.27838	6.1688e-08	4.0538e-07
0.27868	5.4548e-07	3.9832e-07
0.27898	1.081e-07	4.0763e-07
0.27928	1.5875e-07	4.0833e-07
0.27958	7.1894e-07	4.0995e-07
0.27987	5.2576e-07	4.1167e-07
0.28017	-5.3189e-07	4.0515e-07
0.28047	7.2485e-07	4.1491e-07
0.28077	1.1069e-07	4.1483e-07
0.28107	1.4269e-06	4.133e-07
0.28137	1.0392e-06	4.1959e-07
0.28167	2.7732e-07	4.1316e-07
0.28197	-9.0869e-07	4.236e-07
0.28227	2.7544e-07	4.1854e-07
0.28257	3.5262e-07	4.1999e-07
0.28287	1.3024e-06	4.2391e-07
0.28317	6.4917e-07	4.1732e-07
0.28346	1.1895e-06	4.2697e-07
0.28376	9.9866e-07	4.2178e-07
0.28406	5.4477e-07	4.269e-07
0.28436	9.4691e-07	4.2244e-07
0.28466	6.4036e-07	4.2981e-07
0.28496	2.9273e-07	4.2791e-07
0.28526	5.321e-08	4.2693e-07
0.28556	-8.1525e-08	4.3614e-07
0.28586	4.5041e-08	4.2938e-07
0.28616	1.1446e-06	4.3094e-07
0.28646	1.2169e-06	4.321e-07
0.28676	8.7606e-07	4.3565e-07
0.28705	8.0364e-07	4.4605e-07
0.28735	7.0425e-07	4.3766e-07
0.28765	1.034e-06	4.446e-07
0.28795	1.2345e-06	4.4109e-07
0.28825	7.3964e-07	4.4067e-07
0.28855	-2.4414e-07	4.4701e-07
0.28885	-4.8751e-07	4.3654e-07
0.28915	7.8245e-07	4.4688e-07
0.28945	-2.5616e-07	4.4784e-07
0.28975	-2.5236e-07	4.4969e-07
0.29005	7.4031e-07	4.49e-07
0.29035	8.2598e-07	4.4895e-07
0.29064	9.5275e-07	4.575e-07
0.29094	6.8815e-07	4.5097e-07
0.29124	-4.6498e-07	4.5811e-07
0.29154	-8.4734e-07	4.5974e-07
0.29184	4.1027e-07	4.5087e-07
0.29214	6.6201e-07	4.5995e-07
0.29244	2.7064e-07	4.632e-07
0.29274	2.2942e-06	4.5476e-07
0.29304	4.6208e-07	4.6576e-07
0.29334	-2.6952e-07	4.6302e-07
0.29364	1.3328e-06	4.6931e-07
0.29393	7.6083e-08	4.6131e-07
0.29423	2.1059e-07	4.6104e-07
0.29453	7.656e-07	4.7292e-07
0.29483	-9.4283e-10	4.6685e-07
0.29513	2.6225e-07	4.6895e-07
0.29543	1.0597e-06	4.7122e-07
0.29573	-8.4102e-07	4.782e-07
0.29603	1.6373e-06	4.7825e-07
0.29633	1.4933e-06	4.7368e-07
0.29663	1.2211e-06	5.1981e-07
0.29693	-7.6628e-08	4.8247e-07
0.29722	-3.9508e-07	4.8013e-07
0.29752	5.9899e-07	4.7884e-07
0.29782	1.488e-06	4.7348e-07
0.29812	1.0067e-06	4.7767e-07
0.29842	1.3449e-06	4.8266e-07
0.29872	1.4376e-06	4.8455e-07
0.29902	7.7544e-07	4.8037e-07
0.29932	-6.3608e-07	4.8942e-07
0.29962	-1.5034e-08	4.8712e-07
0.29992	-3.4193e-08	4.9049e-07
0.30022	1.7472e-06	4.8112e-07
0.30051	2.1906e-07	4.9379e-07
0.30081	5.0824e-07	4.9578e-07
0.30111	5.2129e-07	4.9505e-07
0.30141	1.2174e-06	4.9065e-07
0.30171	3.1145e-07	4.938e-07
0.30201	1.0829e-06	5.0081e-07
0.30231	6.7126e-07	5.048e-07
0.30261	1.0565e-06	4.906e-07
0.30291	1.4169e-06	5.0584e-07
0.30321	1.4817e-08	4.9876e-07
0.3035	1.6085e-06	5.0447e-07
0.3038	2.2704e-07	5.0828e-07
0.3041	-3.6431e-07	5.0512e-07
0.3044	3.5976e-07	5.1296e-07
0.3047	1.2422e-06	5.0673e-07
0.305	6.3326e-07	5.1569e-07
0.3053	-1.3359e-07	5.1464e-07
0.3056	7.9419e-07	5.1988e-07
0.3059	5.2802e-07	5.2231e-07
0.3062	-1.0056e-07	5.1059e-07
0.3065	1.0959e-06	5.1927e-07
0.30679	4.8371e-08	5.1364e-07
0.30709	1.738e-06	5.2106e-07
0.30739	-3.695e-07	5.2888e-07
0.30769	8.3757e-07	5.1092e-07
0.30799	1.1354e-06	5.1798e-07
0.30829	-1.3049e-08	5.184e-07
0.30859	2.4609e-07	5.1993e-07
0.30889	-1.1428e-06	5.2502e-07
0.30919	-1.7499e-07	5.2099e-07
0.30949	5.7422e-07	5.2e-07
0.30978	-2.9776e-08	5.1932e-07
0.31008	1.9333e-07	5.2935e-07
0.31038	-2.6124e-07	5.2218e-07
0.31068	2.8296e-07	5.2764e-07
0.31098	5.348e-08	5.3496e-07
0.31128	1.6187e-07	5.2583e-07
0.31158	4.8616e-07	5.3708e-07
0.31188	6.8069e-07	5.2741e-07
0.31218	-6.3308e-07	5.4319e-07
0.31248	1.0743e-06	5.3983e-07
0.31277	2.0457e-06	1.1338e-06
0.31307	6.1861e-07	5.4543e-07
0.31337	5.1828e-07	5.3347e-07
0.31367	-1.1794e-07	5.4852e-07
0.31397	1.3761e-06	5.3836e-07
0.31427	1.0634e-06	5.4848e-07
0.31457	9.109e-07	5.5693e-07
0.31487	-1.6864e-08	5.5097e-07
0.31517	5.5852e-07	5.5806e-07
0.31547	2.5003e-07	5.4617e-07
0.31576	-6.0189e-07	5.65e-07
0.31606	-3.867e-08	5.6059e-07
0.31636	1.1185e-07	5.5465e-07
0.31666	-3.0942e-08	5.6761e-07
0.31696	8.8744e-07	5.4963e-07
0.31726	-7.6501e-07	5.7488e-07
0.31756	-1.0061e-06	5.6295e-07
0.31786	-3.0897e-07	5.6269e-07
0.31816	-1.2761e-06	5.7229e-07
0.31846	9.6378e-07	5.6313e-07
0.31875	-9.1446e-07	5.8054e-07
0.31905	-1.6237e-07	5.7119e-07
0.31935	4.6609e-07	5.7638e-07
0.31965	-7.2551e-08	5.9319e-07
0.31995	4.9673e-07	5.6523e-07
0.32025	1.9586e-07	6.0231e-07
0.32055	1.6175e-06	5.7161e-07
0.32085	-1.7155e-07	5.9254e-07
0.32115	7.4407e-07	5.9134e-07
0.32144	-2.7653e-07	5.8854e-07
0.32174	1.8532e-06	5.9963e-07
0.32204	8.0946e-07	5.7832e-07
0.32234	2.078e-06	5.9895e-07
0.32264	1.3329e-07	5.9262e-07
0.32294	-1.822e-07	5.936e-07
0.32324	8.2097e-07	6.0811e-07
0.32354	1.5409e-06	5.9289e-07
0.32384	1.5529e-06	5.9975e-07
0.32414	-1.8701e-06	6.0381e-07
0.32443	8.5371e-07	6.0581e-07
0.32473	-5.4892e-08	6.1505e-07
0.32503	5.4974e-07	6.072e-07
0.32533	6.2168e-07	6.1775e-07
0.32563	8.3493e-07	6.0554e-07
0.32593	-1.0014e-06	6.1175e-07
0.32623	-4.5544e-07	6.241e-07
0.32653	9.1494e-07	6.1917e-07
0.32683	-2.0428e-07	6.3425e-07
0.32712	1.1614e-06	6.1355e-07
0.32742	1.2356e-06	6.2894e-07
0.32772	8.8345e-08	6.3145e-07
0.32802	1.646e-06	6.3541e-07
0.32832	3.423e-07	6.3622e-07
0.32862	1.4502e-06	6.2749e-07
0.32892	5.7103e-07	6.5192e-07
0.32922	1.2508e-06	6.1982e-07
0.32952	-1.3144e-06	6.5162e-07
0.32981	7.3609e-07	6.3212e-07
0.33011	-2.3435e-06	6.5331e-07
0.33041	-4.7382e-07	6.4896e-07
0.33071	-2.8071e-07	6.4326e-07
0.33101	-8.5765e-07	6.5581e-07
0.33131	1.9955e-06	6.4387e-07
0.33161	1.7973e-06	6.6203e-07
0.33191	-5.1799e-07	6.6875e-07
0.33221	1.058e-06	6.4414e-07
0.3325	7.4526e-07	6.6441e-07
0.3328	-8.2674e-07	6.586e-07
0.3331	6.7749e-07	6.679e-07
0.3334	2.5087e-07	6.7831e-07
0.3337	1.9901e-06	6.7337e-07
0.334	1.778e-06	6.9033e-07
0.3343	5.9793e-07	6.6968e-07
0.3346	9.9225e-07	6.8742e-07
0.3349	1.1947e-06	6.8173e-07
0.33519	1.0669e-06	6.8117e-07
0.33549	1.5736e-06	6.9037e-07
0.33579	2.3636e-07	6.793e-07
0.33609	-1.5072e-07	7.0682e-07
0.33639	1.5435e-07	6.8228e-07
0.33669	1.2676e-06	7.0866e-07
0.33699	5.1066e-07	7.1808e-07
0.33729	1.1783e-07	6.9187e-07
0.33759	5.2126e-07	7.3039e-07
0.33788	1.263e-07	6.972e-07
0.33818	1.2984e-06	7.2691e-07
0.33848	-3.0171e-07	7.1282e-07
0.33878	1.328e-06	7.1495e-07
0.33908	-5.0603e-07	7.4767e-07
0.33938	-3.0848e-07	7.0522e-07
0.33968	2.4065e-06	7.3165e-07
0.33998	2.6475e-07	7.1878e-07
0.34028	-5.2879e-07	7.2773e-07
0.34057	1.0794e-06	7.497e-07
0.34087	6.8115e-07	7.0908e-07
0.34117	1.1076e-06	7.415e-07
0.34147	1.4861e-06	7.0959e-07
0.34177	1.178e-07	7.3971e-07
0.34207	-5.3313e-07	7.3422e-07
0.34237	-3.3053e-08	7.2028e-07
0.34267	6.2751e-07	7.4998e-07
0.34296	7.5298e-07	7.1004e-07
0.34326	5.1974e-07	7.4413e-07
0.34356	-9.0788e-07	7.4134e-07
0.34386	1.3832e-06	7.4219e-07
0.34416	3.3697e-06	7.7081e-07
0.34446	3.8757e-07	7.1405e-07
0.34476	-1.1444e-06	7.6873e-07
0.34506	1.0419e-06	7.527e-07
0.34536	1.0919e-06	7.5487e-07
0.34565	-3.111e-08	7.6858e-07
0.34595	-1.2668e-06	7.4854e-07
0.34625	-7.1015e-07	7.9085e-07
0.34655	1.7423e-06	7.5562e-07
0.34685	2.0924e-06	7.8183e-07
0.34715	-9.7258e-07	7.7006e-07
0.34745	6.5605e-07	7.766e-07
0.34775	1.8795e-06	7.9539e-07
0.34804	7.682e-07	7.8246e-07
0.34834	-4.1004e-07	7.9891e-07
0.34864	-6.39e-07	7.8773e-07
0.34894	1.099e-06	8.0721e-07
0.34924	7.152e-07	8.2575e-07
0.34954	-4.6037e-07	8.0172e-07
0.34984	6.8888e-08	8.2672e-07
0.35014	-1.2583e-10	8.001e-07
0.35043	8.9867e-07	8.2734e-07
0.35073	-1.8783e-06	8.3259e-07
0.35103	-7.2839e-08	8.3531e-07
0.35133	1.8752e-07	8.6848e-07
0.35163	1.8015e-06	8.0105e-07
0.35193	2.2454e-06	8.5066e-07
0.35223	5.7942e-07	8.288e-07
0.35253	1.5724e-06	8.6685e-07
0.35282	1.6804e-06	8.7173e-07
0.35312	4.19e-06	8.2227e-07
0.35342	1.7819e-07	8.9342e-07
0.35372	1.0516e-06	8.2771e-07
0.35402	-1.2224e-07	8.6254e-07
0.35432	-1.4218e-06	8.9073e-07
0.35462	6.814e-07	8.7408e-07
0.35492	-1.624e-06	9.0234e-07
0.35521	2.2883e-06	8.623e-07
0.35551	7.354e-07	9.1602e-07
0.35581	8.3102e-08	9.0088e-07
0.35611	3.3392e-06	9.1914e-07
0.35641	-8.4438e-07	9.4133e-07
0.35671	1.8501e-06	8.6404e-07
0.35701	-3.1901e-07	9.4036e-07
0.35731	1.9199e-07	9.018e-07
0.3576	-2.725e-06	9.4054e-07
0.3579	1.7599e-06	9.8794e-07
0.3582	6.7595e-07	8.9916e-07
0.3585	1.9143e-06	9.9633e-07
0.3588	-1.1307e-06	9.33e-07
0.3591	-2.8626e-07	9.923e-07
0.3594	3.2422e-06	9.8014e-07
0.3597	-8.3836e-08	9.9032e-07
0.35999	-8.4022e-08	1.0235e-06
0.36029	-1.1001e-06	9.5652e-07
0.36059	-2.7005e-06	1.0284e-06
0.36089	-7.2834e-07	9.6818e-07
0.36119	2.0073e-06	1.0084e-06
0.36149	-6.8377e-07	1.0559e-06
0.36179	-1.9181e-06	9.638e-07
0.36209	1.3986e-06	1.0646e-06
0.36238	1.2784e-06	1.024e-06
0.36268	-1.4376e-06	1.0737e-06
0.36298	1.8316e-06	1.0644e-06
0.36328	-1.0214e-06	1.072e-06
0.36358	-1.4523e-06	1.0955e-06
0.36388	-1.7068e-06	1.0331e-06
0.36418	6.9029e-07	1.1292e-06
0.36447	4.6761e-06	1.0759e-06
0.36477	4.9848e-07	1.0871e-06
0.36507	9e-07	1.1916e-06
0.36537	2.1684e-06	1.0874e-06
0.36567	3.6557e-07	1.1842e-06
0.36597	-1.7484e-06	1.0919e-06
0.36627	2.7117e-07	1.1767e-06
0.36657	-3.2264e-06	1.207e-06
0.36686	-4.6863e-07	1.1243e-06
0.36716	4.3791e-07	1.26e-06
0.36746	4.9023e-08	1.1643e-06
0.36776	1.5497e-06	1.264e-06
0.36806	9.1013e-08	1.2082e-06
0.36836	1.1319e-06	1.259e-06
0.36866	-1.8913e-06	1.3717e-06
0.36895	-1.3578e-06	1.1924e-06
0.36925	2.5759e-07	1.3763e-06
0.36955	2.7148e-06	1.2745e-06
0.36985	4.6515e-06	1.3627e-06
0.37015	-4.867e-06	1.4609e-06
0.37045	3.1138e-06	1.2635e-06
0.37075	-4.504e-07	1.4235e-06
0.37105	1.039e-06	1.3522e-06
0.37134	1.6782e-06	1.4636e-06
0.37164	9.8989e-07	1.4407e-06
0.37194	-6.2051e-07	1.387e-06
0.37224	3.0987e-06	1.6352e-06
0.37254	-2.3303e-06	1.3691e-06
0.37284	-2.2821e-06	1.5969e-06
0.37314	-1.0643e-06	1.4933e-06
0.37343	-1.2117e-06	1.5647e-06
0.37373	-1.608e-06	1.9283e-06
0.37403	2.2579e-06	1.4371e-06
0.37433	-8.1742e-07	1.9072e-06
0.37463	-1.6485e-06	1.5165e-06
0.37493	4.379e-06	1.8326e-06
0.37523	2.5805e-06	1.8171e-06
0.37552	2.2559e-06	1.6471e-06
