0.0056979	0.00020996	2.7089e-05
0.0059978	0.00014282	1.9862e-05
0.0062977	0.00016419	1.4705e-05
0.0065976	0.00018234	1.1688e-05
0.0068975	0.00019569	9.7809e-06
0.0071974	0.00018958	8.1689e-06
0.0074973	0.00016917	7.2634e-06
0.0077971	0.00018457	6.1048e-06
0.008097	0.00018967	5.3975e-06
0.0083969	0.00018583	4.8502e-06
0.0086968	0.00018163	4.3167e-06
0.0089967	0.00018419	3.8684e-06
0.0092966	0.00018843	3.4616e-06
0.0095965	0.00018887	3.3048e-06
0.0098964	0.00017781	3.0102e-06
0.010196	0.0001945	2.7992e-06
0.010496	0.00017742	2.6943e-06
0.010796	0.00018149	2.3771e-06
0.011096	0.00017944	2.3254e-06
0.011396	0.00018028	2.1843e-06
0.011696	0.00017826	2.0051e-06
0.011996	0.0001812	1.9203e-06
0.012295	0.00017569	1.8108e-06
0.012595	0.00018013	1.7564e-06
0.012895	0.00017639	1.7205e-06
0.013195	0.0001829	1.5631e-06
0.013495	0.00017474	1.4642e-06
0.013795	0.00017913	1.4149e-06
0.014095	0.00017569	1.3829e-06
0.014395	0.00017699	1.2951e-06
0.014695	0.00017431	1.2325e-06
0.014994	0.00017353	1.2295e-06
0.015294	0.00017481	1.2216e-06
0.015594	0.0001704	1.1867e-06
0.015894	0.00017051	1.1926e-06
0.016194	0.00016694	1.1591e-06
0.016494	0.00017047	1.1574e-06
0.016794	0.00016997	1.069e-06
0.017094	0.00016527	1.1129e-06
0.017394	0.00016585	1.0854e-06
0.017693	0.00016354	1.0394e-06
0.017993	0.00016705	1.0332e-06
0.018293	0.00016774	9.907e-07
0.018593	0.00016594	1.0013e-06
0.018893	0.00016672	9.8135e-07
0.019193	0.00016147	9.6745e-07
0.019493	0.00015695	9.5032e-07
0.019793	0.00015981	9.0879e-07
0.020093	0.00015438	9.2709e-07
0.020392	0.00015433	9.0339e-07
0.020692	0.00015458	8.7346e-07
0.020992	0.00016061	8.242e-07
0.021292	0.00015347	8.1115e-07
0.021592	0.00015145	7.9738e-07
0.021892	0.00014986	7.7828e-07
0.022192	0.00015147	7.7316e-07
0.022492	0.00014808	7.482e-07
0.022792	0.00014717	7.3712e-07
0.023091	0.00014505	7.5068e-07
0.023391	0.00014248	7.5546e-07
0.023691	0.00014325	7.4423e-07
0.023991	0.00014047	7.4738e-07
0.024291	0.00014077	7.418e-07
0.024591	0.00014165	7.2914e-07
0.024891	0.00013964	7.3253e-07
0.025191	0.00013913	7.1364e-07
0.025491	0.0001404	7.217e-07
0.02579	0.00013645	7.1018e-07
0.02609	0.00013339	7.0911e-07
0.02639	0.00013438	7.0146e-07
0.02669	0.00013044	6.966e-07
0.02699	0.00013301	6.8566e-07
0.02729	0.00013203	6.7948e-07
0.02759	0.00013251	6.8094e-07
0.02789	0.00013208	6.6924e-07
0.028189	0.00012787	6.6726e-07
0.028489	0.00012943	6.5024e-07
0.028789	0.00012499	6.6078e-07
0.029089	0.00012765	6.4287e-07
0.029389	0.00012557	6.3087e-07
0.029689	0.00012233	6.3254e-07
0.029989	0.00012205	6.311e-07
0.030289	0.00012453	6.2414e-07
0.030589	0.00012434	6.1001e-07
0.030888	0.00012112	6.171e-07
0.031188	0.00011859	5.9593e-07
0.031488	0.00011906	6.0018e-07
0.031788	0.0001161	5.9521e-07
0.032088	0.00012052	5.8182e-07
0.032388	0.00011699	5.8766e-07
0.032688	0.0001144	5.818e-07
0.032988	0.00011359	5.8965e-07
0.033287	0.00011073	5.8087e-07
0.033587	0.00011364	5.6952e-07
0.033887	0.00011143	5.8049e-07
0.034187	0.00010673	5.7245e-07
0.034487	0.0001059	5.7359e-07
0.034787	0.00010635	5.645e-07
0.035087	0.00010556	5.6308e-07
0.035387	0.00010354	5.6349e-07
0.035686	0.00010415	5.5906e-07
0.035986	0.00010449	5.6456e-07
0.036286	0.00010161	5.6367e-07
0.036586	0.00010893	1.003e-06
0.036886	0.00010115	5.5093e-07
0.037186	9.9316e-05	5.3896e-07
0.037486	9.8348e-05	5.4386e-07
0.037786	9.5441e-05	5.485e-07
0.038085	9.6816e-05	5.413e-07
0.038385	9.6913e-05	5.3468e-07
0.038685	9.3429e-05	5.4493e-07
0.038985	9.3174e-05	5.4249e-07
0.039285	9.2787e-05	5.3929e-07
0.039585	9.1196e-05	5.4512e-07
0.039885	9.123e-05	5.1976e-07
0.040185	9.1588e-05	5.3894e-07
0.040485	8.8832e-05	5.3109e-07
0.040784	8.8966e-05	5.257e-07
0.041084	9.0394e-05	5.2437e-07
0.041384	8.7077e-05	5.2524e-07
0.041684	8.5346e-05	5.2818e-07
0.041984	8.765e-05	5.2277e-07
0.042284	8.6705e-05	5.1586e-07
0.042584	8.4332e-05	5.1608e-07
0.042884	8.4259e-05	5.156e-07
0.043183	8.297e-05	5.343e-07
0.043483	8.4641e-05	5.3051e-07
0.043783	8.01e-05	5.389e-07
0.044083	8.1223e-05	5.4364e-07
0.044383	7.8747e-05	5.4239e-07
0.044683	7.7548e-05	5.5204e-07
0.044983	7.6665e-05	5.4018e-07
0.045282	7.6865e-05	5.49e-07
0.045582	7.4709e-05	5.4765e-07
0.045882	7.3127e-05	5.5953e-07
0.046182	7.4969e-05	5.6344e-07
0.046482	7.2934e-05	5.4899e-07
0.046782	7.2238e-05	5.5072e-07
0.047082	7.1035e-05	5.65e-07
0.047382	7.267e-05	5.5482e-07
0.047681	7.1087e-05	5.6254e-07
0.047981	6.8555e-05	5.6415e-07
0.048281	6.8043e-05	5.6979e-07
0.048581	6.865e-05	5.6897e-07
0.048881	6.8731e-05	5.5864e-07
0.049181	6.5755e-05	5.6137e-07
0.049481	6.756e-05	5.5415e-07
0.049781	6.6292e-05	5.4263e-07
0.05008	6.3157e-05	5.3909e-07
0.05038	6.2848e-05	5.3338e-07
0.05068	6.5484e-05	5.4418e-07
0.05098	6.2326e-05	5.4814e-07
0.05128	6.1979e-05	5.4889e-07
0.05158	6.0742e-05	5.4285e-07
0.05188	6.096e-05	5.5739e-07
0.052179	5.9651e-05	5.4835e-07
0.052479	5.8532e-05	5.547e-07
0.052779	5.9227e-05	5.4494e-07
0.053079	5.7945e-05	5.4874e-07
0.053379	5.6861e-05	5.5425e-07
0.053679	5.8705e-05	5.4559e-07
0.053979	5.621e-05	5.4062e-07
0.054279	5.5686e-05	5.4297e-07
0.054578	5.6486e-05	5.358e-07
0.054878	5.5268e-05	5.4518e-07
0.055178	5.452e-05	5.3522e-07
0.055478	5.3868e-05	5.5102e-07
0.055778	5.4475e-05	5.3314e-07
0.056078	5.2609e-05	5.3904e-07
0.056378	5.0321e-05	5.4233e-07
0.056677	5.3264e-05	5.38e-07
0.056977	5.1315e-05	5.4466e-07
0.057277	5.1758e-05	5.3776e-07
0.057577	4.7969e-05	5.3631e-07
0.057877	4.7439e-05	5.3523e-07
0.058177	4.8272e-05	5.3434e-07
0.058477	4.8122e-05	5.3533e-07
0.058776	5.0693e-05	5.3451e-07
0.059076	4.768e-05	5.4279e-07
0.059376	4.7481e-05	5.4161e-07
0.059676	4.5977e-05	5.3741e-07
0.059976	4.6231e-05	5.3419e-07
0.060276	4.5417e-05	5.2882e-07
0.060576	4.5591e-05	5.4018e-07
0.060875	4.5511e-05	5.346e-07
0.061175	4.4041e-05	5.3696e-07
0.061475	4.5816e-05	5.2598e-07
0.061775	4.3821e-05	5.2565e-07
0.062075	4.357e-05	5.3307e-07
0.062375	4.3971e-05	5.2415e-07
0.062675	4.1366e-05	5.3486e-07
0.062974	4.0595e-05	5.273e-07
0.063274	4.2556e-05	5.1918e-07
0.063574	3.9502e-05	5.2827e-07
0.063874	4.2056e-05	5.1765e-07
0.064174	4.0525e-05	5.1924e-07
0.064474	3.8882e-05	5.3002e-07
0.064774	3.8588e-05	5.2424e-07
0.065073	3.9682e-05	5.2498e-07
0.065373	3.8099e-05	5.1758e-07
0.065673	3.9192e-05	5.3127e-07
0.065973	3.8251e-05	5.2202e-07
0.066273	3.6806e-05	5.2498e-07
0.066573	3.6956e-05	5.2478e-07
0.066872	3.7236e-05	5.0855e-07
0.067172	3.5171e-05	5.2779e-07
0.067472	3.5281e-05	5.1705e-07
0.067772	3.5312e-05	5.1952e-07
0.068072	3.5178e-05	5.0351e-07
0.068372	3.5175e-05	5.0407e-07
0.068672	3.5225e-05	5.1427e-07
0.068971	3.4294e-05	5.0598e-07
0.069271	3.4118e-05	5.0395e-07
0.069571	3.4637e-05	5.0626e-07
0.069871	3.2504e-05	5.1245e-07
0.070171	3.5728e-05	5.0678e-07
0.070471	3.402e-05	5.0141e-07
0.07077	3.3212e-05	5.11e-07
0.07107	3.1911e-05	5.1514e-07
0.07137	3.2236e-05	5.0784e-07
0.07167	3.1299e-05	5.0894e-07
0.07197	3.0903e-05	5.0089e-07
0.07227	3.0419e-05	5.0895e-07
0.07257	3.1263e-05	5.0388e-07
0.072869	3.1455e-05	5.0285e-07
0.073169	3.0614e-05	4.9325e-07
0.073469	3.0437e-05	5.0337e-07
0.073769	2.8883e-05	4.9664e-07
0.074069	2.8486e-05	4.961e-07
0.074369	2.9193e-05	5.0608e-07
0.074668	2.8417e-05	5.0089e-07
0.074968	2.8828e-05	4.9882e-07
0.075268	2.7604e-05	5.0661e-07
0.075568	2.895e-05	4.8898e-07
0.075868	2.6194e-05	5.043e-07
0.076168	2.7976e-05	4.9408e-07
0.076467	2.7628e-05	5.0111e-07
0.076767	2.6532e-05	5.0272e-07
0.077067	2.7113e-05	4.943e-07
0.077367	2.6132e-05	4.9515e-07
0.077667	2.6709e-05	4.9316e-07
0.077967	2.5696e-05	4.9936e-07
0.078266	2.6323e-05	4.9439e-07
0.078566	2.657e-05	4.9387e-07
0.078866	2.6601e-05	5.0407e-07
0.079166	2.4878e-05	5.1499e-07
0.079466	2.4934e-05	5.275e-07
0.079766	2.446e-05	5.2327e-07
0.080065	2.2979e-05	5.435e-07
0.080365	2.3636e-05	5.3993e-07
0.080665	2.3376e-05	5.3639e-07
0.080965	2.4071e-05	5.4897e-07
0.081265	2.3375e-05	5.4907e-07
0.081565	2.5644e-05	5.581e-07
0.081864	2.2911e-05	5.5724e-07
0.082164	2.2489e-05	5.5969e-07
0.082464	2.3352e-05	5.6762e-07
0.082764	2.2065e-05	5.6146e-07
0.083064	2.3843e-05	5.5194e-07
0.083364	2.1159e-05	5.6567e-07
0.083663	2.1817e-05	5.6802e-07
0.083963	2.2396e-05	5.8328e-07
0.084263	2.3176e-05	5.2659e-07
0.084563	2.2705e-05	5.2511e-07
0.084863	2.1658e-05	5.2974e-07
0.085163	2.2507e-05	5.1746e-07
0.085462	2.2259e-05	5.1574e-07
0.085762	2.0946e-05	5.0969e-07
0.086062	2.0169e-05	5.0382e-07
0.086362	1.8982e-05	5.0143e-07
0.086662	2.1506e-05	4.854e-07
0.086961	1.8816e-05	4.8923e-07
0.087261	2.1575e-05	4.8915e-07
0.087561	2.2028e-05	4.939e-07
0.087861	2.153e-05	4.9059e-07
0.088161	2.0045e-05	4.892e-07
0.088461	1.9003e-05	4.827e-07
0.08876	2.0365e-05	4.964e-07
0.08906	1.791e-05	4.9273e-07
0.08936	1.7504e-05	4.9385e-07
0.08966	1.802e-05	4.8574e-07
0.08996	1.7176e-05	4.7789e-07
0.090259	1.8427e-05	4.8967e-07
0.090559	1.8116e-05	4.7951e-07
0.090859	1.8604e-05	4.8593e-07
0.091159	1.7094e-05	4.8081e-07
0.091459	1.9393e-05	4.7861e-07
0.091759	1.9289e-05	4.8771e-07
0.092058	1.8379e-05	4.7583e-07
0.092358	1.7791e-05	4.7908e-07
0.092658	1.7007e-05	4.8106e-07
0.092958	1.6285e-05	4.7728e-07
0.093258	1.6919e-05	4.8237e-07
0.093557	1.6705e-05	4.6986e-07
0.093857	1.8542e-05	4.7453e-07
0.094157	1.7791e-05	4.7622e-07
0.094457	1.7153e-05	4.6916e-07
0.094757	1.6887e-05	4.7673e-07
0.095056	1.6804e-05	4.7457e-07
0.095356	1.6501e-05	4.722e-07
0.095656	1.7473e-05	4.7148e-07
0.095956	1.6412e-05	4.7617e-07
0.096256	1.7426e-05	4.7339e-07
0.096556	1.6273e-05	4.6811e-07
0.096855	1.6691e-05	4.7525e-07
0.097155	1.6191e-05	4.6658e-07
0.097455	1.4355e-05	4.7378e-07
0.097755	1.7016e-05	4.7244e-07
0.098055	1.4855e-05	4.7053e-07
0.098354	1.5523e-05	4.6907e-07
0.098654	1.4879e-05	4.6524e-07
0.098954	1.5435e-05	4.6933e-07
0.099254	1.5197e-05	4.6777e-07
0.099554	1.6089e-05	4.6304e-07
0.099853	1.4228e-05	4.6597e-07
0.10015	1.4494e-05	4.6105e-07
0.10045	1.2548e-05	4.6706e-07
0.10075	1.5259e-05	4.6122e-07
0.10105	1.3066e-05	4.581e-07
0.10135	1.472e-05	4.6046e-07
0.10165	1.5219e-05	4.6509e-07
0.10195	1.4431e-05	4.6474e-07
0.10225	1.4752e-05	4.5995e-07
0.10255	1.5995e-05	4.5956e-07
0.10285	1.4146e-05	4.6158e-07
0.10315	1.331e-05	4.5978e-07
0.10345	1.3791e-05	4.6093e-07
0.10375	1.2922e-05	4.5919e-07
0.10405	1.4118e-05	4.6099e-07
0.10435	1.3141e-05	4.5754e-07
0.10465	1.4817e-05	4.5369e-07
0.10495	1.4233e-05	4.4365e-07
0.10525	1.1528e-05	4.477e-07
0.10555	1.2563e-05	4.5163e-07
0.10585	1.245e-05	4.4909e-07
0.10615	1.331e-05	4.5484e-07
0.10645	1.2983e-05	4.5419e-07
0.10675	1.1897e-05	4.4888e-07
0.10705	1.3789e-05	4.5248e-07
0.10735	1.2098e-05	4.47e-07
0.10765	1.2918e-05	4.4315e-07
0.10795	1.3888e-05	4.5319e-07
0.10825	1.3283e-05	4.439e-07
0.10855	1.3397e-05	4.4924e-07
0.10885	1.2974e-05	4.5192e-07
0.10915	1.1847e-05	4.5447e-07
0.10945	1.1237e-05	4.477e-07
0.10975	1.2546e-05	4.5246e-07
0.11005	1.2951e-05	4.4679e-07
0.11035	1.1033e-05	4.4142e-07
0.11065	1.2273e-05	4.483e-07
0.11095	1.2529e-05	4.4965e-07
0.11125	1.1617e-05	4.457e-07
0.11155	1.0825e-05	4.4244e-07
0.11184	1.1667e-05	4.4481e-07
0.11214	1.2154e-05	4.4259e-07
0.11244	1.0893e-05	4.3974e-07
0.11274	1.1803e-05	4.4467e-07
0.11304	1.188e-05	4.3923e-07
0.11334	1.1519e-05	4.3403e-07
0.11364	1.0783e-05	4.3473e-07
0.11394	1.1584e-05	4.3372e-07
0.11424	1.1608e-05	4.3815e-07
0.11454	1.0597e-05	4.376e-07
0.11484	1.1044e-05	4.3232e-07
0.11514	1.0218e-05	4.3373e-07
0.11544	1.0968e-05	4.376e-07
0.11574	1.0005e-05	4.3755e-07
0.11604	1.0903e-05	4.4309e-07
0.11634	9.4109e-06	4.3303e-07
0.11664	1.1304e-05	4.3245e-07
0.11694	1.1998e-05	4.3541e-07
0.11724	1.2091e-05	4.3918e-07
0.11754	1.0144e-05	4.3484e-07
0.11784	1.0718e-05	4.3167e-07
0.11814	1.0261e-05	4.3144e-07
0.11844	8.8831e-06	4.3892e-07
0.11874	9.6274e-06	4.2722e-07
0.11904	1.0471e-05	4.3775e-07
0.11934	1.038e-05	4.354e-07
0.11964	1.1241e-05	4.2745e-07
0.11994	1.1017e-05	4.2919e-07
0.12024	1.0973e-05	4.2586e-07
0.12054	9.8184e-06	4.3048e-07
0.12084	1.0662e-05	4.3362e-07
0.12114	9.2101e-06	4.2926e-07
0.12144	9.6368e-06	4.3099e-07
0.12174	9.6316e-06	4.2574e-07
0.12204	9.81e-06	4.3466e-07
0.12234	9.4093e-06	4.3261e-07
0.12264	1.0773e-05	4.2053e-07
0.12294	1.0922e-05	4.4417e-07
0.12324	1.1142e-05	4.426e-07
0.12354	9.6986e-06	4.524e-07
0.12384	1.0433e-05	4.5321e-07
0.12414	9.2231e-06	4.5785e-07
0.12443	8.9467e-06	4.6891e-07
0.12473	9.9145e-06	4.5933e-07
0.12503	1.0128e-05	4.66e-07
0.12533	9.6138e-06	4.4591e-07
0.12563	9.6948e-06	4.4364e-07
0.12593	8.573e-06	4.4981e-07
0.12623	1.0542e-05	4.3767e-07
0.12653	9.074e-06	4.4667e-07
0.12683	9.7676e-06	4.3761e-07
0.12713	9.1459e-06	4.4001e-07
0.12743	8.827e-06	4.3951e-07
0.12773	9.6462e-06	4.3507e-07
0.12803	9.1327e-06	4.4051e-07
0.12833	9.5739e-06	4.2953e-07
0.12863	9.5798e-06	4.3382e-07
0.12893	8.6307e-06	4.2898e-07
0.12923	9.4061e-06	4.3116e-07
0.12953	1.066e-05	4.3126e-07
0.12983	7.8654e-06	4.2924e-07
0.13013	1.0244e-05	4.2889e-07
0.13043	7.5909e-06	4.2734e-07
0.13073	9.3476e-06	4.265e-07
0.13103	8.9677e-06	4.2613e-07
0.13133	8.9114e-06	4.2175e-07
0.13163	7.262e-06	4.2329e-07
0.13193	9.5359e-06	4.2222e-07
0.13223	9.7969e-06	4.2142e-07
0.13253	8.9211e-06	4.2364e-07
0.13283	9.5039e-06	4.1772e-07
0.13313	1.0078e-05	4.1888e-07
0.13343	8.9342e-06	4.1995e-07
0.13373	8.3475e-06	4.2422e-07
0.13403	8.5042e-06	4.1186e-07
0.13433	7.0828e-06	4.1951e-07
0.13463	8.5648e-06	4.1536e-07
0.13493	8.2747e-06	4.1534e-07
0.13523	7.9482e-06	4.172e-07
0.13553	7.5343e-06	4.121e-07
0.13582	8.6705e-06	4.1606e-07
0.13612	6.9761e-06	4.1472e-07
0.13642	7.8645e-06	4.0791e-07
0.13672	7.6562e-06	4.0991e-07
0.13702	7.323e-06	4.1353e-07
0.13732	7.639e-06	4.1748e-07
0.13762	7.1311e-06	4.1425e-07
0.13792	7.2562e-06	4.0918e-07
0.13822	8.0571e-06	4.1459e-07
0.13852	7.8202e-06	4.124e-07
0.13882	8.9333e-06	4.1403e-07
0.13912	7.3038e-06	4.0884e-07
0.13942	6.9263e-06	4.1119e-07
0.13972	9.0838e-06	4.0862e-07
0.14002	7.0563e-06	4.1198e-07
0.14032	7.8618e-06	4.0664e-07
0.14062	6.7553e-06	4.0843e-07
0.14092	8.8843e-06	4.1029e-07
0.14122	6.4967e-06	4.0945e-07
0.14152	8.1702e-06	4.0258e-07
0.14182	7.3986e-06	4.0762e-07
0.14212	6.7739e-06	4.0697e-07
0.14242	7.2075e-06	4.2066e-07
0.14272	8.2403e-06	4.241e-07
0.14302	7.6565e-06	4.2179e-07
0.14332	7.97e-06	4.2582e-07
0.14362	6.7576e-06	4.2914e-07
0.14392	6.3262e-06	4.3353e-07
0.14422	6.7924e-06	4.3795e-07
0.14452	6.276e-06	4.4609e-07
0.14482	6.5684e-06	4.4142e-07
0.14512	6.4402e-06	4.4329e-07
0.14542	7.5948e-06	4.4272e-07
0.14572	5.6348e-06	4.4073e-07
0.14601	7.2905e-06	4.524e-07
0.14631	6.9641e-06	4.4128e-07
0.14661	6.0095e-06	4.4169e-07
0.14691	6.5763e-06	4.4816e-07
0.14721	7.2704e-06	4.4162e-07
0.14751	7.2269e-06	4.5495e-07
0.14781	5.5607e-06	4.2561e-07
0.14811	6.1429e-06	4.1904e-07
0.14841	7.5928e-06	4.1571e-07
0.14871	6.6002e-06	4.1696e-07
0.14901	7.9047e-06	4.0958e-07
0.14931	6.9427e-06	4.0766e-07
0.14961	5.9466e-06	4.1165e-07
0.14991	6.0994e-06	4.1105e-07
0.15021	6.1891e-06	4.1206e-07
0.15051	6.1268e-06	4.1127e-07
0.15081	6.3771e-06	4.0827e-07
0.15111	6.3036e-06	4.0947e-07
0.15141	6.7836e-06	4.0755e-07
0.15171	6.6001e-06	4.0661e-07
0.15201	6.1047e-06	4.0794e-07
0.15231	4.8491e-06	4.0672e-07
0.15261	6.6359e-06	4.1444e-07
0.15291	5.4225e-06	4.0085e-07
0.15321	5.7253e-06	4.0532e-07
0.15351	6.2633e-06	4.0572e-07
0.15381	6.1125e-06	4.0231e-07
0.15411	5.7251e-06	4.0461e-07
0.15441	5.7664e-06	4.0183e-07
0.15471	4.78e-06	4.0433e-07
0.15501	6.1258e-06	3.9934e-07
0.15531	5.7989e-06	3.9884e-07
0.1556	6.3654e-06	4.0276e-07
0.1559	6.7062e-06	3.9525e-07
0.1562	6.2601e-06	4.0326e-07
0.1565	5.9803e-06	3.9836e-07
0.1568	5.2271e-06	3.9266e-07
0.1571	6.0071e-06	4.0222e-07
0.1574	5.3581e-06	3.9721e-07
0.1577	4.8202e-06	3.999e-07
0.158	5.9306e-06	3.9589e-07
0.1583	6.1293e-06	3.9469e-07
0.1586	5.5624e-06	3.954e-07
0.1589	5.397e-06	3.9704e-07
0.1592	5.7297e-06	3.9837e-07
0.1595	4.9018e-06	3.9697e-07
0.1598	4.9477e-06	3.9278e-07
0.1601	7.198e-06	3.9929e-07
0.1604	6.28e-06	3.93e-07
0.1607	4.9433e-06	3.966e-07
0.161	5.219e-06	3.9455e-07
0.1613	5.8809e-06	3.909e-07
0.1616	4.902e-06	3.8577e-07
0.1619	5.6694e-06	3.8509e-07
0.1622	4.8109e-06	3.8797e-07
0.1625	6.3422e-06	3.8797e-07
0.1628	5.5732e-06	3.8944e-07
0.1631	5.3893e-06	3.8717e-07
0.1634	6.5155e-06	3.8615e-07
0.1637	5.9664e-06	3.8445e-07
0.164	5.2978e-06	3.8796e-07
0.16429	5.8784e-06	3.8772e-07
0.16459	4.6569e-06	3.8731e-07
0.16489	4.8766e-06	3.8988e-07
0.16519	4.9571e-06	3.8293e-07
0.16549	4.2436e-06	3.9049e-07
0.16579	5.8033e-06	3.8303e-07
0.16609	4.9627e-06	3.8356e-07
0.16639	5.5554e-06	3.8402e-07
0.16669	5.4734e-06	3.833e-07
0.16699	5.492e-06	3.8527e-07
0.16729	4.0139e-06	3.8704e-07
0.16759	4.9558e-06	3.8786e-07
0.16789	6.0734e-06	3.8704e-07
0.16819	5.4509e-06	3.8048e-07
0.16849	4.4506e-06	3.8507e-07
0.16879	4.7117e-06	3.7956e-07
0.16909	4.8316e-06	3.8402e-07
0.16939	4.5008e-06	3.8027e-07
0.16969	4.8708e-06	3.797e-07
0.16999	4.2253e-06	3.8617e-07
0.17029	5.2323e-06	3.7841e-07
0.17059	4.3508e-06	3.8524e-07
0.17089	4.6751e-06	3.7933e-07
0.17119	4.1559e-06	3.8163e-07
0.17149	5.2208e-06	3.7843e-07
0.17179	5.4627e-06	3.7473e-07
0.17209	5.1756e-06	3.7813e-07
0.17238	5.4729e-06	3.7524e-07
0.17268	4.8845e-06	3.7823e-07
0.17298	3.8807e-06	3.8136e-07
0.17328	4.2588e-06	3.782e-07
0.17358	4.4113e-06	3.7752e-07
0.17388	5.0003e-06	3.7776e-07
0.17418	3.9051e-06	3.8226e-07
0.17448	4.9016e-06	3.7633e-07
0.17478	4.4779e-06	3.7526e-07
0.17508	5.0123e-06	3.7705e-07
0.17538	5.1487e-06	3.7342e-07
0.17568	3.3386e-06	3.7943e-07
0.17598	4.1922e-06	3.7891e-07
0.17628	4.512e-06	3.7383e-07
0.17658	2.1989e-06	3.7471e-07
0.17688	4.2893e-06	3.6392e-07
0.17718	4.3818e-06	3.6575e-07
0.17748	3.6669e-06	3.72e-07
0.17778	4.765e-06	3.697e-07
0.17808	4.6709e-06	3.7001e-07
0.17838	3.5907e-06	3.7212e-07
0.17868	3.3835e-06	3.7405e-07
0.17898	3.2554e-06	3.6822e-07
0.17928	3.6434e-06	3.7468e-07
0.17958	4.4449e-06	3.7044e-07
0.17988	4.3567e-06	3.6561e-07
0.18017	4.3436e-06	3.6793e-07
0.18047	3.2711e-06	3.6749e-07
0.18077	4.9305e-06	3.6728e-07
0.18107	5.641e-06	3.6624e-07
0.18137	3.3036e-06	3.6805e-07
0.18167	3.692e-06	3.7188e-07
0.18197	3.4571e-06	3.7043e-07
0.18227	4.6108e-06	3.6564e-07
0.18257	2.7965e-06	3.6958e-07
0.18287	4.2299e-06	3.6574e-07
0.18317	2.8249e-06	3.6894e-07
0.18347	3.9609e-06	3.6457e-07
0.18377	5.4367e-06	3.6924e-07
0.18407	3.8772e-06	3.6671e-07
0.18437	3.9583e-06	3.6894e-07
0.18467	3.1881e-06	3.6487e-07
0.18497	3.9072e-06	3.6575e-07
0.18527	4.0291e-06	3.707e-07
0.18557	4.5349e-06	3.6257e-07
0.18587	3.6112e-06	3.6385e-07
0.18617	4.4534e-06	3.6201e-07
0.18647	3.5983e-06	3.6417e-07
0.18677	3.6954e-06	3.6609e-07
0.18707	4.915e-06	3.6351e-07
0.18736	4.6471e-06	3.6501e-07
0.18766	4.0873e-06	3.6403e-07
0.18796	4.6558e-06	3.622e-07
0.18826	2.1035e-06	3.6494e-07
0.18856	3.1139e-06	3.6261e-07
0.18886	3.7893e-06	3.6364e-07
0.18916	3.527e-06	3.6299e-07
0.18946	4.0142e-06	3.6185e-07
0.18976	3.6413e-06	3.619e-07
0.19006	3.7802e-06	3.5918e-07
0.19036	3.7356e-06	3.6313e-07
0.19066	3.4644e-06	3.595e-07
0.19096	4.1186e-06	3.5733e-07
0.19126	3.1516e-06	3.6195e-07
0.19156	3.4374e-06	3.5735e-07
0.19186	3.4326e-06	3.5715e-07
0.19216	3.4667e-06	3.5892e-07
0.19246	2.9795e-06	3.5622e-07
0.19276	4.0927e-06	3.5796e-07
0.19306	3.1262e-06	3.6247e-07
0.19336	3.2396e-06	3.6104e-07
0.19366	2.8341e-06	3.5694e-07
0.19395	3.3827e-06	3.5936e-07
0.19425	3.1034e-06	3.6182e-07
0.19455	3.3039e-06	3.605e-07
0.19485	2.9832e-06	3.5322e-07
0.19515	2.3469e-06	3.5732e-07
0.19545	2.8052e-06	3.5746e-07
0.19575	2.1838e-06	3.5888e-07
0.19605	3.2441e-06	3.5889e-07
0.19635	3.7906e-06	3.523e-07
0.19665	4.2814e-06	3.5818e-07
0.19695	2.5191e-06	3.5543e-07
0.19725	2.6754e-06	3.5591e-07
0.19755	2.5746e-06	3.5941e-07
0.19785	4.2389e-06	3.4859e-07
0.19815	3.4309e-06	3.5128e-07
0.19845	2.9123e-06	3.5163e-07
0.19875	3.7568e-06	3.5002e-07
0.19905	2.7357e-06	3.5534e-07
0.19935	3.1463e-06	3.5217e-07
0.19965	3.7515e-06	3.5205e-07
0.19995	2.2357e-06	3.495e-07
0.20025	2.195e-06	3.5042e-07
0.20054	2.166e-06	3.5104e-07
0.20084	1.7922e-06	3.5548e-07
0.20114	4.2136e-06	3.5409e-07
0.20144	2.2385e-06	3.4892e-07
0.20174	2.0797e-06	3.5359e-07
0.20204	3.4163e-06	3.5317e-07
0.20234	2.5526e-06	3.4897e-07
0.20264	3.173e-06	3.5099e-07
0.20294	3.1019e-06	3.5121e-07
0.20324	2.6681e-06	3.5097e-07
0.20354	2.8252e-06	3.5314e-07
0.20384	1.9156e-06	3.4881e-07
0.20414	2.2658e-06	3.4938e-07
0.20444	3.9125e-06	3.4757e-07
0.20474	3.3063e-06	3.5036e-07
0.20504	3.7508e-06	3.4842e-07
0.20534	3.3755e-06	3.5003e-07
0.20564	2.1619e-06	3.4887e-07
0.20594	2.2837e-06	3.5944e-07
0.20624	3.0406e-06	3.6057e-07
0.20653	3.7481e-06	3.6592e-07
0.20683	9.0427e-07	3.6867e-07
0.20713	2.1889e-06	3.7254e-07
0.20743	3.9338e-06	3.7551e-07
0.20773	2.2798e-06	3.7465e-07
0.20803	1.0603e-06	3.8031e-07
0.20833	3.0875e-06	3.7693e-07
0.20863	2.1574e-06	3.8054e-07
0.20893	3.5307e-06	3.778e-07
0.20923	1.7905e-06	3.7865e-07
0.20953	4.6169e-06	3.8084e-07
0.20983	1.9846e-06	3.8439e-07
0.21013	3.0934e-06	3.7796e-07
0.21043	2.4644e-06	3.8367e-07
0.21073	3.1411e-06	3.8302e-07
0.21103	2.8171e-06	3.8884e-07
0.21133	2.0311e-06	3.6617e-07
0.21163	3.1214e-06	3.5965e-07
0.21193	1.7589e-06	3.6356e-07
0.21223	2.2351e-06	3.5947e-07
0.21252	3.9592e-06	3.5774e-07
0.21282	2.6295e-06	3.5517e-07
0.21312	1.4584e-06	3.5908e-07
0.21342	1.1279e-06	3.6024e-07
0.21372	2.818e-06	3.5269e-07
0.21402	1.7294e-06	3.5382e-07
0.21432	2.5497e-06	3.5511e-07
0.21462	1.8501e-06	3.5596e-07
0.21492	2.9965e-06	3.547e-07
0.21522	1.3246e-06	3.4745e-07
0.21552	3.4973e-06	3.5188e-07
0.21582	2.3257e-06	3.5108e-07
0.21612	3.8931e-06	3.4779e-07
0.21642	2.6724e-06	3.4483e-07
0.21672	3.0941e-06	3.4339e-07
0.21702	2.4878e-06	3.5173e-07
0.21732	2.4551e-06	3.4652e-07
0.21762	1.8309e-06	3.458e-07
0.21792	2.9663e-06	3.4663e-07
0.21821	1.7804e-06	3.9036e-07
0.21851	3.2382e-06	3.4622e-07
0.21881	2.5525e-06	3.4467e-07
0.21911	9.1874e-07	3.4694e-07
0.21941	2.6662e-06	3.4556e-07
0.21971	2.6399e-06	3.4866e-07
0.22001	1.8931e-06	3.4665e-07
0.22031	2.3584e-06	3.4553e-07
0.22061	8.3646e-07	3.4845e-07
0.22091	2.0781e-06	3.4486e-07
0.22121	1.8155e-06	3.4654e-07
0.22151	1.8281e-06	3.4556e-07
0.22181	1.8979e-06	3.452e-07
0.22211	1.3502e-06	3.4719e-07
0.22241	2.1045e-06	3.4223e-07
0.22271	2.3787e-06	3.4141e-07
0.22301	2.4311e-06	3.421e-07
0.22331	2.0193e-06	3.4369e-07
0.2236	2.7057e-06	3.428e-07
0.2239	2.555e-06	3.4288e-07
0.2242	2.9622e-06	3.4035e-07
0.2245	6.3024e-07	3.3994e-07
0.2248	2.793e-06	3.4139e-07
0.2251	2.0951e-06	3.3941e-07
0.2254	2.4891e-06	3.3948e-07
0.2257	2.6068e-06	3.4386e-07
0.226	1.5706e-06	3.4139e-07
0.2263	1.9206e-06	3.4518e-07
0.2266	2.5889e-06	3.3934e-07
0.2269	2.6398e-06	3.3988e-07
0.2272	1.6972e-06	3.4121e-07
0.2275	2.1216e-06	3.3915e-07
0.2278	2.5051e-06	3.4123e-07
0.2281	2.6489e-06	3.3663e-07
0.2284	2.5257e-06	3.361e-07
0.22869	3.3928e-06	3.3848e-07
0.22899	3.3572e-06	3.3515e-07
0.22929	2.4968e-06	3.4083e-07
0.22959	2.8042e-06	3.3777e-07
0.22989	2.4305e-06	3.3939e-07
0.23019	2.3358e-06	3.3743e-07
0.23049	1.989e-06	3.3756e-07
0.23079	2.1071e-06	3.3813e-07
0.23109	1.6935e-06	3.3699e-07
0.23139	2.6682e-06	3.4e-07
0.23169	1.566e-06	3.3335e-07
0.23199	1.9335e-06	3.3462e-07
0.23229	1.9712e-06	3.3743e-07
0.23259	2.3514e-06	3.3646e-07
0.23289	1.8008e-06	3.3381e-07
0.23319	9.7834e-07	3.3187e-07
0.23349	2.2889e-06	3.3616e-07
0.23378	2.5719e-06	3.347e-07
0.23408	2.4367e-06	3.334e-07
0.23438	2.5754e-06	3.3084e-07
0.23468	1.6707e-06	3.2766e-07
0.23498	1.5998e-06	3.3184e-07
0.23528	2.2022e-06	3.3421e-07
0.23558	2.0053e-06	3.2849e-07
0.23588	1.2702e-06	3.2969e-07
0.23618	2.1627e-06	3.3156e-07
0.23648	1.8414e-06	3.3314e-07
0.23678	2.2483e-06	3.2905e-07
0.23708	2.5514e-06	3.3066e-07
0.23738	2.4132e-06	3.3098e-07
0.23768	1.7902e-06	3.2903e-07
0.23798	2.7873e-06	3.2823e-07
0.23828	2.1209e-06	3.2822e-07
0.23857	2.9404e-06	3.3219e-07
0.23887	2.3165e-06	3.3026e-07
0.23917	2.4394e-06	3.3402e-07
0.23947	2.2681e-06	3.3083e-07
0.23977	2.7228e-06	3.2776e-07
0.24007	2.739e-06	3.2802e-07
0.24037	1.8643e-06	3.235e-07
0.24067	2.0319e-06	3.225e-07
0.24097	2.3227e-06	3.297e-07
0.24127	2.8612e-06	3.2556e-07
0.24157	2.2053e-06	3.264e-07
0.24187	1.6281e-06	3.2598e-07
0.24217	2.0365e-06	3.2771e-07
0.24247	1.4322e-06	3.2784e-07
0.24277	2.7648e-06	3.2571e-07
0.24307	2.5462e-06	3.2594e-07
0.24336	1.5254e-06	3.23e-07
0.24366	6.7461e-07	3.2777e-07
0.24396	1.9653e-06	3.2581e-07
0.24426	1.1936e-06	3.2556e-07
0.24456	2.3104e-06	3.2522e-07
0.24486	1.9541e-06	3.2456e-07
0.24516	1.3852e-06	3.2713e-07
0.24546	1.5941e-06	3.2519e-07
0.24576	1.8401e-06	3.2548e-07
0.24606	1.5161e-06	3.2709e-07
0.24636	1.1897e-06	3.2614e-07
0.24666	8.4439e-07	3.2746e-07
0.24696	1.9561e-06	3.2395e-07
0.24726	3.0062e-06	3.2547e-07
0.24756	1.3223e-06	3.2527e-07
0.24785	2.8422e-06	3.2262e-07
0.24815	2.4785e-06	3.237e-07
0.24845	1.5513e-06	3.2183e-07
0.24875	1.8554e-06	3.2657e-07
0.24905	1.6705e-06	3.2317e-07
0.24935	1.904e-06	3.2469e-07
0.24965	1.4315e-06	3.2871e-07
0.24995	1.8162e-06	3.2413e-07
0.25025	2.9633e-06	3.2608e-07
0.25055	1.8528e-06	3.2361e-07
0.25085	2.0738e-06	3.2276e-07
0.25115	1.0693e-06	3.2509e-07
0.25145	1.113e-06	3.2058e-07
0.25175	1.5672e-06	3.2365e-07
0.25205	2.184e-06	3.2196e-07
0.25234	2.0659e-06	3.2244e-07
0.25264	1.9718e-06	3.1771e-07
0.25294	2.7025e-06	3.1776e-07
0.25324	1.8762e-06	3.1758e-07
0.25354	2.1335e-06	3.2005e-07
0.25384	9.9388e-07	3.2122e-07
0.25414	1.2305e-06	3.1968e-07
0.25444	1.0034e-06	3.205e-07
0.25474	2.2621e-06	3.1909e-07
0.25504	1.6821e-06	3.2335e-07
0.25534	2.909e-06	3.2203e-07
0.25564	1.5269e-06	3.1733e-07
0.25594	2.1242e-06	3.1989e-07
0.25624	2.4833e-06	3.163e-07
0.25653	1.7705e-06	3.2094e-07
0.25683	1.5347e-06	3.1833e-07
0.25713	1.3817e-06	3.1611e-07
0.25743	1.3565e-06	3.2151e-07
0.25773	1.5011e-06	3.1687e-07
0.25803	7.8753e-07	3.1915e-07
0.25833	1.6401e-06	3.1548e-07
0.25863	2.5275e-06	3.1821e-07
0.25893	1.2154e-06	3.2025e-07
0.25923	1.8974e-06	3.1802e-07
0.25953	8.1821e-07	3.2059e-07
0.25983	1.321e-06	3.1774e-07
0.26013	1.188e-06	3.1781e-07
0.26043	1.6547e-06	3.1789e-07
0.26072	1.7272e-06	3.1521e-07
0.26102	9.4132e-07	3.1698e-07
0.26132	2.3328e-06	3.1552e-07
0.26162	2.0615e-06	3.196e-07
0.26192	1.9043e-06	3.1892e-07
0.26222	2.2339e-06	3.1441e-07
0.26252	2.36e-06	3.1741e-07
0.26282	2.434e-06	3.1472e-07
0.26312	2.2795e-06	3.1568e-07
0.26342	2.6557e-06	3.1405e-07
0.26372	2.2659e-06	3.1608e-07
0.26402	1.7623e-06	3.1901e-07
0.26432	2.3257e-06	3.1617e-07
0.26462	1.9483e-06	3.1662e-07
0.26491	2.1079e-06	3.1565e-07
0.26521	2.0181e-06	3.1664e-07
0.26551	1.9702e-06	3.1398e-07
0.26581	1.9427e-06	3.1328e-07
0.26611	8.6728e-07	3.1467e-07
0.26641	8.008e-07	3.1625e-07
0.26671	2.2586e-06	3.1438e-07
0.26701	2.1879e-06	3.1235e-07
0.26731	2.6411e-06	3.1266e-07
0.26761	1.9149e-06	3.1749e-07
0.26791	1.708e-06	3.1201e-07
0.26821	2.1553e-06	3.1433e-07
0.26851	9.7541e-07	3.1146e-07
0.2688	1.4506e-06	3.1006e-07
0.2691	1.8865e-06	3.1189e-07
0.2694	1.447e-06	3.0761e-07
0.2697	1.1837e-06	3.1872e-07
0.27	1.2508e-06	3.2535e-07
0.2703	1.6201e-06	3.2933e-07
0.2706	2.5804e-07	3.2973e-07
0.2709	1.6562e-06	3.2562e-07
0.2712	2.8969e-06	3.3726e-07
0.2715	1.2623e-06	3.4306e-07
0.2718	2.2397e-06	3.4919e-07
0.2721	1.9431e-06	3.519e-07
0.2724	1.791e-06	3.5333e-07
0.27269	1.2584e-06	3.5767e-07
0.27299	2.1676e-06	3.6306e-07
0.27329	2.1593e-06	3.693e-07
0.27359	1.1317e-06	3.6707e-07
0.27389	1.9315e-06	3.743e-07
0.27419	1.1173e-06	3.7568e-07
0.27449	3.1508e-06	3.8004e-07
0.27479	1.5823e-06	3.7988e-07
0.27509	1.6529e-06	3.8422e-07
0.27539	1.2661e-06	3.8679e-07
0.27569	1.436e-06	3.8913e-07
0.27599	1.6848e-06	3.8802e-07
0.27628	1.3791e-06	3.8952e-07
0.27658	1.6192e-06	3.9229e-07
0.27688	1.9011e-06	3.9181e-07
0.27718	1.7608e-06	3.9213e-07
0.27748	1.1531e-06	3.9711e-07
0.27778	7.0886e-07	3.9916e-07
0.27808	1.4433e-06	3.9148e-07
0.27838	1.4891e-06	4.02e-07
0.27868	2.1734e-06	3.9473e-07
0.27898	2.3769e-06	4.0264e-07
0.27928	1.8139e-06	4.0371e-07
0.27958	6.0966e-07	4.0263e-07
0.27987	1.4765e-06	4.0769e-07
0.28017	5.544e-07	4.0759e-07
0.28047	2.0047e-06	4.0829e-07
0.28077	1.7679e-06	4.135e-07
0.28107	1.5878e-06	4.1098e-07
0.28137	3.0423e-06	4.1333e-07
0.28167	1.1105e-06	4.1331e-07
0.28197	1.1772e-06	4.1669e-07
0.28227	2.1027e-06	4.1567e-07
0.28257	1.5674e-06	4.1666e-07
0.28287	7.2548e-07	4.2014e-07
0.28317	1.5278e-06	4.1731e-07
0.28346	1.3489e-06	4.2052e-07
0.28376	1.4968e-06	4.1726e-07
0.28406	1.9355e-09	4.2459e-07
0.28436	1.6871e-06	4.1833e-07
0.28466	1.1098e-06	4.2945e-07
0.28496	1.4434e-06	4.2594e-07
0.28526	7.3757e-07	4.2277e-07
0.28556	2.1561e-06	4.385e-07
0.28586	5.9924e-07	4.2861e-07
0.28616	1.6713e-06	4.3061e-07
0.28646	2.6898e-06	4.3148e-07
0.28676	1.9204e-06	4.3563e-07
0.28705	9.0276e-07	4.4195e-07
0.28735	9.1012e-07	4.2822e-07
0.28765	2.1461e-06	4.4485e-07
0.28795	2.0192e-06	4.3504e-07
0.28825	1.5657e-06	4.4205e-07
0.28855	1.6365e-06	4.4451e-07
0.28885	1.0123e-06	4.3324e-07
0.28915	9.5987e-07	4.4743e-07
0.28945	2.3603e-06	4.4628e-07
0.28975	1.2897e-06	4.4653e-07
0.29005	1.7281e-06	4.5046e-07
0.29035	1.2905e-06	4.4154e-07
0.29064	1.0753e-07	4.596e-07
0.29094	5.0878e-07	4.522e-07
0.29124	4.1032e-07	4.5271e-07
0.29154	2.1592e-07	4.5562e-07
0.29184	5.142e-07	4.5779e-07
0.29214	2.3585e-06	4.6694e-07
0.29244	1.0977e-06	4.555e-07
0.29274	1.2561e-06	4.5113e-07
0.29304	1.059e-06	4.605e-07
0.29334	9.9645e-07	4.6024e-07
0.29364	1.0367e-06	4.6432e-07
0.29393	1.5834e-06	4.5795e-07
0.29423	4.5556e-07	4.633e-07
0.29453	1.0088e-06	4.7323e-07
0.29483	4.1219e-07	4.6642e-07
0.29513	2.5865e-06	4.6831e-07
0.29543	1.4326e-06	4.7183e-07
0.29573	4.8183e-07	4.6886e-07
0.29603	2.3716e-06	4.7473e-07
0.29633	1.1176e-06	4.7049e-07
0.29663	1.6777e-06	5.8674e-07
0.29693	2.2988e-06	4.6889e-07
0.29722	1.9877e-06	4.7702e-07
0.29752	9.5168e-07	4.7861e-07
0.29782	5.7872e-07	4.6807e-07
0.29812	2.7931e-06	4.7654e-07
0.29842	1.3472e-06	4.7935e-07
0.29872	2.3377e-06	4.8342e-07
0.29902	1.4412e-06	4.8079e-07
0.29932	8.1464e-07	4.7977e-07
0.29962	1.9084e-06	4.87e-07
0.29992	1.5327e-06	4.925e-07
0.30022	2.4407e-06	4.8146e-07
0.30051	1.2277e-06	4.8901e-07
0.30081	3.3055e-07	4.9467e-07
0.30111	-5.1702e-07	4.8611e-07
0.30141	2.3158e-06	4.9105e-07
0.30171	1.3011e-06	4.9186e-07
0.30201	-5.8705e-07	5.0436e-07
0.30231	2.0002e-06	5.0328e-07
0.30261	7.2992e-07	4.8667e-07
0.30291	3.6377e-07	5.0335e-07
0.30321	1.583e-06	5.0152e-07
0.3035	5.9897e-07	5.0261e-07
0.3038	2.3425e-07	5.0653e-07
0.3041	8.0621e-07	5.0246e-07
0.3044	9.5528e-07	5.1594e-07
0.3047	1.3971e-06	4.9815e-07
0.305	-1.8706e-07	5.1169e-07
0.3053	2.6776e-06	5.0939e-07
0.3056	9.4637e-07	5.1323e-07
0.3059	2.3271e-06	5.2181e-07
0.3062	2.1927e-06	5.0663e-07
0.3065	1.4043e-06	5.2096e-07
0.30679	2.5937e-06	5.0946e-07
0.30709	3.0311e-06	5.1811e-07
0.30739	1.8591e-06	5.2712e-07
0.30769	2.4753e-06	5.0454e-07
0.30799	1.1286e-06	5.1764e-07
0.30829	1.3308e-06	5.1231e-07
0.30859	1.0497e-06	5.2038e-07
0.30889	1.2907e-06	5.272e-07
0.30919	2.7265e-06	5.1636e-07
0.30949	1.3477e-06	5.203e-07
0.30978	1.2566e-06	5.1599e-07
0.31008	1.548e-06	5.268e-07
0.31038	-9.8312e-07	5.2707e-07
0.31068	5.7875e-07	5.3747e-07
0.31098	1.2772e-06	5.3237e-07
0.31128	1.7301e-06	5.2734e-07
0.31158	1.277e-06	5.4386e-07
0.31188	5.2775e-07	5.28e-07
0.31218	9.9582e-07	5.4847e-07
0.31248	2.2867e-06	5.3739e-07
0.31277	8.5625e-07	1.2645e-06
0.31307	1.7784e-06	5.4205e-07
0.31337	-2.7781e-07	5.3643e-07
0.31367	-4.4074e-07	5.5092e-07
0.31397	4.2317e-07	5.3338e-07
0.31427	6.9804e-07	5.5727e-07
0.31457	1.295e-06	5.5032e-07
0.31487	2.5112e-06	5.4111e-07
0.31517	1.9811e-06	5.6054e-07
0.31547	1.5124e-06	5.4418e-07
0.31576	1.7154e-06	5.5892e-07
0.31606	2.2993e-06	5.516e-07
0.31636	1.5276e-06	5.4742e-07
0.31666	2.417e-06	5.7041e-07
0.31696	7.9758e-07	5.5349e-07
0.31726	1.0839e-06	5.7032e-07
0.31756	-1.0255e-06	5.6182e-07
0.31786	2.2209e-08	5.6276e-07
0.31816	5.0421e-08	5.7465e-07
0.31846	1.1547e-06	5.4918e-07
0.31875	1.5131e-06	5.7821e-07
0.31905	1.283e-06	5.6603e-07
0.31935	6.4133e-07	5.7192e-07
0.31965	1.4114e-07	5.9373e-07
0.31995	1.0913e-06	5.6159e-07
0.32025	7.6672e-08	5.9598e-07
0.32055	2.6011e-06	5.809e-07
0.32085	1.5973e-06	5.7794e-07
0.32115	1.9505e-06	5.8217e-07
0.32144	2.037e-06	5.803e-07
0.32174	2.2214e-06	5.9193e-07
0.32204	1.2676e-07	5.8325e-07
0.32234	1.0965e-06	5.9567e-07
0.32264	3.8692e-07	5.89e-07
0.32294	2.377e-06	5.915e-07
0.32324	1.8306e-06	6.0779e-07
0.32354	-3.8647e-08	5.9296e-07
0.32384	1.8502e-06	6.0451e-07
0.32414	6.7662e-07	6.0267e-07
0.32443	2.3156e-07	6.1016e-07
0.32473	3.0594e-06	6.1214e-07
0.32503	1.7932e-07	6.1036e-07
0.32533	-3.6816e-07	6.1772e-07
0.32563	4.8606e-07	6.123e-07
0.32593	3.0249e-06	6.1562e-07
0.32623	3.3034e-06	6.1434e-07
0.32653	1.5974e-06	6.2206e-07
0.32683	3.3227e-06	6.2156e-07
0.32712	1.534e-06	6.2652e-07
0.32742	6.9058e-07	6.3976e-07
0.32772	8.2218e-07	6.2937e-07
0.32802	4.2474e-07	6.3599e-07
0.32832	1.5565e-06	6.443e-07
0.32862	7.2878e-07	6.2532e-07
0.32892	2.7201e-06	6.2992e-07
0.32922	9.0789e-07	6.2768e-07
0.32952	-7.7724e-07	6.5367e-07
0.32981	4.3128e-07	6.4396e-07
0.33011	7.583e-07	6.5353e-07
0.33041	1.0997e-06	6.6155e-07
0.33071	2.5319e-06	6.3742e-07
0.33101	6.1643e-07	6.6512e-07
0.33131	9.6944e-07	6.5224e-07
0.33161	-6.6687e-07	6.6111e-07
0.33191	2.2532e-06	6.7264e-07
0.33221	-1.1743e-06	6.6097e-07
0.3325	8.6203e-07	6.7444e-07
0.3328	2.2051e-06	6.5474e-07
0.3331	3.3838e-06	6.6703e-07
0.3334	-4.7878e-07	6.7559e-07
0.3337	3.8492e-07	6.7347e-07
0.334	2.1103e-06	6.7781e-07
0.3343	1.5889e-06	6.6639e-07
0.3346	4.8872e-06	6.7721e-07
0.3349	1.3992e-06	6.8225e-07
0.33519	1.7545e-06	6.8082e-07
0.33549	1.5747e-06	6.9786e-07
0.33579	1.4262e-06	6.8921e-07
0.33609	-1.8172e-06	7.027e-07
0.33639	-2.9564e-07	6.9536e-07
0.33669	1.2712e-06	7.0316e-07
0.33699	-1.1741e-06	7.0181e-07
0.33729	1.078e-06	7.0266e-07
0.33759	1.8224e-06	7.2688e-07
0.33788	1.7329e-06	6.9008e-07
0.33818	1.0326e-07	7.2309e-07
0.33848	2.4011e-06	6.9956e-07
0.33878	4.4218e-07	7.2148e-07
0.33908	-7.6381e-07	7.4922e-07
0.33938	1.4722e-06	7.1188e-07
0.33968	2.777e-06	7.3206e-07
0.33998	-6.7286e-07	7.2565e-07
0.34028	-1.0291e-06	7.4458e-07
0.34057	2.656e-06	7.4671e-07
0.34087	9.5639e-07	7.1624e-07
0.34117	1.8486e-06	7.5765e-07
0.34147	2.4563e-06	7.1664e-07
0.34177	1.7932e-06	7.382e-07
0.34207	5.3924e-07	7.2786e-07
0.34237	4.2734e-07	7.2425e-07
0.34267	1.2878e-07	7.4972e-07
0.34296	2.6113e-06	7.0945e-07
0.34326	7.5371e-07	7.5099e-07
0.34356	6.0847e-07	7.2894e-07
0.34386	-3.6322e-07	7.4075e-07
0.34416	1.7659e-06	7.7784e-07
0.34446	3.382e-06	7.2889e-07
0.34476	5.6798e-07	7.6394e-07
0.34506	2.1968e-06	7.5435e-07
0.34536	1.2782e-06	7.7473e-07
0.34565	1.8124e-06	7.8742e-07
0.34595	1.1669e-06	7.6167e-07
0.34625	1.4455e-06	7.8425e-07
0.34655	6.7635e-07	7.4599e-07
0.34685	-1.1105e-07	7.8589e-07
0.34715	2.5298e-06	7.7436e-07
0.34745	1.7044e-06	7.6865e-07
0.34775	2.9152e-06	8.0202e-07
0.34804	8.3742e-07	7.8619e-07
0.34834	-5.8896e-07	8.002e-07
0.34864	5.2755e-07	7.8449e-07
0.34894	6.615e-07	7.8535e-07
0.34924	6.3804e-07	8.1594e-07
0.34954	2.6303e-06	7.6755e-07
0.34984	1.9039e-06	8.4639e-07
0.35014	2.1915e-06	7.8722e-07
0.35043	1.3364e-06	8.3791e-07
0.35073	1.4214e-06	8.2683e-07
0.35103	2.2872e-06	8.5271e-07
0.35133	1.3974e-06	8.5284e-07
0.35163	3.3498e-07	8.0023e-07
0.35193	1.3317e-06	8.6052e-07
0.35223	1.0689e-06	8.4433e-07
0.35253	2.8816e-06	8.4632e-07
0.35282	-3.7833e-07	8.8246e-07
0.35312	2.5997e-06	8.2152e-07
0.35342	-1.5983e-06	8.7148e-07
0.35372	1.5796e-06	8.2218e-07
0.35402	3.3735e-06	8.788e-07
0.35432	3.0622e-06	8.7468e-07
0.35462	2.6449e-06	8.8672e-07
0.35492	8.7119e-07	8.9616e-07
0.35521	1.6429e-06	8.6118e-07
0.35551	9.5878e-07	8.9778e-07
0.35581	5.2191e-07	8.9933e-07
0.35611	1.1914e-06	9.0154e-07
0.35641	-1.8656e-06	9.4808e-07
0.35671	2.1786e-06	8.8392e-07
0.35701	1.6569e-06	9.3648e-07
0.35731	3.1644e-06	9.0286e-07
0.3576	2.1439e-06	9.4521e-07
0.3579	1.5153e-06	9.6545e-07
0.3582	4.0157e-06	8.9666e-07
0.3585	-2.7977e-06	1.0294e-06
0.3588	1.2634e-06	9.5175e-07
0.3591	1.6197e-06	1.0105e-06
0.3594	4.7731e-06	9.4119e-07
0.3597	3.8767e-07	9.8021e-07
0.35999	-4.2884e-07	1.0584e-06
0.36029	4.6989e-06	9.4521e-07
0.36059	-4.6144e-07	1.0188e-06
0.36089	2.8105e-06	9.8649e-07
0.36119	4.0995e-06	1.0164e-06
0.36149	1.3898e-06	1.0928e-06
0.36179	4.5468e-08	9.6159e-07
0.36209	3.621e-06	1.0498e-06
0.36238	3.8032e-06	9.9963e-07
0.36268	7.5625e-08	1.0921e-06
0.36298	4.9272e-07	1.044e-06
0.36328	-2.232e-06	1.0771e-06
0.36358	2.585e-06	1.1131e-06
0.36388	2.2361e-06	1.0495e-06
0.36418	6.1651e-07	1.1639e-06
0.36447	2.4525e-06	1.0565e-06
0.36477	-5.0401e-07	1.1643e-06
0.36507	1.3017e-06	1.1552e-06
0.36537	9.763e-07	1.0781e-06
0.36567	3.6111e-07	1.2023e-06
0.36597	-2.4852e-06	1.1517e-06
0.36627	6.6531e-06	1.1917e-06
0.36657	-1.1823e-06	1.2162e-06
0.36686	6.4287e-07	1.1545e-06
0.36716	-3.0663e-06	1.2929e-06
0.36746	1.5554e-06	1.1646e-06
0.36776	1.054e-06	1.2776e-06
0.36806	1.8346e-06	1.2281e-06
0.36836	7.9e-06	1.2667e-06
0.36866	1.2281e-06	1.2995e-06
0.36895	2.1972e-06	1.1873e-06
0.36925	2.1408e-06	1.3737e-06
0.36955	4.8452e-07	1.2665e-06
0.36985	3.2659e-06	1.3533e-06
0.37015	1.7272e-07	1.4673e-06
0.37045	3.764e-06	1.2868e-06
0.37075	2.4239e-06	1.4535e-06
0.37105	1.1464e-06	1.335e-06
0.37134	4.1037e-07	1.458e-06
0.37164	1.5748e-08	1.4885e-06
0.37194	-5.6796e-06	1.4011e-06
0.37224	-4.9794e-06	1.7598e-06
0.37254	4.4174e-06	1.391e-06
0.37284	-6.4979e-06	1.6563e-06
0.37314	3.3021e-06	1.4854e-06
0.37343	4.3424e-06	1.589e-06
0.37373	4.1478e-06	1.8734e-06
0.37403	8.3869e-06	1.3978e-06
0.37433	5.0235e-06	1.9103e-06
0.37463	1.6296e-06	1.5391e-06
0.37493	3.3968e-06	1.9211e-06
0.37523	2.2222e-06	1.8015e-06
0.37552	1.0795e-06	1.6725e-06
