5.69791235E-03  5.22186449E-04  1.58824521E-04
5.99780226E-03  5.29278044E-04  1.35725026E-04
6.29769214E-03  5.04282500E-04  8.69561916E-05
6.59758198E-03  5.17971841E-04  6.32636855E-05
6.89747179E-03  5.06338781E-04  5.74260885E-05
7.19736156E-03  5.28557223E-04  4.55800449E-05
7.49725129E-03  5.24362079E-04  4.03803057E-05
7.79714098E-03  5.10558418E-04  3.39536866E-05
8.09703062E-03  5.38248771E-04  2.89324632E-05
8.39692022E-03  5.14949952E-04  2.49159856E-05
8.69680978E-03  5.13651050E-04  2.23167844E-05
8.99669929E-03  5.28534708E-04  2.02369244E-05
9.29658875E-03  5.04608368E-04  1.70440501E-05
9.59647816E-03  5.13031886E-04  1.51550773E-05
9.89636751E-03  5.24958374E-04  1.38462412E-05
1.01962568E-02  5.23577982E-04  1.32261810E-05
1.04961461E-02  5.28476858E-04  1.24538827E-05
1.07960352E-02  5.21853857E-04  1.17247013E-05
1.10959244E-02  5.17538350E-04  1.06855065E-05
1.13958134E-02  5.09170903E-04  9.30083700E-06
1.16957025E-02  5.11784874E-04  8.81326251E-06
1.19955914E-02  5.08515238E-04  8.39040340E-06
1.22954803E-02  5.08171587E-04  7.73353216E-06
1.25953691E-02  5.01911032E-04  7.76263986E-06
1.28952578E-02  5.03700033E-04  7.29484419E-06
1.31951465E-02  5.01105995E-04  7.08043581E-06
1.34950351E-02  5.13572748E-04  6.36052989E-06
1.37949236E-02  4.99054017E-04  6.32784347E-06
1.40948121E-02  4.93139773E-04  6.16960284E-06
1.43947004E-02  4.95971683E-04  5.71932433E-06
1.46945887E-02  4.97314365E-04  5.43989984E-06
1.49944769E-02  4.94596321E-04  5.70718069E-06
1.52943651E-02  4.87212938E-04  5.74096116E-06
1.55942531E-02  4.86760083E-04  5.39632541E-06
1.58941411E-02  4.77940506E-04  5.43747685E-06
1.61940289E-02  4.80682923E-04  5.41791362E-06
1.64939167E-02  4.75507169E-04  5.37941713E-06
1.67938044E-02  4.72002013E-04  5.09482556E-06
1.70936920E-02  4.75405585E-04  5.06310387E-06
1.73935795E-02  4.69553299E-04  5.08298162E-06
1.76934670E-02  4.71538371E-04  4.86293906E-06
1.79933543E-02  4.64429251E-04  4.85352199E-06
1.82932415E-02  4.71881847E-04  4.61427247E-06
1.85931286E-02  4.63176396E-04  4.71866360E-06
1.88930156E-02  4.56942458E-04  4.58583528E-06
1.91929025E-02  4.52923141E-04  4.70206536E-06
1.94927894E-02  4.59305778E-04  4.48577095E-06
1.97926761E-02  4.41589754E-04  4.35453878E-06
2.00925627E-02  4.42199291E-04  4.45251973E-06
2.03924491E-02  4.46236725E-04  4.30497227E-06
2.06923355E-02  4.42368701E-04  4.21417771E-06
2.09922218E-02  4.39045589E-04  4.03037509E-06
2.12921079E-02  4.36802078E-04  3.89431112E-06
2.15919939E-02  4.26691207E-04  3.77491657E-06
2.18918798E-02  4.28481342E-04  3.76040001E-06
2.21917656E-02  4.26897562E-04  3.73500608E-06
2.24916513E-02  4.23423780E-04  3.65776743E-06
2.27915369E-02  4.15005127E-04  3.55369190E-06
2.30914223E-02  4.20067185E-04  3.64968691E-06
2.33913076E-02  4.08435146E-04  3.71114565E-06
2.36911927E-02  4.04218800E-04  3.61292206E-06
2.39910778E-02  4.11538818E-04  3.67250471E-06
2.42909627E-02  4.07664437E-04  3.61991848E-06
2.45908475E-02  4.01236585E-04  3.53695075E-06
2.48907321E-02  4.01123810E-04  3.50726561E-06
2.51906166E-02  3.94703912E-04  3.51164071E-06
2.54905010E-02  3.93128404E-04  3.66314591E-06
2.57903852E-02  3.92664222E-04  3.51875194E-06
2.60902693E-02  3.91183064E-04  3.46514460E-06
2.63901532E-02  3.84327771E-04  3.47396021E-06
2.66900370E-02  3.83236124E-04  3.48307837E-06
2.69899207E-02  3.81984256E-04  3.49856321E-06
2.72898042E-02  3.79659466E-04  3.32786275E-06
2.75896875E-02  3.70724117E-04  3.42564709E-06
2.78895707E-02  3.77376207E-04  3.30234230E-06
2.81894538E-02  3.69062855E-04  3.32448102E-06
2.84893367E-02  3.66116411E-04  3.13376198E-06
2.87892194E-02  3.67407607E-04  3.14812920E-06
2.90891020E-02  3.61806221E-04  3.11105488E-06
2.93889844E-02  3.61756466E-04  3.06078853E-06
2.96888667E-02  3.59224095E-04  3.02134974E-06
2.99887488E-02  3.54762198E-04  3.03705899E-06
3.02886307E-02  3.53804814E-04  2.96989491E-06
3.05885125E-02  3.48231203E-04  2.96480960E-06
3.08883941E-02  3.40388961E-04  2.98577226E-06
3.11882755E-02  3.34036413E-04  2.86571729E-06
3.14881568E-02  3.40340413E-04  2.84735120E-06
3.17880379E-02  3.36280101E-04  2.82746775E-06
3.20879188E-02  3.36362840E-04  2.77078760E-06
3.23877995E-02  3.36806719E-04  2.80841122E-06
3.26876801E-02  3.26546826E-04  2.72637683E-06
3.29875605E-02  3.21713332E-04  2.75771796E-06
3.32874407E-02  3.17299839E-04  2.70679903E-06
3.35873207E-02  3.21427437E-04  2.77185647E-06
3.38872005E-02  3.17930098E-04  2.74235796E-06
3.41870802E-02  3.10713624E-04  2.70370260E-06
3.44869597E-02  3.09191798E-04  2.70724457E-06
3.47868389E-02  3.07686573E-04  2.67392023E-06
3.50867180E-02  3.07325313E-04  2.69255740E-06
3.53865969E-02  3.05206612E-04  2.64958529E-06
3.56864756E-02  2.96402430E-04  2.60289106E-06
3.59863541E-02  2.94675444E-04  2.64498191E-06
3.62862324E-02  2.91181127E-04  2.60579421E-06
3.65861105E-02  2.82598925E-04  4.07364929E-06
3.68859885E-02  2.87104476E-04  2.59977711E-06
3.71858662E-02  2.90942204E-04  2.57562195E-06
3.74857437E-02  2.84565899E-04  2.56152658E-06
3.77856210E-02  2.80566653E-04  2.52854607E-06
3.80854981E-02  2.81410508E-04  2.53111108E-06
3.83853750E-02  2.76195231E-04  2.47004414E-06
3.86852516E-02  2.71611829E-04  2.43299004E-06
3.89851281E-02  2.72807878E-04  2.46643423E-06
3.92850043E-02  2.68804902E-04  2.46437448E-06
3.95848804E-02  2.66156271E-04  2.48550632E-06
3.98847562E-02  2.65356005E-04  2.44867393E-06
4.01846318E-02  2.60156594E-04  2.45540660E-06
4.04845072E-02  2.56855880E-04  2.44973944E-06
4.07843823E-02  2.55415493E-04  2.42767335E-06
4.10842573E-02  2.53150047E-04  2.42312716E-06
4.13841320E-02  2.54481319E-04  2.40562642E-06
4.16840065E-02  2.50542188E-04  2.37926695E-06
4.19838807E-02  2.48503948E-04  2.35808669E-06
4.22837548E-02  2.48933973E-04  2.40325064E-06
4.25836286E-02  2.43926627E-04  2.35088693E-06
4.28835021E-02  2.37565565E-04  2.37162726E-06
4.31833754E-02  2.39781915E-04  2.42680551E-06
4.34832485E-02  2.32723875E-04  2.42022679E-06
4.37831214E-02  2.30875157E-04  2.46248370E-06
4.40829940E-02  2.28504985E-04  2.39709543E-06
4.43828664E-02  2.28273243E-04  2.46721449E-06
4.46827385E-02  2.22144189E-04  2.53294597E-06
4.49826104E-02  2.25164273E-04  2.46521405E-06
4.52824820E-02  2.20803547E-04  2.50437133E-06
4.55823534E-02  2.17212503E-04  2.44857686E-06
4.58822246E-02  2.17847096E-04  2.47816762E-06
4.61820955E-02  2.14356547E-04  2.46835592E-06
4.64819661E-02  2.13031403E-04  2.43583805E-06
4.67818365E-02  2.13202782E-04  2.50757165E-06
4.70817066E-02  2.08929606E-04  2.48445620E-06
4.73815765E-02  2.09507970E-04  2.46528330E-06
4.76814461E-02  2.04558714E-04  2.53430780E-06
4.79813155E-02  1.97090804E-04  2.46636047E-06
4.82811845E-02  1.94646533E-04  2.49970037E-06
4.85810534E-02  1.93946983E-04  2.46027741E-06
4.88809219E-02  1.92056816E-04  2.42750332E-06
4.91807902E-02  1.98269691E-04  2.55879188E-06
4.94806582E-02  1.91585177E-04  2.46936040E-06
4.97805260E-02  1.88972990E-04  2.48865308E-06
5.00803935E-02  1.87755448E-04  2.33605472E-06
5.03802607E-02  1.84565495E-04  2.37261931E-06
5.06801276E-02  1.81551889E-04  2.37622054E-06
5.09799943E-02  1.79246509E-04  2.45192712E-06
5.12798606E-02  1.78502444E-04  2.39159576E-06
5.15797267E-02  1.80234486E-04  2.34895260E-06
5.18795925E-02  1.76818842E-04  2.35435498E-06
5.21794581E-02  1.76922384E-04  2.35540712E-06
5.24793233E-02  1.73046113E-04  2.37711098E-06
5.27791883E-02  1.71149966E-04  2.33098640E-06
5.30790529E-02  1.71651183E-04  2.33575088E-06
5.33789173E-02  1.68135706E-04  2.40703779E-06
5.36787814E-02  1.70338915E-04  2.41554457E-06
5.39786452E-02  1.63870677E-04  2.32257255E-06
5.42785087E-02  1.61456423E-04  2.30949805E-06
5.45783719E-02  1.57676467E-04  2.36772822E-06
5.48782348E-02  1.59360854E-04  2.34098384E-06
5.51780974E-02  1.58007729E-04  2.29283962E-06
5.54779597E-02  1.57211024E-04  2.31848115E-06
5.57778217E-02  1.56693142E-04  2.30573118E-06
5.60776833E-02  1.54193143E-04  2.33726024E-06
5.63775447E-02  1.50688083E-04  2.32991150E-06
5.66774058E-02  1.49417097E-04  2.28733456E-06
5.69772666E-02  1.55784447E-04  2.26603875E-06
5.72771270E-02  1.47827703E-04  2.29005884E-06
5.75769871E-02  1.43325725E-04  2.33259152E-06
5.78768470E-02  1.45215364E-04  2.27967147E-06
5.81767065E-02  1.43336299E-04  2.26113344E-06
5.84765657E-02  1.40580530E-04  2.27831761E-06
5.87764245E-02  1.39145165E-04  2.27965919E-06
5.90762831E-02  1.38604074E-04  2.30817614E-06
5.93761413E-02  1.33360975E-04  2.26215485E-06
5.96759992E-02  1.35301579E-04  2.30012568E-06
5.99758568E-02  1.36504472E-04  2.25806259E-06
6.02757140E-02  1.30807172E-04  2.22306653E-06
6.05755709E-02  1.29890054E-04  2.21992937E-06
6.08754275E-02  1.29073883E-04  2.27245585E-06
6.11752838E-02  1.29338548E-04  2.27035522E-06
6.14751397E-02  1.26839925E-04  2.20440235E-06
6.17749953E-02  1.26696862E-04  2.23391435E-06
6.20748505E-02  1.22175376E-04  2.20987190E-06
6.23747054E-02  1.21500996E-04  2.16172399E-06
6.26745600E-02  1.26239980E-04  2.24142611E-06
6.29744142E-02  1.23628469E-04  2.21485756E-06
6.32742680E-02  1.18925349E-04  2.15273295E-06
6.35741216E-02  1.20962985E-04  2.17216148E-06
6.38739747E-02  1.16080834E-04  2.20404106E-06
6.41738276E-02  1.16336664E-04  2.10443310E-06
6.44736801E-02  1.14067748E-04  2.18887296E-06
6.47735322E-02  1.11853183E-04  2.12270912E-06
6.50733840E-02  1.12203907E-04  2.14649705E-06
6.53732354E-02  1.09059475E-04  2.08827776E-06
6.56730864E-02  1.13312561E-04  2.20784271E-06
6.59729371E-02  1.06675411E-04  2.12484462E-06
6.62727875E-02  1.10359184E-04  2.12046560E-06
6.65726374E-02  1.10250562E-04  2.16277460E-06
6.68724870E-02  1.07602561E-04  2.15214272E-06
6.71723363E-02  1.07379667E-04  2.13796988E-06
6.74721852E-02  1.06196043E-04  2.13328053E-06
6.77720337E-02  1.04733776E-04  2.04616738E-06
6.80718818E-02  1.00063046E-04  2.06442360E-06
6.83717296E-02  1.06139892E-04  2.08051599E-06
6.86715770E-02  9.96422726E-05  2.13322397E-06
6.89714240E-02  1.03974831E-04  2.06159872E-06
6.92712706E-02  1.02625283E-04  2.06266345E-06
6.95711169E-02  9.81504349E-05  2.01862463E-06
6.98709628E-02  9.91847510E-05  2.06292850E-06
7.01708083E-02  9.59476409E-05  2.04364319E-06
7.04706534E-02  9.92064752E-05  2.10186898E-06
7.07704981E-02  9.66039529E-05  2.09946350E-06
7.10703424E-02  8.90220793E-05  2.05400380E-06
7.13701864E-02  8.90970195E-05  2.11106989E-06
7.16700299E-02  9.21836356E-05  2.01906699E-06
7.19698731E-02  9.05711865E-05  2.03101008E-06
7.22697159E-02  8.79180110E-05  2.01618828E-06
7.25695583E-02  8.73942955E-05  1.99963080E-06
7.28694002E-02  9.08097732E-05  2.05743162E-06
7.31692418E-02  8.72192410E-05  2.02562876E-06
7.34690830E-02  8.36616149E-05  1.98074415E-06
7.37689238E-02  8.15297082E-05  1.97602099E-06
7.40687642E-02  8.64698103E-05  1.99518628E-06
7.43686041E-02  8.31615014E-05  2.09243243E-06
7.46684437E-02  8.23356499E-05  2.05325453E-06
7.49682829E-02  8.34989325E-05  2.01405029E-06
7.52681216E-02  7.98413902E-05  2.16589324E-06
7.55679600E-02  7.94769416E-05  1.87719327E-06
7.58677979E-02  7.85499802E-05  2.05211353E-06
7.61676354E-02  7.59532632E-05  1.97539985E-06
7.64674725E-02  7.93195547E-05  2.03929014E-06
7.67673092E-02  7.59389266E-05  1.97598281E-06
7.70671454E-02  7.86686164E-05  2.03444285E-06
7.73669812E-02  7.99586129E-05  2.04699122E-06
7.76668166E-02  7.52279620E-05  1.93005468E-06
7.79666516E-02  7.63955791E-05  2.08954607E-06
7.82664862E-02  7.35723025E-05  1.96353960E-06
7.85663203E-02  7.53111087E-05  2.01593157E-06
7.88661540E-02  7.27887461E-05  2.10848523E-06
7.91659873E-02  7.43023385E-05  2.09000410E-06
7.94658201E-02  7.23197609E-05  2.12743209E-06
7.97656525E-02  7.44290012E-05  2.09511244E-06
8.00654845E-02  6.90274452E-05  2.11594975E-06
8.03653160E-02  6.76098496E-05  2.10907345E-06
8.06651471E-02  7.01859044E-05  2.11987580E-06
8.09649777E-02  6.69230342E-05  2.32728951E-06
8.12648079E-02  6.81945615E-05  2.32859846E-06
8.15646377E-02  7.09872125E-05  2.22094898E-06
8.18644670E-02  6.68389478E-05  2.25970802E-06
8.21642959E-02  6.86464300E-05  2.28358974E-06
8.24641243E-02  6.68748755E-05  2.22582319E-06
8.27639522E-02  6.65679436E-05  2.19868051E-06
8.30637797E-02  6.01163122E-05  2.09539169E-06
8.33636068E-02  6.36662754E-05  2.21609302E-06
8.36634334E-02  6.13245802E-05  2.20385416E-06
8.39632595E-02  6.44988822E-05  2.30301525E-06
8.42630852E-02  6.59115425E-05  2.06660531E-06
8.45629105E-02  6.30332734E-05  2.07607898E-06
8.48627352E-02  6.34625071E-05  2.14999480E-06
8.51625595E-02  6.13117452E-05  2.16303268E-06
8.54623833E-02  5.65415454E-05  1.95532838E-06
8.57622067E-02  5.93501488E-05  2.03066953E-06
8.60620296E-02  5.80289886E-05  2.02001927E-06
8.63618520E-02  5.79241930E-05  1.95199736E-06
8.66616740E-02  6.18091979E-05  2.00323811E-06
8.69614954E-02  6.10505420E-05  1.95745864E-06
8.72613164E-02  5.90521258E-05  1.88415982E-06
8.75611370E-02  5.48415413E-05  1.86244974E-06
8.78609570E-02  5.53093533E-05  1.89011769E-06
8.81607766E-02  5.60036266E-05  1.95131104E-06
8.84605956E-02  5.75099124E-05  1.95136825E-06
8.87604142E-02  5.62424304E-05  1.91080815E-06
8.90602324E-02  5.64270154E-05  1.89767440E-06
8.93600500E-02  5.41204773E-05  1.96141800E-06
8.96598671E-02  5.63758171E-05  1.94708298E-06
8.99596838E-02  5.46990452E-05  1.82429161E-06
9.02594999E-02  5.20108926E-05  1.84060503E-06
9.05593156E-02  5.13033597E-05  1.80840194E-06
9.08591307E-02  5.19837700E-05  1.91759577E-06
9.11589454E-02  5.15715399E-05  1.89569315E-06
9.14587596E-02  4.96740459E-05  1.92233795E-06
9.17585732E-02  4.95705967E-05  1.83917124E-06
9.20583864E-02  5.23370813E-05  1.87911990E-06
9.23581991E-02  5.04435848E-05  1.93331103E-06
9.26580112E-02  4.64555558E-05  1.87638160E-06
9.29578229E-02  4.68769079E-05  1.77595380E-06
9.32576340E-02  5.15774551E-05  1.93833291E-06
9.35574447E-02  4.71275751E-05  1.76426515E-06
9.38572548E-02  4.61328631E-05  1.89406764E-06
9.41570644E-02  4.69425332E-05  1.84630105E-06
9.44568735E-02  4.63814863E-05  1.97409263E-06
9.47566821E-02  4.67905804E-05  1.81575664E-06
9.50564901E-02  4.64477382E-05  1.93606304E-06
9.53562977E-02  4.57508594E-05  1.81129254E-06
9.56561047E-02  4.73378093E-05  1.84729241E-06
9.59559112E-02  4.48625939E-05  1.91655450E-06
9.62557171E-02  4.33580682E-05  1.79407563E-06
9.65555226E-02  4.51632979E-05  1.79526449E-06
9.68553275E-02  4.81022169E-05  1.81092723E-06
9.71551319E-02  4.11998772E-05  1.86606430E-06
9.74549357E-02  4.67272592E-05  1.84784003E-06
9.77547390E-02  4.08357475E-05  1.75709937E-06
9.80545418E-02  4.38661456E-05  1.81597850E-06
9.83543441E-02  4.43129958E-05  1.82341944E-06
9.86541458E-02  4.51006183E-05  1.73102620E-06
9.89539470E-02  4.17523765E-05  1.82808794E-06
9.92537476E-02  4.26083142E-05  1.83968994E-06
9.95535477E-02  4.27882277E-05  1.85736437E-06
9.98533472E-02  4.13688335E-05  1.96325379E-06
1.00153146E-01  4.33941647E-05  1.78749634E-06
1.00452945E-01  4.06063514E-05  1.81906898E-06
1.00752743E-01  4.14158324E-05  1.85234471E-06
1.01052540E-01  4.35918733E-05  1.79266831E-06
1.01352337E-01  3.90536721E-05  1.69009693E-06
1.01652133E-01  4.15553513E-05  1.85267923E-06
1.01951929E-01  3.94274743E-05  1.84883406E-06
1.02251724E-01  3.84987106E-05  1.63314214E-06
1.02551518E-01  3.72661482E-05  1.75527818E-06
1.02851312E-01  3.91372727E-05  1.66490368E-06
1.03151106E-01  3.60977144E-05  1.83653055E-06
1.03450899E-01  4.03505797E-05  1.92990069E-06
1.03750691E-01  3.51481067E-05  1.76321981E-06
1.04050483E-01  3.77726086E-05  1.82844824E-06
1.04350274E-01  3.70031293E-05  1.74693714E-06
1.04650065E-01  3.45023059E-05  1.68633859E-06
1.04949855E-01  3.70652098E-05  1.76582051E-06
1.05249644E-01  3.41125052E-05  1.72918243E-06
1.05549433E-01  3.70310167E-05  1.69046023E-06
1.05849221E-01  3.39741638E-05  1.74808122E-06
1.06149009E-01  3.32983711E-05  1.77553213E-06
1.06448796E-01  3.76106426E-05  1.78430034E-06
1.06748583E-01  3.31338514E-05  1.93553278E-06
1.07048369E-01  3.75275579E-05  1.69549369E-06
1.07348154E-01  3.59698711E-05  1.66797200E-06
1.07647939E-01  3.75998491E-05  1.68687338E-06
1.07947723E-01  3.60397108E-05  1.73057202E-06
1.08247507E-01  3.14939497E-05  1.62288122E-06
1.08547290E-01  3.35123938E-05  1.65413204E-06
1.08847072E-01  3.42511157E-05  1.77397766E-06
1.09146854E-01  3.55725649E-05  1.88127714E-06
1.09446635E-01  3.74600381E-05  1.79446671E-06
1.09746416E-01  3.34408174E-05  1.76045952E-06
1.10046196E-01  3.12196734E-05  1.75764976E-06
1.10345976E-01  3.41591482E-05  1.58693997E-06
1.10645754E-01  3.16031452E-05  1.80039192E-06
1.10945533E-01  3.29466007E-05  1.66994524E-06
1.11245310E-01  3.27415791E-05  1.72562467E-06
1.11545087E-01  3.00133444E-05  1.53843982E-06
1.11844864E-01  3.20035384E-05  1.75109307E-06
1.12144640E-01  3.02235278E-05  1.75081960E-06
1.12444415E-01  3.07333841E-05  1.69303547E-06
1.12744189E-01  3.08682582E-05  1.80104013E-06
1.13043963E-01  3.07025241E-05  1.66748738E-06
1.13343737E-01  3.14083672E-05  1.63828052E-06
1.13643509E-01  2.82741344E-05  1.62043194E-06
1.13943281E-01  2.91012050E-05  1.72218873E-06
1.14243053E-01  3.20147283E-05  1.79654020E-06
1.14542824E-01  2.80378509E-05  1.70440573E-06
1.14842594E-01  3.44750732E-05  1.68950681E-06
1.15142364E-01  3.33587502E-05  1.73154439E-06
1.15442133E-01  3.11278684E-05  1.73176326E-06
1.15741901E-01  3.01151194E-05  1.88181152E-06
1.16041669E-01  2.72720900E-05  1.66248841E-06
1.16341436E-01  2.85967565E-05  1.49928323E-06
1.16641202E-01  2.73054582E-05  1.63519300E-06
1.16940968E-01  2.92607148E-05  1.82110712E-06
1.17240733E-01  3.21015424E-05  1.70218588E-06
1.17540498E-01  2.90963078E-05  1.74488054E-06
1.17840262E-01  3.00638626E-05  1.93301238E-06
1.18140025E-01  2.78154065E-05  1.81381168E-06
1.18439787E-01  2.85751396E-05  1.74239247E-06
1.18739549E-01  2.79461354E-05  1.56450015E-06
1.19039311E-01  2.75992228E-05  1.80723441E-06
1.19339071E-01  3.01849270E-05  1.63292699E-06
1.19638831E-01  2.57157329E-05  1.66101563E-06
1.19938591E-01  2.82282145E-05  1.50570158E-06
1.20238349E-01  2.61780881E-05  1.59069750E-06
1.20538107E-01  2.53303082E-05  1.59808579E-06
1.20837865E-01  2.58986312E-05  1.51958411E-06
1.21137621E-01  2.83442261E-05  1.74952904E-06
1.21437377E-01  2.43051328E-05  1.70166842E-06
1.21737133E-01  3.00357894E-05  1.55711148E-06
1.22036887E-01  2.75954497E-05  1.65146815E-06
1.22336641E-01  2.66740090E-05  1.56686411E-06
1.22636395E-01  2.45030871E-05  1.78675378E-06
1.22936148E-01  2.90071228E-05  1.67665754E-06
1.23235900E-01  2.98640074E-05  1.64290725E-06
1.23535651E-01  2.64417620E-05  1.90286316E-06
1.23835402E-01  2.69027585E-05  1.55275959E-06
1.24135152E-01  2.47689378E-05  1.64410086E-06
1.24434901E-01  2.40240040E-05  1.80815628E-06
1.24734650E-01  2.61382883E-05  1.76682811E-06
1.25034398E-01  2.73468309E-05  2.24884898E-06
1.25334145E-01  2.33904693E-05  1.69496085E-06
1.25633891E-01  2.63924273E-05  1.70677640E-06
1.25933637E-01  2.63268839E-05  1.79593711E-06
1.26233383E-01  2.18154403E-05  1.55277352E-06
1.26533127E-01  2.41201610E-05  1.55740138E-06
1.26832871E-01  2.66291243E-05  1.66403851E-06
1.27132614E-01  2.23708930E-05  2.03027120E-06
1.27432356E-01  2.28511775E-05  1.70481411E-06
1.27732098E-01  2.17230062E-05  1.73675856E-06
1.28031839E-01  2.47020684E-05  1.87725109E-06
1.28331580E-01  2.74620301E-05  1.75877592E-06
1.28631319E-01  2.13984198E-05  1.59603576E-06
1.28931058E-01  2.60989797E-05  1.61962793E-06
1.29230796E-01  2.45747346E-05  1.57837123E-06
1.29530534E-01  2.53236120E-05  1.84739350E-06
1.29830271E-01  2.23083775E-05  1.60429559E-06
1.30130007E-01  2.19926128E-05  1.63378333E-06
1.30429742E-01  2.16097766E-05  1.73579009E-06
1.30729477E-01  2.16330176E-05  5.68617855E-06
1.31029211E-01  2.27990788E-05  4.79183217E-04
1.31328944E-01  2.41401589E-05  1.53596234E-06
1.31628677E-01  2.41525107E-05  1.60162841E-06
1.31928409E-01  2.03986120E-05  1.62097457E-06
1.32228140E-01  2.32623017E-05  1.68312113E-06
1.32527870E-01  2.44674149E-05  1.54803086E-06
1.32827600E-01  2.35923066E-05  1.89242716E-06
1.33127329E-01  2.05832544E-05  1.67513696E-06
1.33427057E-01  2.02921690E-05  1.94751459E-06
1.33726784E-01  2.23945834E-05  1.72697038E-06
1.34026511E-01  1.89683039E-05  1.78711562E-06
1.34326237E-01  1.94076218E-05  1.57124087E-06
1.34625962E-01  2.28454304E-05  1.78862987E-06
1.34925687E-01  1.82405763E-05  1.39962737E-06
1.35225411E-01  2.18956336E-05  1.57629519E-06
1.35525134E-01  2.16661596E-05  1.72545673E-06
1.35824856E-01  2.18635744E-05  1.64790281E-06
1.36124578E-01  2.16521295E-05  1.73912221E-06
1.36424299E-01  2.26063124E-05  1.53411348E-06
1.36724019E-01  2.18286158E-05  1.67959363E-06
1.37023738E-01  2.02137358E-05  1.69368774E-06
1.37323457E-01  2.04129538E-05  1.54389796E-06
1.37623174E-01  2.19458964E-05  1.86810022E-06
1.37922892E-01  2.22850283E-05  1.79616468E-06
1.38222608E-01  2.23760742E-05  1.62127841E-06
1.38522323E-01  2.07708509E-05  1.64117165E-06
1.38822038E-01  1.95477983E-05  1.50035242E-06
1.39121752E-01  1.87155499E-05  1.76133704E-06
1.39421466E-01  2.20279386E-05  1.43139392E-06
1.39721178E-01  2.14650483E-05  1.47377251E-06
1.40020890E-01  2.12348616E-05  1.96129109E-06
1.40320601E-01  2.09616144E-05  1.56909835E-06
1.40620311E-01  2.18449329E-05  1.53385470E-06
1.40920021E-01  2.12185504E-05  1.62789784E-06
1.41219729E-01  1.72236909E-05  1.53592740E-06
1.41519437E-01  1.82606276E-05  1.44532981E-06
1.41819144E-01  1.97690872E-05  1.53802966E-06
1.42118851E-01  1.90427045E-05  1.72053411E-06
1.42418556E-01  1.92837900E-05  1.74263514E-06
1.42718261E-01  2.30523140E-05  1.64278118E-06
1.43017965E-01  1.88044411E-05  1.61200799E-06
1.43317669E-01  1.79860946E-05  1.57108589E-06
1.43617371E-01  1.72792574E-05  1.57290566E-06
1.43917073E-01  1.90925170E-05  1.72998877E-06
1.44216774E-01  1.84226531E-05  1.53430817E-06
1.44516474E-01  1.98412734E-05  1.82181547E-06
1.44816173E-01  2.06797297E-05  1.70879149E-06
1.45115872E-01  1.85501488E-05  1.48389811E-06
1.45415569E-01  1.61914899E-05  1.80729187E-06
1.45715266E-01  1.92207490E-05  1.63976388E-06
1.46014963E-01  2.07386995E-05  2.08597712E-06
1.46314658E-01  1.81226889E-05  2.07532274E-06
1.46614352E-01  1.86029891E-05  1.91069947E-06
1.46914046E-01  1.78825287E-05  1.73796973E-06
1.47213739E-01  1.59097092E-05  1.61748642E-06
1.47513431E-01  1.75817210E-05  1.76804910E-06
1.47813123E-01  1.70678497E-05  1.85448288E-06
1.48112813E-01  1.69334757E-05  1.36322263E-06
1.48412503E-01  1.74868907E-05  1.74089291E-06
1.48712192E-01  1.98242485E-05  1.60920964E-06
1.49011880E-01  1.84083919E-05  2.15626465E-06
1.49311567E-01  1.66054933E-05  1.69289560E-06
1.49611254E-01  1.76852345E-05  1.55685864E-06
1.49910939E-01  1.57064616E-05  1.48786855E-06
1.50210624E-01  1.54876004E-05  1.91277114E-06
1.50510308E-01  1.58969261E-05  1.53473378E-06
1.50809991E-01  1.49478550E-05  2.03180197E-06
1.51109674E-01  1.67964453E-05  1.46765465E-06
1.51409355E-01  1.56936172E-05  1.87113051E-06
1.51709036E-01  1.46656313E-05  1.59635046E-06
1.52008716E-01  1.48770326E-05  1.59635160E-06
1.52308395E-01  1.79251613E-05  1.44243810E-06
1.52608073E-01  1.70289824E-05  1.56543510E-06
1.52907751E-01  1.66892452E-05  1.44988753E-06
1.53207427E-01  1.80650005E-05  1.59083241E-06
1.53507103E-01  1.60408178E-05  1.56061235E-06
1.53806778E-01  1.67337809E-05  1.76884345E-06
1.54106452E-01  1.64370081E-05  1.41937615E-06
1.54406125E-01  1.78175062E-05  1.77883302E-06
1.54705797E-01  1.90869345E-05  1.60520426E-06
1.55005469E-01  1.72856135E-05  1.47530549E-06
1.55305139E-01  1.57135885E-05  1.59503237E-06
1.55604809E-01  1.74584003E-05  1.64089348E-06
1.55904478E-01  1.33070490E-05  2.19753575E-06
1.56204146E-01  1.65012493E-05  1.38473667E-06
1.56503814E-01  1.42361561E-05  1.56869456E-05
1.56803480E-01  1.70477285E-05  1.92060570E-06
1.57103146E-01  1.65861384E-05  2.65141975E-06
1.57402810E-01  1.19155247E-05  1.84944802E-06
1.57702474E-01  1.68241567E-05  2.53463373E-06
1.58002137E-01  1.10862238E-05  1.31485806E-06
1.58301799E-01  1.86236705E-05  1.76786085E-06
1.58601460E-01  1.67298201E-05  1.37566082E-06
1.58901121E-01  1.26089318E-05  1.56993633E-06
1.59200780E-01  1.54160003E-05  1.77027414E-06
1.59500439E-01  1.41190872E-05  1.16035195E-06
1.59800097E-01  1.56682179E-05  1.46988778E-06
1.60099753E-01  1.44086785E-05  1.66434559E-06
1.60399409E-01  1.54698699E-05  1.39606557E-06
1.60699065E-01  1.52345959E-05  1.34086913E-06
1.60998719E-01  1.31722619E-05  1.82724908E-06
1.61298372E-01  1.53369310E-05  1.60338005E-06
1.61598025E-01  1.40453976E-05  2.05530951E-06
1.61897676E-01  1.47372832E-05  1.76040735E-06
1.62197327E-01  1.26067659E-05  1.58770046E-06
1.62496977E-01  1.68809620E-05  1.78055811E-06
1.62796626E-01  1.48298389E-05  1.28492087E-06
1.63096274E-01  1.32896475E-05  1.52378262E-06
1.63395921E-01  1.30014850E-05  4.73130393E-06
1.63695567E-01  1.52281923E-05  1.76986982E-06
1.63995213E-01  1.47282442E-05  1.58896577E-06
1.64294857E-01  1.32900006E-05  1.58287829E-06
1.64594501E-01  1.25069893E-05  9.14312052E-06
1.64894143E-01  1.24717522E-05  1.93846473E-06
1.65193785E-01  1.29763124E-05  1.37492822E-06
1.65493426E-01  1.48835509E-05  1.35988858E-06
1.65793066E-01  1.31462594E-05  1.13186408E-06
1.66092705E-01  1.48980401E-05  1.62329464E-06
1.66392343E-01  1.32542508E-05  1.41032870E-06
1.66691981E-01  1.26779826E-05  1.36207526E-06
1.66991617E-01  1.35780825E-05  1.48239081E-06
1.67291252E-01  1.23599203E-05  2.10470200E-06
1.67590887E-01  1.32074203E-05  1.39180382E-06
1.67890520E-01  1.18495391E-05  1.57833690E-06
1.68190153E-01  1.30986912E-05  1.36743773E-06
1.68489785E-01  1.16731142E-05  1.71602615E-06
1.68789416E-01  1.17880390E-05  1.34752903E-06
1.69089046E-01  1.25946922E-05  1.21861389E-06
1.69388675E-01  1.50787487E-05  1.39864170E-06
1.69688303E-01  1.14226136E-05  2.60301390E-06
1.69987930E-01  9.07872188E-06  1.61969721E-06
1.70287556E-01  1.31392670E-05  1.49079811E-06
1.70587181E-01  1.10492664E-05  1.58091189E-06
1.70886806E-01  1.33887648E-05  1.54867506E-06
1.71186429E-01  1.44712638E-05  1.76697679E-06
1.71486052E-01  1.05546541E-05  1.82997590E-06
1.71785673E-01  1.08484084E-05  1.56346788E-06
1.72085294E-01  1.17194878E-05  1.74559954E-06
1.72384913E-01  1.08492095E-05  1.29658195E-06
1.72684532E-01  1.31569764E-05  2.07322367E-06
1.72984150E-01  1.00691808E-05  1.24893983E-06
1.73283767E-01  1.09801562E-05  7.87780166E-05
1.73583383E-01  1.17711879E-05  1.81708744E-06
1.73882998E-01  1.33003912E-05  1.62410275E-06
1.74182612E-01  1.18728710E-05  1.36731910E-06
1.74482225E-01  1.20001767E-05  1.43851560E-06
1.74781837E-01  1.02726051E-05  1.43950765E-06
1.75081448E-01  1.15165093E-05  1.62035319E-06
1.75381058E-01  1.35250979E-05  1.46905025E-06
1.75680667E-01  1.01066466E-05  1.48996635E-06
1.75980275E-01  1.08849719E-05  1.32949295E-06
1.76279883E-01  1.11005597E-05  1.13131911E-06
1.76579489E-01  1.36905745E-05  1.75700007E-06
1.76879094E-01  9.28972129E-06  2.81758904E-06
1.77178699E-01  1.12382265E-05  1.94434753E-06
1.77478302E-01  1.24473046E-05  1.42243768E-06
1.77777905E-01  8.76250229E-06  1.33508820E-06
1.78077506E-01  9.44812881E-06  1.53169304E-06
1.78377107E-01  1.13031028E-05  1.60100204E-06
1.78676706E-01  9.87317802E-06  1.27963845E-06
1.78976305E-01  1.18088354E-05  1.41131272E-06
1.79275903E-01  1.02106023E-05  1.53984402E-06
1.79575499E-01  9.83552274E-06  1.49074051E-06
1.79875095E-01  1.01054961E-05  2.46943945E-06
1.80174689E-01  8.69321967E-06  1.69904303E-06
1.80474283E-01  1.01918040E-05  1.43537273E-06
1.80773876E-01  8.70077840E-06  1.33099415E-06
1.81073467E-01  8.73403318E-06  1.33293336E-06
1.81373058E-01  1.00537244E-05  1.50240996E-06
1.81672648E-01  1.08151811E-05  2.99674403E-06
1.81972237E-01  1.03878151E-05  1.49327652E-06
1.82271824E-01  1.23259481E-05  2.23242862E-06
1.82571411E-01  1.18607988E-05  1.34309524E-06
1.82870997E-01  7.71462218E-06  1.46505406E-06
1.83170581E-01  1.16325292E-05  1.35829465E-06
1.83470165E-01  1.17389750E-05  1.46891939E-06
1.83769748E-01  1.15923033E-05  1.43108492E-06
1.84069330E-01  1.00824618E-05  1.40965770E-06
1.84368910E-01  1.36888360E-05  2.01957985E-06
1.84668490E-01  9.26948790E-06  1.93318603E-06
1.84968069E-01  1.12833290E-05  1.58981104E-06
1.85267646E-01  6.98048878E-06  2.44778579E-06
1.85567223E-01  1.02462929E-05  1.42960530E-06
1.85866799E-01  7.96109781E-06  2.10604693E-06
1.86166373E-01  1.04476259E-05  1.30233378E-06
1.86465947E-01  7.68346476E-06  1.38239757E-06
1.86765520E-01  1.12319004E-05  1.68240152E-06
1.87065091E-01  1.16143669E-05  1.62677474E-06
1.87364662E-01  8.06943494E-06  7.73522413E-06
1.87664231E-01  8.93758076E-06  1.37674402E-06
1.87963800E-01  9.96531241E-06  1.67392245E-06
1.88263367E-01  1.04213170E-05  1.77246322E-06
1.88562934E-01  8.59463326E-06  1.03221127E-06
1.88862499E-01  1.19070352E-05  1.52100369E-06
1.89162064E-01  8.95260470E-06  3.51772577E-06
1.89461627E-01  7.03890340E-06  1.30686537E-06
1.89761190E-01  9.68090675E-06  2.04488247E-06
1.90060751E-01  8.48815643E-06  1.70171259E-06
1.90360311E-01  6.00025312E-06  1.39349402E-06
1.90659870E-01  9.34369284E-06  1.32637115E-06
1.90959429E-01  1.14336652E-05  2.83127185E-06
1.91258986E-01  9.38812573E-06  4.42686657E-06
1.91558542E-01  9.13315476E-06  1.53820737E-06
1.91858097E-01  8.36969705E-06  1.39345483E-06
1.92157651E-01  8.07574256E-06  1.53243946E-06
1.92457204E-01  8.37003241E-06  1.55322582E-06
1.92756756E-01  8.87201848E-06  1.26982548E-06
1.93056307E-01  9.22401566E-06  1.73550210E-06
1.93355856E-01  9.13120588E-06  1.17928115E-06
1.93655405E-01  9.35702500E-06  1.49595717E-06
1.93954953E-01  6.91449218E-06  1.98300607E-06
1.94254499E-01  1.00054818E-05  2.97278217E-06
1.94554045E-01  6.82655220E-06  1.52635018E-06
1.94853589E-01  6.61132572E-06  4.37186306E-06
1.95153133E-01  8.63331172E-06  1.31066082E-06
1.95452675E-01  6.74673969E-06  1.86126512E-06
1.95752217E-01  7.05146775E-06  1.35928851E-05
1.96051757E-01  7.34096306E-06  1.48459497E-06
1.96351296E-01  6.05614497E-06  2.15493424E-06
1.96650834E-01  9.10994834E-06  1.46489511E-06
1.96950371E-01  6.91526861E-06  4.78103940E-06
1.97249907E-01  7.39365076E-06  1.86817636E-06
1.97549442E-01  6.03518512E-06  1.63075526E-06
1.97848976E-01  8.83722513E-06  1.70292875E-06
1.98148508E-01  5.27181135E-06  2.20183149E-06
1.98448040E-01  6.70256360E-06  1.31773444E-06
1.98747570E-01  6.88282957E-06  3.47388578E-06
1.99047100E-01  5.83016020E-06  1.76113119E-06
1.99346628E-01  9.93489811E-06  1.35838992E-06
1.99646156E-01  7.90959984E-06  3.01505503E-06
1.99945682E-01  8.83879179E-06  2.01202028E-06
2.00245207E-01  4.73991793E-06  1.30253987E-06
2.00544731E-01  8.54835914E-06  1.59285930E-06
2.00844254E-01  9.16415912E-06  4.26016208E-06
2.01143776E-01  1.01878774E-05  1.49878972E-06
2.01443296E-01  7.08740020E-06  1.80890842E-06
2.01742816E-01  7.17742978E-06  1.47883160E-06
2.02042334E-01  8.51056367E-06  1.60836670E-06
2.02341852E-01  5.48478493E-06  1.79825467E-06
2.02641368E-01  7.61058290E-06  1.32874786E-06
2.02940883E-01  7.82029374E-06  1.33727714E-06
2.03240397E-01  6.90605072E-06  4.36067766E-06
2.03539910E-01  6.68780994E-06  1.67170524E-06
2.03839422E-01  5.81516410E-06  1.38596409E-06
2.04138933E-01  6.76548478E-06  2.00247491E-06
2.04438443E-01  7.11740709E-06  1.53829067E-06
2.04737951E-01  8.02467604E-06  1.23946703E-06
2.05037458E-01  5.95680450E-06  1.49638858E-06
2.05336965E-01  7.94729218E-06  1.33362201E-06
2.05636470E-01  7.52203002E-06  2.14676525E-06
2.05935974E-01  7.32868065E-06  1.68355424E-06
2.06235477E-01  9.37170430E-06  2.94605461E-06
2.06534979E-01  5.15395017E-06  4.07041381E-06
2.06834479E-01  7.20907817E-06  1.56567227E-06
2.07133979E-01  6.31520834E-06  1.75603101E-06
2.07433477E-01  5.72447990E-06  4.43012502E-05
2.07732975E-01  5.04491852E-06  1.36229477E-06
2.08032471E-01  3.72933875E-06  1.34008010E-06
2.08331966E-01  8.34865493E-06  1.31173993E-05
2.08631460E-01  8.22678280E-06  7.91465922E-06
2.08930952E-01  9.67739784E-06  2.43533974E-06
2.09230444E-01  6.21859432E-06  4.63043276E-06
2.09529934E-01  6.04994188E-06  5.22888210E-06
2.09829424E-01  5.35039467E-06  2.39467487E-06
2.10128912E-01  7.03632913E-06  3.12372678E-06
2.10428399E-01  6.63971353E-06  1.48725322E-06
2.10727885E-01  5.91970537E-06  1.57591274E-06
2.11027369E-01  7.20978356E-06  1.44338099E-06
2.11326853E-01  5.99695988E-06  1.99216332E-06
2.11626335E-01  8.12469655E-06  1.95973810E-06
2.11925816E-01  5.71301488E-06  1.37696612E-06
2.12225296E-01  6.37490918E-06  6.42089875E-05
2.12524775E-01  4.87511341E-06  4.44462959E-06
2.12824253E-01  2.15174554E-06  1.36311362E-06
2.13123730E-01  7.00493189E-06  3.62821781E-06
2.13423205E-01  5.70241606E-06  2.96245480E-06
2.13722679E-01  8.59879234E-06  2.05882505E-06
2.14022153E-01  5.56275539E-06  2.98477409E-06
2.14321625E-01  5.04649034E-06  1.44184693E-06
2.14621095E-01  4.60588713E-06  2.33393888E-06
2.14920565E-01  7.23535648E-06  2.30517671E-06
2.15220033E-01  5.59490111E-06  2.82807616E-06
2.15519501E-01  3.89076900E-06  1.33234508E-05
2.15818967E-01  4.73163046E-06  2.92913767E-06
2.16118431E-01  4.19520784E-06  1.33239306E-06
2.16417895E-01  4.50959258E-06  1.91522592E-06
2.16717358E-01  5.97883228E-06  4.17366970E-06
2.17016819E-01  4.44566488E-06  1.43767488E-06
2.17316279E-01  6.85449763E-06  2.01684056E-06
2.17615738E-01  6.72996941E-06  1.07256110E-06
2.17915196E-01  5.27412056E-06  2.80577241E-06
2.18214653E-01  6.41661376E-06  1.55637242E-06
2.18514108E-01  7.43995342E-06  1.73689096E-06
2.18813562E-01  6.19609941E-06  1.42114073E-06
2.19113015E-01  5.09858672E-06  1.52167340E-06
2.19412467E-01  5.55917521E-06  6.31395246E-06
2.19711918E-01  7.15400947E-06  4.61632611E-06
2.20011367E-01  4.94821228E-06  1.63040997E-06
2.20310815E-01  4.97211171E-06  1.16428979E-06
2.20610262E-01  2.28260789E-06  1.00225327E-06
2.20909708E-01  6.05917310E-06  3.38925750E-06
2.21209153E-01  6.77857596E-06  1.40740019E-06
2.21508596E-01  5.91144759E-06  1.26446411E-06
2.21808038E-01  4.88755085E-06  2.44096126E-06
2.22107479E-01  3.31818768E-06  1.21350969E-06
2.22406919E-01  3.78150781E-06  2.29593743E-06
2.22706358E-01  5.21780916E-06  1.33466122E-06
2.23005795E-01  4.41587392E-06  1.94274566E-06
2.23305231E-01  4.33775696E-06  1.18093981E-06
2.23604666E-01  5.69408244E-06  2.23936832E-06
2.23904100E-01  3.15314098E-06  1.57980153E-06
2.24203532E-01  4.55219978E-06  3.15694275E-06
2.24502963E-01  4.50646274E-06  1.21530263E-06
2.24802393E-01  4.92552522E-06  3.57384381E-05
2.25101822E-01  5.03997789E-06  3.56263137E-06
2.25401250E-01  6.19368329E-06  2.82580434E-06
2.25700676E-01  4.65533179E-06  1.65828675E-06
2.26000101E-01  3.98211209E-06  6.33800129E-06
2.26299525E-01  3.16368513E-06  1.49242600E-05
2.26598948E-01  3.75568572E-06  1.29565507E-06
2.26898369E-01  5.03362873E-06  1.47851542E-05
2.27197789E-01  4.04014639E-06  3.06309957E-06
2.27497208E-01  2.89986569E-06  2.89132360E-06
2.27796626E-01  2.32396152E-06  1.65969956E-06
2.28096042E-01  4.62605289E-06  1.60418687E-06
2.28395457E-01  2.92306346E-06  2.04102483E-06
2.28694871E-01  6.67317780E-06  1.87853434E-06
2.28994284E-01  4.70481552E-06  1.25085111E-06
2.29293696E-01  5.01724003E-06  1.27964956E-06
2.29593106E-01  3.86766374E-06  1.23851252E-06
2.29892515E-01  4.27897075E-06  1.02914056E-06
2.30191922E-01  5.45477004E-06  2.10025870E-06
2.30491329E-01  4.41787909E-06  1.44025258E-06
2.30790734E-01  6.56178770E-06  1.72747491E-06
2.31090138E-01  4.94175413E-06  1.72052265E-06
2.31389540E-01  3.04728421E-06  1.41509171E-06
2.31688942E-01  6.39033762E-06  2.52239295E-06
2.31988342E-01  3.38396258E-06  1.55785562E-06
2.32287741E-01  5.67993483E-06  2.15180533E-06
2.32587138E-01  3.45928886E-06  2.75170269E-06
2.32886535E-01  2.33605256E-06  1.91245674E-06
2.33185930E-01  6.20757939E-06  2.69787337E-06
2.33485323E-01  4.75073098E-06  3.68880638E-06
2.33784716E-01  6.77800796E-06  1.39516595E-06
2.34084107E-01  4.86246242E-06  1.13118722E-06
2.34383497E-01  4.38639463E-06  1.93526239E-06
2.34682886E-01  2.76993998E-06  5.03862764E-06
2.34982273E-01  4.16724525E-06  1.38050236E-06
2.35281659E-01  5.50657101E-06  1.23410644E-06
2.35581044E-01  4.63299760E-06  1.23464929E-06
2.35880428E-01  1.92318058E-06  1.39032957E-06
2.36179810E-01  2.67048830E-06  1.41310105E-06
2.36479191E-01  4.35592467E-06  1.91682283E-06
2.36778570E-01  6.39361350E-06  1.43773679E-06
2.37077949E-01  4.59551279E-06  1.40869054E-04
2.37377326E-01  6.16116936E-06  2.57582715E-06
2.37676702E-01  4.29763146E-06  1.05077125E-06
2.37976076E-01  2.48419284E-06  3.91156663E-06
2.38275449E-01  2.86026924E-06  1.32284847E-06
2.38574821E-01  5.05488762E-06  2.01258405E-05
2.38874192E-01  4.09412310E-06  1.84205874E-06
2.39173561E-01  4.07297842E-06  3.19171753E-06
2.39472929E-01  3.77395049E-06  1.33416165E-06
2.39772296E-01  2.73311078E-06  2.12057109E-06
2.40071661E-01  1.52646641E-06  6.22384591E-06
2.40371025E-01  4.61620754E-06  1.11952209E-06
2.40670388E-01  5.01010276E-06  1.41235190E-06
2.40969749E-01  3.43812956E-06  1.31184672E-06
2.41269109E-01  5.33983727E-06  1.89942326E-06
2.41568468E-01  6.41790307E-06  2.13633038E-06
2.41867826E-01  4.38205795E-06  1.51528731E-06
2.42167182E-01  3.82914081E-06  1.73885694E-05
2.42466537E-01  2.92727638E-06  5.85020218E-06
2.42765890E-01  2.11867802E-06  1.21700714E-06
2.43065242E-01  5.85469730E-06  2.01888343E-06
2.43364593E-01  6.18235965E-06  1.29211034E-06
2.43663943E-01  4.27289603E-06  1.20283410E-06
2.43963291E-01  1.56980289E-06  1.40170984E-06
2.44262638E-01  3.06562355E-06  1.91480900E-05
2.44561983E-01  3.70835120E-06  1.11685766E-06
2.44861328E-01  2.88180733E-06  7.36556732E-06
2.45160671E-01  3.23403591E-06  1.93672501E-06
2.45460012E-01  1.95632772E-06  3.00577152E-06
2.45759352E-01  2.52414295E-06  1.35072781E-06
2.46058691E-01  3.38809149E-06  1.35050184E-06
2.46358029E-01  3.03878928E-06  1.28682910E-06
2.46657365E-01  3.80285226E-06  1.20870459E-06
2.46956700E-01  1.92420327E-06  1.82602332E-06
2.47256033E-01  4.36994171E-06  1.30147038E-06
2.47555365E-01  4.96079513E-06  1.75822739E-06
2.47854696E-01  2.97873187E-06  1.59934512E-06
2.48154025E-01  3.67950284E-06  3.05117801E-06
2.48453353E-01  5.95691718E-06  1.92725318E-06
2.48752680E-01  2.76143241E-06  1.50931194E-06
2.49052006E-01  2.14767345E-06  1.11934514E-06
2.49351330E-01  3.23304420E-06  1.26845229E-06
2.49650652E-01  3.61776084E-06  7.62463965E-06
2.49949973E-01  1.68701226E-06  2.27462352E-06
2.50249293E-01  4.17530715E-06  1.55414170E-06
2.50548612E-01  4.25690807E-06  2.00413058E-06
2.50847929E-01  4.72968993E-06  1.54857354E-06
2.51147245E-01  4.55101737E-06  1.18231146E-06
2.51446559E-01  2.37881054E-06  2.55641714E-06
2.51745872E-01  6.10139162E-06  1.56444993E-06
2.52045184E-01  7.30374492E-07  1.11045597E-06
2.52344494E-01  2.93993742E-06  1.17246935E-06
2.52643803E-01  4.27117378E-06  1.72129266E-06
2.52943111E-01  2.08909181E-06  1.32494574E-06
2.53242417E-01  3.10521185E-06  1.63503609E-06
2.53541722E-01  2.98319292E-06  1.67533972E-06
2.53841025E-01  2.72188634E-06  7.34222519E-06
2.54140327E-01  3.32458890E-06  1.61016694E-06
2.54439628E-01  2.55787168E-06  1.83122186E-06
2.54738927E-01  3.18662484E-06  1.45439129E-06
2.55038225E-01  2.91902728E-06  1.60162320E-06
2.55337522E-01  2.67125551E-06  1.26778446E-06
2.55636817E-01  5.59161989E-07  1.13734994E-05
2.55936110E-01  9.41830327E-07  1.88430716E-06
2.56235403E-01  3.08599604E-06  1.18275260E-06
2.56534694E-01  2.02136448E-06  2.60905402E-06
2.56833983E-01  8.68159883E-07  1.16276018E-06
2.57133271E-01  4.67261724E-06  1.00608988E-06
2.57432558E-01  4.60240568E-06  1.10517340E-06
2.57731843E-01  2.49732312E-06  1.10590797E-06
2.58031127E-01  1.71719816E-06  1.33983680E-06
2.58330410E-01  2.47958798E-06  4.14331887E-06
2.58629691E-01  1.38637880E-06  1.17134786E-06
2.58928970E-01  2.73361702E-06  1.25030425E-06
2.59228249E-01  4.24663090E-06  1.16313680E-06
2.59527525E-01  1.47480445E-06  1.32972881E-06
2.59826801E-01  3.32592843E-06  2.64288796E-06
2.60126075E-01  3.62764456E-06  1.31005731E-06
2.60425347E-01  3.17851548E-06  6.69421294E-06
2.60724619E-01  3.35819622E-06  3.05458092E-06
2.61023888E-01  4.48476006E-06  5.32528080E-06
2.61323157E-01  3.30525363E-06  1.45324753E-06
2.61622424E-01  1.87000281E-06  2.07603058E-06
2.61921689E-01  4.43093133E-06  1.16640456E-06
2.62220953E-01  2.52391211E-06  1.89468186E-06
2.62520216E-01  2.03418935E-06  1.77662641E-06
2.62819477E-01  3.88776432E-06  1.16766427E-06
2.63118737E-01  3.79738427E-06  1.28644812E-06
2.63417995E-01  3.63331462E-06  1.29264645E-06
2.63717252E-01  3.09491840E-06  9.28161981E-05
2.64016507E-01  1.96599625E-06  1.31493970E-06
2.64315761E-01  2.75321076E-06  1.88492156E-06
2.64615014E-01  1.90257363E-06  1.17933807E-06
2.64914265E-01  2.80822599E-06  1.12430266E-06
2.65213515E-01  2.78139477E-06  1.20404080E-06
2.65512763E-01  3.09234751E-06  1.69439705E-06
2.65812010E-01  3.14736034E-06  1.38132542E-06
2.66111255E-01  3.42415681E-06  1.83479436E-06
2.66410499E-01  4.86434516E-06  1.69034401E-06
2.66709741E-01  4.40466743E-06  1.94046337E-06
2.67008982E-01  1.74609695E-06  1.42836278E-06
2.67308222E-01  2.02700490E-06  3.10998591E-06
2.67607460E-01  4.13906242E-07  1.28895877E-06
2.67906696E-01  2.58059788E-06  3.47661523E-06
2.68205931E-01  9.20922984E-07  1.23445191E-06
2.68505165E-01  2.69475706E-06  1.14538168E-06
2.68804397E-01  3.93490277E-06  3.44794927E-06
2.69103628E-01  2.30539203E-06  1.13787709E-06
2.69402857E-01  3.79031766E-06  1.10413940E-06
2.69702085E-01  2.52297661E-06  1.00223196E-04
2.70001311E-01  4.13360567E-06  3.34002509E-05
2.70300536E-01  3.15178696E-06  1.23739388E-06
2.70599760E-01  1.65476908E-06  3.75712244E-06
2.70898982E-01  3.17010845E-06  1.22146563E-06
2.71198202E-01  3.72967994E-06  2.35438635E-06
2.71497421E-01  3.39667098E-06  1.42167406E-06
2.71796638E-01  3.59067980E-06  1.10251898E-06
2.72095854E-01  2.21438351E-06  1.50500358E-06
2.72395069E-01  1.62216104E-06  2.16486401E-06
2.72694282E-01  1.53012820E-06  1.54466356E-06
2.72993494E-01  2.76296877E-06  3.27062394E-06
2.73292704E-01  3.01469285E-06  6.99506192E-06
2.73591912E-01  1.36123612E-06  1.25163135E-06
2.73891119E-01  2.17607798E-06  1.70675235E-06
2.74190325E-01  2.43197417E-06  2.79338216E-06
2.74489529E-01  3.03759164E-06  1.32972460E-05
2.74788731E-01  1.18280277E-06  1.39484585E-06
2.75087933E-01  3.01065286E-06  1.36679919E-06
2.75387132E-01  5.16554114E-06  2.65625119E-04
2.75686330E-01  4.50731972E-06  1.16400158E-06
2.75985527E-01  -1.31096589E-07  3.06529924E-05
2.76284722E-01  6.33271645E-07  9.80895869E-06
2.76583915E-01  2.05706827E-06  3.21579333E-06
2.76883107E-01  2.10841203E-06  2.54332573E-06
2.77182298E-01  -3.34514373E-07  1.63735456E-06
2.77481487E-01  3.52993619E-06  1.74777432E-06
2.77780675E-01  1.51364734E-06  4.04380776E-06
2.78079861E-01  3.72992441E-06  3.23659049E-06
2.78379045E-01  4.79454602E-06  2.44255051E-06
2.78678228E-01  2.42929650E-06  1.12688170E-05
2.78977410E-01  2.85605646E-06  2.25838271E-06
2.79276590E-01  4.21612965E-06  1.35434890E-05
2.79575768E-01  3.17052972E-06  1.50262346E-06
2.79874945E-01  2.17622857E-06  6.15592308E-06
2.80174120E-01  -2.53757274E-07  2.10341801E-06
2.80473294E-01  1.05373443E-06  3.29761995E-06
2.80772466E-01  1.31075534E-06  1.45754465E-06
2.81071637E-01  2.52786933E-06  2.23249618E-06
2.81370806E-01  7.51796960E-08  2.30359744E-06
2.81669974E-01  6.42017442E-07  2.50335503E-06
2.81969140E-01  3.37648693E-07  3.04374240E-06
2.82268305E-01  2.85743781E-06  1.67582108E-06
2.82567468E-01  2.03438830E-06  2.62917863E-06
2.82866630E-01  -3.38811649E-07  3.84716093E-06
2.83165790E-01  1.67926972E-06  1.60599729E-06
2.83464948E-01  2.75458133E-06  1.98266619E-06
2.83764105E-01  -2.55430897E-07  3.14445928E-06
2.84063260E-01  3.10738617E-06  2.26866302E-06
2.84362414E-01  2.06260535E-06  2.57057724E-06
2.84661567E-01  -4.32707401E-07  2.87580967E-06
2.84960717E-01  6.83474362E-06  1.41335518E-06
2.85259866E-01  4.94898066E-06  2.26951450E-06
2.85559014E-01  6.01309420E-06  5.81571008E-06
2.85858160E-01  1.90853302E-06  2.10718700E-06
2.86157305E-01  1.55325242E-08  1.83745040E-06
2.86456448E-01  3.50475435E-06  1.72340249E-05
2.86755589E-01  1.59144844E-06  4.07903625E-06
2.87054729E-01  1.58810692E-06  5.83173552E-06
2.87353867E-01  4.40179818E-06  8.95379314E-06
2.87653004E-01  4.69570693E-06  3.27179437E-06
2.87952139E-01  5.45052318E-07  3.33178936E-06
2.88251273E-01  7.33181557E-07  2.97187744E-06
2.88550405E-01  5.84018647E-06  4.68264594E-06
2.88849535E-01  4.98632226E-06  1.86328134E-06
2.89148664E-01  3.27436115E-06  1.68321147E-06
2.89447791E-01  -7.94006799E-07  1.44004510E-05
2.89746917E-01  1.80689634E-06  2.30052413E-06
2.90046041E-01  2.25532635E-06  1.75030704E-06
2.90345163E-01  1.89717734E-06  3.67980637E-06
2.90644284E-01  2.59974538E-06  2.92546937E-06
2.90943404E-01  2.05007014E-06  1.56902936E-06
2.91242522E-01  -2.87695147E-07  1.69688221E-06
2.91541638E-01  1.42209694E-06  1.68026845E-06
2.91840752E-01  1.53051094E-06  1.52670114E-04
2.92139865E-01  -2.44238297E-07  1.89583857E-06
2.92438977E-01  2.49587774E-06  3.76217736E-06
2.92738087E-01  3.65492004E-06  1.70737083E-06
2.93037195E-01  -2.11943548E-06  2.93077502E-06
2.93336302E-01  4.11760356E-06  5.92390314E-06
2.93635407E-01  1.55916667E-06  1.77429168E-06
2.93934510E-01  2.25698565E-06  1.72925098E-06
2.94233612E-01  1.57656469E-06  1.98967326E-06
2.94532712E-01  2.33242924E-06  3.42402720E-05
2.94831811E-01  2.81048416E-06  3.01540735E-06
2.95130908E-01  2.70852968E-06  2.56715245E-06
2.95430003E-01  2.52498785E-06  1.70275155E-06
2.95729097E-01  3.51697626E-06  1.78035516E-06
2.96028189E-01  3.39667805E-06  3.85493012E-06
2.96327280E-01  5.07478624E-07  2.30560105E-06
2.96626369E-01  8.61951192E-06  9.37178595E-06
2.96925456E-01  -4.79194783E-07  4.58971813E-06
2.97224542E-01  1.36138252E-06  1.18057409E-05
2.97523626E-01  4.06380726E-06  1.79089073E-06
2.97822708E-01  6.45067347E-07  1.70298068E-06
2.98121789E-01  5.36425636E-07  5.85051722E-06
2.98420869E-01  3.09086304E-07  1.74155683E-06
2.98719946E-01  4.15636536E-06  2.28387102E-06
2.99019022E-01  3.19394337E-07  1.94345626E-06
2.99318097E-01  3.39816275E-06  1.97477282E-05
2.99617169E-01  2.37248667E-06  1.78610999E-06
2.99916240E-01  2.28597165E-06  1.77113844E-06
3.00215310E-01  4.39731123E-06  2.02560537E-06
3.00514378E-01  3.75066004E-06  2.10549063E-06
3.00813444E-01  3.40399710E-06  8.75332585E-06
3.01112508E-01  -5.69013596E-08  1.80052127E-06
3.01411571E-01  3.47852250E-06  3.31808393E-06
3.01710633E-01  2.49682163E-06  2.33432881E-06
3.02009692E-01  1.21493945E-06  1.79587881E-06
3.02308750E-01  4.62187067E-06  4.42304220E-06
3.02607807E-01  5.82525384E-06  2.89407698E-06
3.02906861E-01  3.84929614E-06  2.61220597E-06
3.03205914E-01  1.14865647E-06  1.72036315E-06
3.03504966E-01  4.37657975E-06  2.30871028E-06
3.03804015E-01  2.54279740E-06  2.15572057E-06
3.04103063E-01  4.54834830E-06  1.90247328E-06
3.04402110E-01  2.50927381E-06  1.85227497E-06
3.04701155E-01  -5.30020702E-07  2.25295265E-06
3.05000198E-01  2.14423791E-06  9.01337579E-06
3.05299239E-01  4.59865182E-06  3.34640795E-06
3.05598279E-01  4.44849896E-06  2.80071641E-06
3.05897317E-01  5.04120270E-06  1.50615476E-05
3.06196354E-01  1.87490000E-06  1.96518417E-06
3.06495388E-01  4.12667920E-06  1.86788553E-06
3.06794421E-01  3.37055807E-06  2.68973881E-06
3.07093453E-01  8.24863898E-06  2.35604298E-06
3.07392483E-01  5.62148279E-07  3.18705377E-06
3.07691511E-01  1.37026132E-07  3.60074831E-06
3.07990537E-01  -3.43527965E-06  1.95733755E-06
3.08289562E-01  2.65528196E-06  2.55889262E-06
3.08588585E-01  1.82252286E-06  5.73294000E-06
3.08887606E-01  1.73272038E-06  1.83622824E-06
3.09186626E-01  -4.65531431E-07  1.79632311E-06
3.09485644E-01  1.50094435E-06  3.13280324E-06
3.09784660E-01  -5.86355483E-07  4.04913971E-05
3.10083675E-01  -8.99625847E-07  3.36594526E-06
3.10382688E-01  5.37816970E-07  2.13178670E-06
3.10681699E-01  2.57672487E-06  3.63700401E-06
3.10980709E-01  7.07614867E-08  1.90113586E-06
3.11279717E-01  4.76806845E-07  1.87922121E-06
3.11578723E-01  3.40920489E-06  3.88196862E-06
3.11877727E-01  2.24380083E-06  1.92654837E-06
3.12176730E-01  1.41802566E-07  1.25168236E-05
3.12475731E-01  5.30297505E-06  3.25202074E-06
3.12774731E-01  2.35152394E-06  1.43320908E-05
3.13073728E-01  2.58013703E-06  2.67234095E-06
3.13372724E-01  4.32783438E-06  4.24562622E-06
3.13671719E-01  -1.01157127E-08  2.37246712E-06
3.13970711E-01  2.41032267E-06  2.33856722E-06
3.14269702E-01  2.77201016E-06  3.24121927E-06
3.14568691E-01  5.01998215E-06  1.35743420E-02
3.14867679E-01  1.94301936E-06  3.61943490E-06
3.15166664E-01  1.69663472E-06  1.92865996E-06
3.15465648E-01  4.37391496E-06  2.92920842E-06
3.15764631E-01  7.94983258E-07  3.67191914E-06
3.16063611E-01  3.34839125E-06  2.63200790E-06
3.16362590E-01  3.76991584E-06  2.83542552E-05
3.16661567E-01  5.85237896E-06  2.82587957E-06
3.16960542E-01  1.46787519E-06  3.43713345E-06
3.17259516E-01  6.54304911E-07  4.26826008E-05
3.17558488E-01  2.86174441E-06  5.47560160E-06
3.17857458E-01  1.41953921E-06  5.78772140E-06
3.18156427E-01  1.10348183E-06  3.69302450E-06
3.18455393E-01  3.76132078E-06  1.85976378E-06
3.18754358E-01  2.21060313E-06  3.66406118E-06
3.19053322E-01  4.71290959E-06  2.29971557E-06
3.19352283E-01  2.87768809E-06  2.26158428E-06
3.19651243E-01  -1.87818302E-06  2.78637146E-06
3.19950201E-01  -7.60259880E-07  2.83011426E-06
3.20249157E-01  4.15592653E-06  4.50059189E-06
3.20548112E-01  2.20493283E-06  2.04916769E-06
3.20847065E-01  1.44070015E-06  2.07079909E-06
3.21146016E-01  2.59734315E-06  6.61935505E-05
3.21444965E-01  1.88910675E-06  2.50233639E-06
3.21743913E-01  1.92222386E-06  2.15757200E-06
3.22042859E-01  -1.38986855E-06  2.11486311E-06
3.22341803E-01  -1.42346148E-06  2.44215137E-06
3.22640745E-01  -2.84445941E-07  2.80981787E-06
3.22939686E-01  2.33190389E-06  7.67560806E-06
3.23238624E-01  4.14948748E-07  2.48302304E-06
3.23537562E-01  1.71452213E-06  4.47170968E-06
3.23836497E-01  2.65767865E-06  5.04455896E-06
3.24135430E-01  -3.46792731E-06  2.46011768E-06
3.24434362E-01  6.77524266E-06  2.80960558E-06
3.24733292E-01  6.62125164E-07  7.78763932E-06
3.25032220E-01  6.15300180E-07  6.00158800E-06
3.25331147E-01  3.01843457E-06  3.74494292E-06
3.25630071E-01  -3.89610839E-07  9.01095108E-06
3.25928994E-01  -4.19722938E-08  7.48644364E-06
3.26227916E-01  1.14875853E-06  1.42477937E-05
3.26526835E-01  1.28823489E-06  2.88275360E-06
3.26825752E-01  1.33497838E-06  2.20184805E-06
3.27124668E-01  -4.27802252E-07  2.64351288E-06
3.27423582E-01  5.35565468E-06  7.78098233E-06
3.27722495E-01  -9.18541854E-07  3.90602464E-05
3.28021405E-01  3.63490700E-07  2.65074646E-06
3.28320314E-01  -8.82440102E-07  3.48500271E-06
3.28619221E-01  3.11073978E-06  2.03469138E-06
3.28918126E-01  3.45037547E-06  4.45810215E-06
3.29217029E-01  -3.46643473E-07  5.93992525E-06
3.29515930E-01  7.37200694E-06  3.75480191E-06
3.29814830E-01  2.74987103E-06  1.18281389E-05
3.30113728E-01  8.36589351E-07  2.34446580E-06
3.30412624E-01  1.99808336E-06  8.09530765E-06
3.30711519E-01  4.54135186E-06  3.54631370E-06
3.31010411E-01  2.64418868E-06  3.80548847E-05
3.31309302E-01  4.44269838E-06  3.61689169E-06
3.31608191E-01  1.75217255E-06  2.52551140E-06
3.31907078E-01  5.58215474E-07  4.75139478E-06
3.32205963E-01  2.57192135E-06  6.74756877E-06
3.32504847E-01  3.79811428E-06  1.12835578E-05
3.32803728E-01  1.42365145E-06  3.33452608E-06
3.33102608E-01  5.62561102E-07  4.94756458E-06
3.33401486E-01  1.88657448E-06  2.67523772E-06
3.33700363E-01  2.03548176E-06  1.37228419E-05
3.33999237E-01  -3.78414393E-07  2.60067472E-06
3.34298110E-01  3.31771005E-07  2.43888743E-06
3.34596980E-01  -8.23805237E-08  1.57325808E-05
3.34895849E-01  4.30033094E-06  1.36441554E-05
3.35194717E-01  3.98969445E-06  2.25050819E-05
3.35493582E-01  1.15879511E-06  2.53234839E-06
3.35792445E-01  5.00495696E-06  8.97599755E-06
3.36091307E-01  1.50371324E-06  2.40529308E-06
3.36390167E-01  -1.99421744E-06  5.30128398E-06
3.36689025E-01  1.05512315E-06  4.67958064E-06
3.36987881E-01  2.69403346E-06  3.14984676E-06
3.37286736E-01  6.53443257E-06  7.03639909E-06
3.37585588E-01  -1.43005903E-06  1.39388311E-05
3.37884439E-01  3.80036102E-07  2.37321741E-06
3.38183288E-01  2.26228007E-06  4.80253791E-06
3.38482135E-01  1.45046367E-06  2.69720133E-06
3.38780980E-01  3.65299220E-06  4.16784792E-06
3.39079823E-01  2.20279456E-06  2.75831966E-06
3.39378665E-01  6.06283997E-06  4.44552966E-06
3.39677504E-01  1.68806596E-06  1.49232167E-05
3.39976342E-01  7.37224270E-06  2.79789591E-06
3.40275178E-01  3.73373590E-06  3.67843160E-06
3.40574012E-01  2.15621291E-06  7.97252497E-06
3.40872844E-01  2.25217041E-06  5.27271465E-06
3.41171675E-01  2.60667023E-06  2.82261092E-06
3.41470503E-01  -5.91681911E-07  3.16042897E-06
3.41769330E-01  1.45273123E-06  2.53859898E-06
3.42068155E-01  8.65067053E-07  4.39473459E-06
3.42366978E-01  -4.32374186E-06  1.67897862E-06
3.42665799E-01  7.38454006E-07  6.55667717E-05
3.42964618E-01  4.79715511E-06  2.80323789E-06
3.43263435E-01  2.80732611E-06  2.89215909E-06
3.43562251E-01  1.55569464E-06  9.15059740E-06
3.43861064E-01  -1.68162382E-06  2.88083705E-06
3.44159876E-01  1.39170867E-06  5.01549263E-06
3.44458686E-01  6.67422923E-06  2.74539190E-06
3.44757494E-01  2.22297886E-07  4.09426080E-06
3.45056300E-01  5.35494072E-06  2.93143700E-06
3.45355104E-01  6.30320237E-06  7.41143792E-06
3.45653907E-01  7.73140726E-06  8.08331436E-06
3.45952707E-01  2.56308557E-06  4.30104358E-06
3.46251506E-01  -5.66766749E-06  3.08609131E-06
3.46550302E-01  -1.23463928E-07  2.73507183E-06
3.46849097E-01  2.71564773E-06  8.76402381E-06
3.47147890E-01  1.70553961E-07  3.79768963E-06
3.47446681E-01  3.18108943E-06  2.59072403E-05
3.47745470E-01  3.98031060E-06  3.00608268E-06
3.48044258E-01  6.43240818E-06  4.70513173E-06
3.48343043E-01  -2.20626706E-06  3.05945912E-06
3.48641826E-01  -9.91126212E-07  3.29833748E-06
3.48940608E-01  1.47314902E-08  8.66742763E-06
3.49239388E-01  4.07964117E-06  3.52454287E-06
3.49538165E-01  -1.00297268E-06  2.90889900E-06
3.49836941E-01  -1.13036229E-06  2.97848629E-06
3.50135715E-01  4.44931135E-07  3.11673928E-06
3.50434487E-01  2.44774470E-07  3.68705598E-06
3.50733258E-01  6.74427524E-06  6.04875883E-06
3.51032026E-01  -2.13688291E-06  3.20631962E-06
3.51330792E-01  -1.60991150E-07  1.49079745E-05
3.51629557E-01  -2.99357813E-07  5.89684531E-06
3.51928319E-01  6.84992940E-06  3.20196292E-06
3.52227080E-01  -1.35300189E-06  2.91469665E-06
3.52525838E-01  4.33834945E-06  4.86837388E-06
3.52824595E-01  7.81282200E-07  2.94308296E-06
3.53123350E-01  3.02117814E-06  3.13577849E-06
3.53422103E-01  1.51973148E-06  2.29216099E-04
3.53720854E-01  -3.46663962E-06  6.53636316E-06
3.54019603E-01  4.43414991E-06  3.54732126E-06
3.54318350E-01  2.81093452E-06  6.67887767E-05
3.54617096E-01  4.76098735E-06  3.21191147E-06
3.54915839E-01  -2.20511301E-06  3.22767236E-06
3.55214580E-01  1.36469109E-06  4.36349498E-06
3.55513320E-01  4.06432380E-07  4.27913672E-05
3.55812057E-01  9.29846939E-06  5.29355169E-05
3.56110793E-01  7.22866117E-06  3.31380778E-06
3.56409527E-01  1.76759241E-06  3.60961939E-06
3.56708258E-01  1.13994935E-06  4.40659648E-06
3.57006988E-01  5.74925870E-09  4.38992223E-06
3.57305716E-01  -3.00094031E-06  4.50485303E-06
3.57604442E-01  -4.98497227E-06  3.57994759E-06
3.57903166E-01  2.83168694E-06  4.08604116E-06
3.58201888E-01  -3.69409949E-06  1.34528099E-05
3.58500608E-01  3.44642386E-06  5.36280378E-05
3.58799326E-01  4.85657813E-06  3.45892384E-06
3.59098042E-01  6.23880212E-07  1.17598787E-05
3.59396756E-01  6.65243539E-07  1.33626945E-05
3.59695468E-01  1.02677411E-05  6.29422834E-06
3.59994179E-01  -7.55694890E-06  3.72094569E-06
3.60292887E-01  -1.39005515E-06  3.31689263E-06
3.60591593E-01  5.07006363E-06  6.65823450E-06
3.60890298E-01  -3.62977657E-06  8.25941534E-06
3.61189000E-01  -1.90094747E-06  4.64671904E-06
3.61487701E-01  1.54004256E-06  3.09584907E-05
3.61786399E-01  1.06661287E-06  5.96434977E-06
3.62085096E-01  -4.83144451E-06  3.91786158E-06
3.62383790E-01  1.05936655E-05  5.88068468E-06
3.62682483E-01  8.57474564E-06  5.69009140E-05
3.62981174E-01  -1.56325246E-06  3.85512735E-06
3.63279862E-01  8.03165920E-06  5.36638120E-06
3.63578549E-01  7.19188394E-06  4.19522476E-06
3.63877234E-01  2.57457654E-06  3.76241571E-06
3.64175916E-01  8.04044033E-07  4.41442461E-06
3.64474597E-01  1.37389913E-06  5.09399485E-06
3.64773276E-01  9.52052530E-06  4.58314630E-06
3.65071953E-01  -4.31717473E-06  8.70969099E-06
3.65370627E-01  2.32702982E-06  1.30345973E-05
3.65669300E-01  1.09239021E-05  4.47342422E-06
3.65967971E-01  7.90344988E-06  4.09402549E-06
3.66266640E-01  5.68642054E-06  4.38760465E-06
3.66565307E-01  -1.96367606E-07  4.29280693E-06
3.66863972E-01  3.82073879E-06  4.62729124E-06
3.67162635E-01  5.27823499E-06  1.82304807E-05
3.67461295E-01  5.19107272E-06  8.98077083E-06
3.67759954E-01  9.16493199E-06  8.14331360E-06
3.68058611E-01  -1.22726874E-05  4.92084665E-06
3.68357266E-01  2.90790407E-06  5.37338028E-06
3.68655919E-01  7.53968163E-06  1.01551505E-05
3.68954570E-01  1.58646988E-06  2.24472492E-05
3.69253219E-01  2.32572886E-06  5.63166814E-06
3.69551865E-01  1.02582783E-05  1.44669859E-05
3.69850510E-01  4.43727315E-06  9.06569547E-06
3.70149153E-01  5.15804627E-06  1.03446539E-05
3.70447794E-01  -5.51367955E-08  1.13501530E-05
3.70746433E-01  3.35233859E-06  5.07664839E-06
3.71045070E-01  -2.35710693E-06  2.79058703E-05
3.71343704E-01  1.00418638E-05  6.55261269E-06
3.71642337E-01  4.74357624E-06  8.41602718E-06
3.71940968E-01  -8.95435852E-06  5.44922787E-06
3.72239596E-01  7.66851470E-06  9.52343161E-06
3.72538223E-01  -3.62420440E-07  5.48012842E-06
3.72836848E-01  1.19043156E-05  5.96851148E-06
3.73135470E-01  2.20507093E-07  2.25633840E-05
3.73434091E-01  6.43025025E-06  5.08564458E-06
3.73732710E-01  6.11617671E-07  7.32479283E-06
3.74031326E-01  2.07253394E-06  4.86277419E-06
3.74329941E-01  6.46689397E-06  3.09939204E-05
3.74628553E-01  5.79432344E-06  1.38195239E-05
3.74927164E-01  3.58952961E-06  1.21802961E-05
3.75225772E-01  1.02872065E-05  1.38088043E-05
3.75524378E-01  -7.52277629E-06  1.27653170E-05