0.0056979	7.5099e-05	3.4154e-05
0.0059978	5.2919e-05	2.6936e-05
0.0062977	7.1275e-05	2.0734e-05
0.0065976	7.601e-05	1.6552e-05
0.0068975	9.0254e-05	1.3457e-05
0.0071974	7.2762e-05	1.1267e-05
0.0074973	7.151e-05	9.657e-06
0.0077971	8.7116e-05	8.0009e-06
0.008097	7.3223e-05	6.9254e-06
0.0083969	6.2753e-05	5.8948e-06
0.0086968	6.9798e-05	5.2321e-06
0.0089967	7.1296e-05	4.5646e-06
0.0092966	7.6765e-05	3.8818e-06
0.0095965	7.388e-05	3.5616e-06
0.0098964	7.7191e-05	3.2586e-06
0.010196	6.7874e-05	2.8625e-06
0.010496	6.7735e-05	2.6378e-06
0.010796	6.8901e-05	2.3744e-06
0.011096	6.8675e-05	2.2086e-06
0.011396	7.0761e-05	2.0166e-06
0.011696	7.339e-05	1.8265e-06
0.011996	7.2697e-05	1.7349e-06
0.012295	7.3692e-05	1.6079e-06
0.012595	6.545e-05	1.4915e-06
0.012895	7e-05	1.4161e-06
0.013195	6.5694e-05	1.3207e-06
0.013495	6.948e-05	1.2161e-06
0.013795	7.0985e-05	1.1689e-06
0.014095	6.7887e-05	1.1468e-06
0.014395	6.9811e-05	1.0756e-06
0.014695	6.872e-05	9.8008e-07
0.014994	6.9851e-05	9.9439e-07
0.015294	6.7575e-05	9.8515e-07
0.015594	6.7041e-05	9.416e-07
0.015894	6.983e-05	9.3807e-07
0.016194	6.3954e-05	8.9327e-07
0.016494	5.9743e-05	8.911e-07
0.016794	6.3854e-05	8.34e-07
0.017094	6.4874e-05	8.4218e-07
0.017394	6.4432e-05	8.3626e-07
0.017693	6.5587e-05	8.1119e-07
0.017993	6.3417e-05	7.9186e-07
0.018293	6.5382e-05	7.5366e-07
0.018593	6.5096e-05	7.4626e-07
0.018893	6.3963e-05	7.3193e-07
0.019193	6.6919e-05	7.3217e-07
0.019493	6.4318e-05	6.8634e-07
0.019793	6.3007e-05	6.7834e-07
0.020093	6.451e-05	6.7794e-07
0.020392	6.4734e-05	6.784e-07
0.020692	6.1861e-05	6.4021e-07
0.020992	6.2273e-05	6.187e-07
0.021292	6.2467e-05	6.0704e-07
0.021592	6.2975e-05	5.8484e-07
0.021892	5.9792e-05	5.7728e-07
0.022192	5.945e-05	5.6096e-07
0.022492	6.0988e-05	5.4662e-07
0.022792	6.1531e-05	5.4759e-07
0.023091	5.9981e-05	5.5898e-07
0.023391	5.8923e-05	5.4914e-07
0.023691	5.9087e-05	5.4865e-07
0.023991	5.8127e-05	5.4778e-07
0.024291	5.8827e-05	5.434e-07
0.024591	5.6215e-05	5.3912e-07
0.024891	5.7327e-05	5.3228e-07
0.025191	5.5452e-05	5.3369e-07
0.025491	5.934e-05	5.3106e-07
0.02579	5.6325e-05	5.212e-07
0.02609	5.6758e-05	5.1459e-07
0.02639	5.8315e-05	5.236e-07
0.02669	5.5466e-05	5.1979e-07
0.02699	5.5312e-05	5.107e-07
0.02729	5.3087e-05	4.9753e-07
0.02759	5.4141e-05	5.0278e-07
0.02789	5.3185e-05	4.9006e-07
0.028189	5.5139e-05	4.8072e-07
0.028489	5.1711e-05	4.7649e-07
0.028789	5.3763e-05	4.7082e-07
0.029089	5.2624e-05	4.6396e-07
0.029389	5.285e-05	4.582e-07
0.029689	5.1657e-05	4.5303e-07
0.029989	5.2027e-05	4.5753e-07
0.030289	5.1861e-05	4.5055e-07
0.030589	5.0968e-05	4.4423e-07
0.030888	5.2254e-05	4.4439e-07
0.031188	5.0471e-05	4.3284e-07
0.031488	4.9356e-05	4.303e-07
0.031788	5.0034e-05	4.1989e-07
0.032088	5.0223e-05	4.2638e-07
0.032388	4.8405e-05	4.2442e-07
0.032688	4.9725e-05	4.2119e-07
0.032988	4.7466e-05	4.2057e-07
0.033287	4.71e-05	4.1992e-07
0.033587	4.8412e-05	4.1097e-07
0.033887	4.6912e-05	4.1681e-07
0.034187	4.7951e-05	4.1576e-07
0.034487	4.5099e-05	4.1804e-07
0.034787	4.575e-05	3.9839e-07
0.035087	4.58e-05	4.0776e-07
0.035387	4.7586e-05	3.9832e-07
0.035686	4.5724e-05	4.0467e-07
0.035986	4.478e-05	4.0011e-07
0.036286	4.5122e-05	4.0011e-07
0.036586	4.2826e-05	7.1167e-07
0.036886	4.4535e-05	3.9446e-07
0.037186	4.4787e-05	3.9269e-07
0.037486	4.359e-05	3.8957e-07
0.037786	4.2246e-05	3.9685e-07
0.038085	4.1749e-05	3.9056e-07
0.038385	4.1548e-05	3.8878e-07
0.038685	4.2473e-05	3.8087e-07
0.038985	4.1787e-05	3.8925e-07
0.039285	4.0018e-05	3.8448e-07
0.039585	4.2171e-05	3.8692e-07
0.039885	3.9785e-05	3.7817e-07
0.040185	4.0214e-05	3.8019e-07
0.040485	3.9649e-05	3.8372e-07
0.040784	4.039e-05	3.7618e-07
0.041084	3.9044e-05	3.7954e-07
0.041384	3.991e-05	3.7176e-07
0.041684	3.8955e-05	3.7199e-07
0.041984	3.9416e-05	3.7158e-07
0.042284	3.6748e-05	3.731e-07
0.042584	3.6741e-05	3.7641e-07
0.042884	3.6974e-05	3.7235e-07
0.043183	3.9228e-05	3.8713e-07
0.043483	3.6631e-05	3.8057e-07
0.043783	3.6732e-05	3.8797e-07
0.044083	3.6216e-05	3.8805e-07
0.044383	3.554e-05	3.865e-07
0.044683	3.484e-05	3.9673e-07
0.044983	3.5316e-05	3.9328e-07
0.045282	3.5909e-05	3.9607e-07
0.045582	3.4114e-05	3.8669e-07
0.045882	3.2963e-05	3.9419e-07
0.046182	3.4156e-05	4.0015e-07
0.046482	3.3517e-05	3.969e-07
0.046782	3.2401e-05	4.0765e-07
0.047082	3.2318e-05	3.9374e-07
0.047382	3.267e-05	3.9613e-07
0.047681	3.1918e-05	4.0243e-07
0.047981	3.1355e-05	4.0671e-07
0.048281	3.2582e-05	4.1281e-07
0.048581	3.2063e-05	3.9852e-07
0.048881	3.1376e-05	4.0362e-07
0.049181	3.1201e-05	3.997e-07
0.049481	2.9798e-05	4.0075e-07
0.049781	2.8413e-05	3.9152e-07
0.05008	2.9602e-05	3.7856e-07
0.05038	2.9565e-05	3.8634e-07
0.05068	3.0374e-05	3.9048e-07
0.05098	3.0291e-05	3.8633e-07
0.05128	2.8752e-05	3.9169e-07
0.05158	2.7746e-05	3.9051e-07
0.05188	2.8673e-05	3.9401e-07
0.052179	2.8417e-05	3.916e-07
0.052479	2.86e-05	3.9508e-07
0.052779	2.7314e-05	3.9226e-07
0.053079	2.6458e-05	3.8735e-07
0.053379	2.7283e-05	3.94e-07
0.053679	2.7257e-05	3.9668e-07
0.053979	2.6943e-05	3.9246e-07
0.054279	2.6497e-05	3.9129e-07
0.054578	2.7032e-05	3.827e-07
0.054878	2.5693e-05	3.9618e-07
0.055178	2.4361e-05	3.9048e-07
0.055478	2.5401e-05	3.8954e-07
0.055778	2.5229e-05	3.8759e-07
0.056078	2.4826e-05	3.8812e-07
0.056378	2.4703e-05	3.8559e-07
0.056677	2.329e-05	3.8596e-07
0.056977	2.3546e-05	3.8603e-07
0.057277	2.4111e-05	3.8491e-07
0.057577	2.2669e-05	3.8887e-07
0.057877	2.1837e-05	3.8575e-07
0.058177	2.365e-05	3.9044e-07
0.058477	2.1649e-05	3.8526e-07
0.058776	2.3403e-05	3.8143e-07
0.059076	2.3193e-05	3.8424e-07
0.059376	2.1036e-05	3.87e-07
0.059676	2.1735e-05	3.8393e-07
0.059976	1.9289e-05	3.8693e-07
0.060276	2.0949e-05	3.7539e-07
0.060576	2.1731e-05	3.8641e-07
0.060875	1.9175e-05	3.7752e-07
0.061175	2.16e-05	3.7524e-07
0.061475	2.1934e-05	3.7971e-07
0.061775	2.0733e-05	3.8261e-07
0.062075	1.9103e-05	3.8455e-07
0.062375	2.0161e-05	3.7829e-07
0.062675	1.9191e-05	3.7969e-07
0.062974	1.975e-05	3.7947e-07
0.063274	1.9383e-05	3.7442e-07
0.063574	2.0496e-05	3.7869e-07
0.063874	1.9301e-05	3.7611e-07
0.064174	2.0197e-05	3.788e-07
0.064474	1.9374e-05	3.7398e-07
0.064774	1.9368e-05	3.6885e-07
0.065073	1.7049e-05	3.8091e-07
0.065373	1.8798e-05	3.6795e-07
0.065673	1.8613e-05	3.7486e-07
0.065973	1.7768e-05	3.6899e-07
0.066273	1.6859e-05	3.7714e-07
0.066573	1.7161e-05	3.727e-07
0.066872	1.6366e-05	3.6862e-07
0.067172	1.5712e-05	3.7561e-07
0.067472	1.5307e-05	3.7918e-07
0.067772	1.6207e-05	3.7074e-07
0.068072	1.5437e-05	3.6405e-07
0.068372	1.6767e-05	3.6494e-07
0.068672	1.5462e-05	3.6708e-07
0.068971	1.5633e-05	3.608e-07
0.069271	1.4725e-05	3.6278e-07
0.069571	1.5127e-05	3.6937e-07
0.069871	1.5702e-05	3.702e-07
0.070171	1.4005e-05	3.644e-07
0.070471	1.5735e-05	3.6405e-07
0.07077	1.3709e-05	3.6939e-07
0.07107	1.4416e-05	3.7017e-07
0.07137	1.3145e-05	3.6576e-07
0.07167	1.4357e-05	3.6892e-07
0.07197	1.494e-05	3.6144e-07
0.07227	1.443e-05	3.6658e-07
0.07257	1.4326e-05	3.624e-07
0.072869	1.4351e-05	3.6245e-07
0.073169	1.2147e-05	3.6008e-07
0.073469	1.3122e-05	3.5963e-07
0.073769	1.3889e-05	3.6271e-07
0.074069	1.2585e-05	3.601e-07
0.074369	1.3191e-05	3.6036e-07
0.074668	1.2871e-05	3.6358e-07
0.074968	1.3857e-05	3.5451e-07
0.075268	1.3221e-05	3.6491e-07
0.075568	1.2747e-05	3.569e-07
0.075868	1.2702e-05	3.6135e-07
0.076168	1.158e-05	3.6063e-07
0.076467	1.343e-05	3.5215e-07
0.076767	1.1375e-05	3.5582e-07
0.077067	1.1743e-05	3.5804e-07
0.077367	1.2883e-05	3.527e-07
0.077667	1.1386e-05	3.558e-07
0.077967	1.1014e-05	3.6127e-07
0.078266	1.149e-05	3.5449e-07
0.078566	1.2345e-05	3.5362e-07
0.078866	1.0655e-05	3.6658e-07
0.079166	1.0695e-05	3.6772e-07
0.079466	1.0935e-05	3.766e-07
0.079766	1.0856e-05	3.8242e-07
0.080065	1.0539e-05	3.8524e-07
0.080365	1.1866e-05	3.8751e-07
0.080665	9.2823e-06	3.8851e-07
0.080965	1.0028e-05	4.013e-07
0.081265	1.043e-05	3.9485e-07
0.081565	1.0514e-05	4.0445e-07
0.081864	1.1109e-05	4.0177e-07
0.082164	1.0535e-05	4.0004e-07
0.082464	9.3513e-06	4.0091e-07
0.082764	1.0366e-05	3.989e-07
0.083064	1.0392e-05	4.0172e-07
0.083364	9.9482e-06	4.0231e-07
0.083663	9.9964e-06	4.0657e-07
0.083963	1.0315e-05	4.2025e-07
0.084263	9.2944e-06	3.852e-07
0.084563	9.7467e-06	3.7157e-07
0.084863	9.4692e-06	3.7813e-07
0.085163	9.5403e-06	3.7219e-07
0.085462	8.3499e-06	3.73e-07
0.085762	8.6764e-06	3.7083e-07
0.086062	8.7636e-06	3.6649e-07
0.086362	9.2785e-06	3.5544e-07
0.086662	1.0095e-05	3.4412e-07
0.086961	8.5874e-06	3.4481e-07
0.087261	8.3341e-06	3.4894e-07
0.087561	8.2136e-06	3.5166e-07
0.087861	8.75e-06	3.5244e-07
0.088161	9.5134e-06	3.4931e-07
0.088461	8.0642e-06	3.4457e-07
0.08876	7.5914e-06	3.537e-07
0.08906	8.9924e-06	3.5068e-07
0.08936	7.9259e-06	3.4719e-07
0.08966	8.8472e-06	3.5108e-07
0.08996	7.6371e-06	3.4274e-07
0.090259	8.4077e-06	3.4874e-07
0.090559	7.2275e-06	3.4419e-07
0.090859	7.5664e-06	3.5167e-07
0.091159	8.0074e-06	3.4326e-07
0.091459	6.0832e-06	3.4253e-07
0.091759	7.3852e-06	3.4447e-07
0.092058	6.6489e-06	3.3903e-07
0.092358	7.7649e-06	3.4289e-07
0.092658	7.3015e-06	3.4529e-07
0.092958	6.8864e-06	3.4326e-07
0.093258	7.2715e-06	3.4843e-07
0.093557	7.5857e-06	3.3585e-07
0.093857	7.3055e-06	3.4205e-07
0.094157	7.6532e-06	3.3996e-07
0.094457	7.4027e-06	3.3624e-07
0.094757	7.16e-06	3.4014e-07
0.095056	7.0205e-06	3.3857e-07
0.095356	6.3392e-06	3.4018e-07
0.095656	5.6351e-06	3.3586e-07
0.095956	6.4766e-06	3.3758e-07
0.096256	6.1722e-06	3.4202e-07
0.096556	6.3414e-06	3.3584e-07
0.096855	6.0002e-06	3.3754e-07
0.097155	6.1218e-06	3.3651e-07
0.097455	4.5157e-06	3.3901e-07
0.097755	6.6836e-06	3.3423e-07
0.098055	6.5287e-06	3.3756e-07
0.098354	5.8553e-06	3.3888e-07
0.098654	6.8265e-06	3.3564e-07
0.098954	5.8515e-06	3.341e-07
0.099254	6.1578e-06	3.3563e-07
0.099554	6.4344e-06	3.3106e-07
0.099853	5.0019e-06	3.3705e-07
0.10015	6.3611e-06	3.296e-07
0.10045	5.1678e-06	3.3452e-07
0.10075	4.8948e-06	3.3544e-07
0.10105	4.9574e-06	3.3212e-07
0.10135	4.6549e-06	3.3087e-07
0.10165	6.1841e-06	3.3036e-07
0.10195	5.8542e-06	3.3018e-07
0.10225	4.1032e-06	3.2878e-07
0.10255	5.9835e-06	3.2861e-07
0.10285	5.9813e-06	3.2783e-07
0.10315	4.1407e-06	3.28e-07
0.10345	5.276e-06	3.3043e-07
0.10375	4.7582e-06	3.278e-07
0.10405	5.1194e-06	3.2868e-07
0.10435	5.9394e-06	3.3059e-07
0.10465	3.8036e-06	3.2258e-07
0.10495	6.0775e-06	3.1699e-07
0.10525	4.2306e-06	3.1994e-07
0.10555	5.536e-06	3.2355e-07
0.10585	4.2983e-06	3.2318e-07
0.10615	4.5648e-06	3.2519e-07
0.10645	3.7359e-06	3.2773e-07
0.10675	3.7978e-06	3.2297e-07
0.10705	3.9157e-06	3.2625e-07
0.10735	5.5887e-06	3.1776e-07
0.10765	3.4891e-06	3.2097e-07
0.10795	5.4607e-06	3.235e-07
0.10825	4.3961e-06	3.2289e-07
0.10855	4.3676e-06	3.2361e-07
0.10885	4.1767e-06	3.1882e-07
0.10915	3.8412e-06	3.2215e-07
0.10945	4.7117e-06	3.241e-07
0.10975	4.6373e-06	3.1629e-07
0.11005	4.3882e-06	3.1312e-07
0.11035	3.7665e-06	3.184e-07
0.11065	3.6797e-06	3.199e-07
0.11095	3.4635e-06	3.1915e-07
0.11125	4.8143e-06	3.1848e-07
0.11155	5.0841e-06	3.2046e-07
0.11184	3.9826e-06	3.1559e-07
0.11214	4.8081e-06	3.1705e-07
0.11244	3.7152e-06	3.1367e-07
0.11274	4.4628e-06	3.1712e-07
0.11304	4.2632e-06	3.1561e-07
0.11334	4.3227e-06	3.0723e-07
0.11364	5.2103e-06	3.0309e-07
0.11394	5.075e-06	3.103e-07
0.11424	3.5877e-06	3.0668e-07
0.11454	3.9477e-06	3.1556e-07
0.11484	3.9668e-06	3.0741e-07
0.11514	3.9443e-06	3.0953e-07
0.11544	3.3092e-06	3.1132e-07
0.11574	3.8683e-06	3.1522e-07
0.11604	4.0193e-06	3.1318e-07
0.11634	2.9697e-06	3.1146e-07
0.11664	2.9645e-06	3.1074e-07
0.11694	4.5927e-06	3.1401e-07
0.11724	4.3515e-06	3.1293e-07
0.11754	3.6984e-06	3.0874e-07
0.11784	2.5873e-06	3.1042e-07
0.11814	4.2466e-06	3.1119e-07
0.11844	4.2981e-06	3.0848e-07
0.11874	3.5087e-06	3.1238e-07
0.11904	3.9989e-06	3.1113e-07
0.11934	3.584e-06	3.1278e-07
0.11964	4.3044e-06	3.0722e-07
0.11994	2.6322e-06	3.1289e-07
0.12024	4.2713e-06	3.0485e-07
0.12054	3.6423e-06	3.1491e-07
0.12084	4.0511e-06	3.1367e-07
0.12114	3.4732e-06	3.0359e-07
0.12144	3.272e-06	3.0772e-07
0.12174	2.5996e-06	3.0691e-07
0.12204	3.4126e-06	3.1032e-07
0.12234	2.6261e-06	3.1287e-07
0.12264	3.442e-06	3.0513e-07
0.12294	2.3191e-06	3.1708e-07
0.12324	3.0499e-06	3.1833e-07
0.12354	2.6197e-06	3.268e-07
0.12384	2.1458e-06	3.2475e-07
0.12414	1.8512e-06	3.2564e-07
0.12443	2.5846e-06	3.3635e-07
0.12473	3.5543e-06	3.295e-07
0.12503	2.4568e-06	3.3633e-07
0.12533	2.2101e-06	3.2084e-07
0.12563	2.0949e-06	3.1578e-07
0.12593	4.6059e-06	3.2004e-07
0.12623	3.8192e-06	3.1251e-07
0.12653	3.2052e-06	3.1748e-07
0.12683	2.448e-06	3.1815e-07
0.12713	2.0792e-06	3.124e-07
0.12743	4.6356e-06	3.1599e-07
0.12773	2.1505e-06	3.117e-07
0.12803	2.3744e-06	3.1479e-07
0.12833	2.4331e-06	3.1467e-07
0.12863	3.2345e-06	3.132e-07
0.12893	3.5258e-06	3.0729e-07
0.12923	2.976e-06	3.0918e-07
0.12953	2.3871e-06	3.1376e-07
0.12983	3.0425e-06	3.0853e-07
0.13013	2.9477e-06	3.0811e-07
0.13043	2.6916e-06	3.0201e-07
0.13073	3.3383e-06	3.0389e-07
0.13103	2.8464e-06	3.0404e-07
0.13133	1.7749e-06	3.0498e-07
0.13163	2.7607e-06	3.0314e-07
0.13193	2.9811e-06	3.0123e-07
0.13223	2.3605e-06	3.015e-07
0.13253	2.381e-06	3.0253e-07
0.13283	2.7361e-06	3.0228e-07
0.13313	1.9692e-06	3.0334e-07
0.13343	2.2185e-06	3.0191e-07
0.13373	2.1421e-06	3.0206e-07
0.13403	2.5619e-06	2.9884e-07
0.13433	2.5364e-06	2.9919e-07
0.13463	2.7394e-06	2.9738e-07
0.13493	2.8615e-06	2.9285e-07
0.13523	2.751e-06	3.0045e-07
0.13553	3.116e-06	2.9217e-07
0.13582	3.5752e-06	2.9852e-07
0.13612	2.8839e-06	2.9785e-07
0.13642	2.0538e-06	2.9529e-07
0.13672	2.4829e-06	2.97e-07
0.13702	2.08e-06	2.9896e-07
0.13732	2.597e-06	3.0189e-07
0.13762	2.0263e-06	2.9678e-07
0.13792	2.3697e-06	2.933e-07
0.13822	2.0446e-06	2.936e-07
0.13852	2.0612e-06	2.9206e-07
0.13882	2.6263e-06	2.934e-07
0.13912	1.2498e-06	2.9123e-07
0.13942	2.8965e-06	2.9159e-07
0.13972	1.7559e-06	2.9416e-07
0.14002	2.0184e-06	2.9462e-07
0.14032	2.2367e-06	2.9067e-07
0.14062	2.6431e-06	2.9192e-07
0.14092	2.7396e-06	2.9452e-07
0.14122	2.6658e-06	2.954e-07
0.14152	1.7686e-06	2.882e-07
0.14182	2.1039e-06	2.9341e-07
0.14212	2.5927e-06	2.9127e-07
0.14242	1.9232e-06	2.996e-07
0.14272	2.2986e-06	3.036e-07
0.14302	1.8664e-06	3.0473e-07
0.14332	3.9757e-06	2.9899e-07
0.14362	1.678e-06	3.0288e-07
0.14392	2.5184e-06	3.1444e-07
0.14422	2.4442e-06	3.1054e-07
0.14452	1.0468e-06	3.1849e-07
0.14482	3.6583e-06	3.1691e-07
0.14512	1.6457e-06	3.1539e-07
0.14542	2.33e-06	3.1962e-07
0.14572	2.3182e-06	3.1732e-07
0.14601	1.9107e-06	3.2369e-07
0.14631	3.6947e-07	3.1968e-07
0.14661	2.0017e-06	3.2297e-07
0.14691	1.8632e-06	3.2475e-07
0.14721	1.4224e-06	3.1874e-07
0.14751	9.8953e-07	3.2022e-07
0.14781	3.265e-06	3.0255e-07
0.14811	2.7245e-06	3.0015e-07
0.14841	1.8812e-06	2.9654e-07
0.14871	1.2252e-06	2.9708e-07
0.14901	1.8889e-06	2.9496e-07
0.14931	1.1291e-06	2.9053e-07
0.14961	2.0793e-06	2.9501e-07
0.14991	2.1414e-06	2.9396e-07
0.15021	2.4821e-06	2.9487e-07
0.15051	1.1276e-06	2.9535e-07
0.15081	1.2305e-06	2.9256e-07
0.15111	2.1847e-06	2.9491e-07
0.15141	1.6055e-06	2.919e-07
0.15171	2.169e-06	2.9187e-07
0.15201	9.4179e-07	2.9386e-07
0.15231	2.2362e-06	2.9232e-07
0.15261	2.3143e-06	2.9434e-07
0.15291	1.8164e-06	2.8734e-07
0.15321	2.1942e-06	2.8837e-07
0.15351	1.3423e-06	2.9131e-07
0.15381	1.101e-06	2.8768e-07
0.15411	1.3599e-06	2.9177e-07
0.15441	1.9913e-06	2.84e-07
0.15471	1.0133e-06	2.8999e-07
0.15501	1.5463e-06	2.8929e-07
0.15531	1.3977e-06	2.8491e-07
0.1556	2.2644e-06	2.889e-07
0.1559	1.4473e-06	2.8234e-07
0.1562	2.701e-06	2.8749e-07
0.1565	2.4609e-06	2.8482e-07
0.1568	1.7095e-06	2.807e-07
0.1571	2.8704e-06	2.8424e-07
0.1574	1.5469e-06	2.8101e-07
0.1577	1.6082e-06	2.8943e-07
0.158	6.4642e-07	2.8926e-07
0.1583	1.7712e-06	2.8103e-07
0.1586	1.2983e-06	2.8564e-07
0.1589	1.9707e-06	2.8315e-07
0.1592	1.8734e-06	2.8319e-07
0.1595	1.2158e-06	2.8162e-07
0.1598	1.5595e-06	2.853e-07
0.1601	1.8973e-06	2.7973e-07
0.1604	4.9423e-07	2.8049e-07
0.1607	1.9921e-06	2.8006e-07
0.161	1.5225e-06	2.8025e-07
0.1613	1.7181e-06	2.7775e-07
0.1616	2.0131e-06	2.7337e-07
0.1619	1.015e-06	2.7381e-07
0.1622	2.2246e-06	2.7682e-07
0.1625	2.0576e-06	2.7696e-07
0.1628	2.1161e-06	2.7803e-07
0.1631	1.9496e-06	2.7571e-07
0.1634	6.6835e-07	2.7655e-07
0.1637	1.428e-06	2.77e-07
0.164	2.0736e-06	2.7933e-07
0.16429	1.8127e-06	2.7669e-07
0.16459	1.5576e-06	2.7566e-07
0.16489	2.1039e-06	2.7761e-07
0.16519	2.5599e-06	2.7156e-07
0.16549	1.7552e-06	2.799e-07
0.16579	7.7251e-07	2.7356e-07
0.16609	1.6038e-06	2.7502e-07
0.16639	1.7028e-06	2.7562e-07
0.16669	2.4774e-06	2.7219e-07
0.16699	1.9892e-06	2.7658e-07
0.16729	1.7829e-06	2.7053e-07
0.16759	2.3093e-06	2.7339e-07
0.16789	2.1697e-06	2.7774e-07
0.16819	9.2246e-07	2.7387e-07
0.16849	7.8812e-07	2.7849e-07
0.16879	2.0797e-06	2.736e-07
0.16909	1.2214e-06	2.776e-07
0.16939	2.6303e-06	2.7515e-07
0.16969	2.901e-07	2.7278e-07
0.16999	2.2313e-06	2.7397e-07
0.17029	6.9881e-07	2.6913e-07
0.17059	1.5368e-06	2.7277e-07
0.17089	2.3839e-06	2.7096e-07
0.17119	1.6466e-06	2.7184e-07
0.17149	1.6943e-06	2.7195e-07
0.17179	9.6856e-07	2.709e-07
0.17209	1.2951e-06	2.7162e-07
0.17238	9.0739e-07	2.6881e-07
0.17268	1.8496e-06	2.711e-07
0.17298	8.8146e-07	2.7154e-07
0.17328	1.0941e-06	2.7002e-07
0.17358	2.0699e-06	2.7026e-07
0.17388	1.1082e-06	2.7147e-07
0.17418	8.9628e-07	2.7299e-07
0.17448	1.1347e-06	2.721e-07
0.17478	1.7497e-06	2.6467e-07
0.17508	1.4128e-06	2.7047e-07
0.17538	2.4181e-06	2.6759e-07
0.17568	5.5655e-07	2.7086e-07
0.17598	1.3248e-06	2.6738e-07
0.17628	1.5149e-06	2.6747e-07
0.17658	1.2959e-06	2.6769e-07
0.17688	8.4896e-07	2.6198e-07
0.17718	1.0734e-06	2.6193e-07
0.17748	2.2111e-06	2.6213e-07
0.17778	8.2128e-07	2.6514e-07
0.17808	6.592e-07	2.6641e-07
0.17838	1.3376e-06	2.6579e-07
0.17868	1.0854e-06	2.6613e-07
0.17898	4.6071e-07	2.6545e-07
0.17928	1.6426e-06	2.6558e-07
0.17958	1.8221e-06	2.614e-07
0.17988	9.7766e-07	2.6022e-07
0.18017	1.1731e-06	2.5819e-07
0.18047	1.8862e-06	2.6239e-07
0.18077	1.4196e-06	2.633e-07
0.18107	1.3663e-06	2.5941e-07
0.18137	9.0998e-07	2.6508e-07
0.18167	1.0318e-06	2.6466e-07
0.18197	9.5534e-07	2.612e-07
0.18227	1.0322e-06	2.6037e-07
0.18257	1.0763e-06	2.5771e-07
0.18287	1.6845e-06	2.6358e-07
0.18317	1.4186e-06	2.5915e-07
0.18347	8.8103e-07	2.6148e-07
0.18377	2.8111e-07	2.6254e-07
0.18407	9.6713e-07	2.6149e-07
0.18437	1.6612e-06	2.6129e-07
0.18467	7.7441e-07	2.6037e-07
0.18497	7.4095e-07	2.6187e-07
0.18527	1.7407e-06	2.6011e-07
0.18557	1.4731e-06	2.6105e-07
0.18587	8.439e-07	2.6137e-07
0.18617	1.2799e-06	2.6032e-07
0.18647	7.7274e-07	2.6015e-07
0.18677	1.0262e-06	2.5723e-07
0.18707	1.2574e-06	2.5983e-07
0.18736	1.2473e-06	2.6159e-07
0.18766	6.7214e-07	2.6077e-07
0.18796	2.0559e-07	2.6104e-07
0.18826	5.8691e-07	2.6067e-07
0.18856	6.7406e-08	2.5707e-07
0.18886	4.4648e-07	2.6399e-07
0.18916	1.7399e-06	2.5793e-07
0.18946	6.531e-07	2.6025e-07
0.18976	1.1135e-06	2.611e-07
0.19006	1.5267e-06	2.5873e-07
0.19036	9.1585e-07	2.5968e-07
0.19066	1.2995e-06	2.5605e-07
0.19096	1.6414e-06	2.5634e-07
0.19126	1.881e-06	2.5385e-07
0.19156	5.997e-07	2.5842e-07
0.19186	3.1967e-07	2.5781e-07
0.19216	1.2862e-06	2.5652e-07
0.19246	9.3237e-07	2.5657e-07
0.19276	7.6902e-07	2.5847e-07
0.19306	1.1956e-06	2.5843e-07
0.19336	8.8515e-07	2.5525e-07
0.19366	2.1352e-06	2.5367e-07
0.19395	5.279e-07	2.5832e-07
0.19425	1.2957e-06	2.5751e-07
0.19455	1.7392e-07	2.5882e-07
0.19485	7.1505e-07	2.5418e-07
0.19515	1.5023e-06	2.5843e-07
0.19545	1.4679e-06	2.5312e-07
0.19575	1.9416e-07	2.5559e-07
0.19605	1.0435e-06	2.585e-07
0.19635	5.3242e-07	2.5433e-07
0.19665	1.0522e-06	2.5387e-07
0.19695	6.2385e-07	2.5357e-07
0.19725	1.1885e-06	2.5608e-07
0.19755	8.7265e-07	2.5404e-07
0.19785	9.9519e-07	2.5375e-07
0.19815	8.3165e-07	2.5347e-07
0.19845	8.5628e-07	2.4892e-07
0.19875	1.3558e-06	2.5057e-07
0.19905	9.5546e-07	2.5144e-07
0.19935	1.3503e-06	2.5074e-07
0.19965	2.0204e-06	2.5387e-07
0.19995	1.3156e-06	2.4837e-07
0.20025	1.2933e-06	2.5292e-07
0.20054	1.1207e-06	2.4975e-07
0.20084	4.0386e-07	2.5222e-07
0.20114	-4.0515e-09	2.4812e-07
0.20144	8.7924e-07	2.4944e-07
0.20174	1.1842e-06	2.5192e-07
0.20204	8.9456e-07	2.5228e-07
0.20234	1.2726e-06	2.5049e-07
0.20264	9.8324e-07	2.4997e-07
0.20294	4.4142e-07	2.5017e-07
0.20324	1.4458e-06	2.5053e-07
0.20354	1.5307e-06	2.5164e-07
0.20384	1.207e-06	2.4974e-07
0.20414	5.3302e-07	2.5347e-07
0.20444	2.5806e-07	2.5155e-07
0.20474	9.8075e-07	2.5215e-07
0.20504	8.1315e-07	2.5059e-07
0.20534	1.91e-06	2.4974e-07
0.20564	2.9283e-07	2.4955e-07
0.20594	9.3394e-07	2.5711e-07
0.20624	4.7193e-07	2.6215e-07
0.20653	1.0601e-06	2.6137e-07
0.20683	5.7491e-07	2.6194e-07
0.20713	5.0802e-07	2.6873e-07
0.20743	1.2354e-07	2.6945e-07
0.20773	3.1204e-07	2.6766e-07
0.20803	3.8647e-07	2.6917e-07
0.20833	4.0477e-08	2.7221e-07
0.20863	1.5758e-06	2.6702e-07
0.20893	1.7774e-06	2.7046e-07
0.20923	1.0908e-06	2.6994e-07
0.20953	5.4458e-07	2.7201e-07
0.20983	1.2023e-06	2.7377e-07
0.21013	1.0978e-06	2.6934e-07
0.21043	5.5579e-07	2.7467e-07
0.21073	6.0277e-07	2.7568e-07
0.21103	1.5282e-06	2.7783e-07
0.21133	1.877e-06	2.5977e-07
0.21163	9.5362e-08	2.6099e-07
0.21193	6.9536e-08	2.5983e-07
0.21223	1.2778e-06	2.5598e-07
0.21252	8.697e-07	2.5643e-07
0.21282	1.5339e-07	2.5511e-07
0.21312	1.9961e-07	2.5367e-07
0.21342	-3.5355e-07	2.594e-07
0.21372	1.1718e-06	2.5225e-07
0.21402	6.5926e-07	2.5488e-07
0.21432	6.1273e-07	2.5315e-07
0.21462	5.5534e-07	2.5045e-07
0.21492	1.2043e-06	2.5324e-07
0.21522	-7.2551e-07	2.522e-07
0.21552	1.1623e-06	2.519e-07
0.21582	4.5316e-08	2.521e-07
0.21612	7.2862e-07	2.5051e-07
0.21642	2.4262e-07	2.4662e-07
0.21672	7.5658e-07	2.4625e-07
0.21702	4.1649e-07	2.4694e-07
0.21732	1.1721e-06	2.468e-07
0.21762	7.5194e-07	2.4738e-07
0.21792	6.1144e-07	2.458e-07
0.21821	8.7949e-07	2.6184e-07
0.21851	2.9115e-07	2.4931e-07
0.21881	8.9563e-07	2.479e-07
0.21911	2.6177e-07	2.4701e-07
0.21941	-2.5146e-08	2.4879e-07
0.21971	-1.429e-07	2.4724e-07
0.22001	6.6363e-07	2.4862e-07
0.22031	1.1272e-06	2.4601e-07
0.22061	2.2059e-07	2.4939e-07
0.22091	1.1067e-07	2.4624e-07
0.22121	6.6403e-07	2.4945e-07
0.22151	4.7211e-07	2.4627e-07
0.22181	-7.5502e-07	2.4648e-07
0.22211	-1.0127e-07	2.4747e-07
0.22241	1.6475e-06	2.4508e-07
0.22271	6.2569e-07	2.4651e-07
0.22301	6.5067e-07	2.4361e-07
0.22331	8.3181e-07	2.469e-07
0.2236	4.0891e-07	2.449e-07
0.2239	8.2183e-07	2.4835e-07
0.2242	4.9668e-07	2.4449e-07
0.2245	6.5707e-07	2.4263e-07
0.2248	5.535e-07	2.4437e-07
0.2251	3.1497e-07	2.4314e-07
0.2254	6.1574e-07	2.4372e-07
0.2257	2.7124e-07	2.444e-07
0.226	4.709e-07	2.4196e-07
0.2263	1.159e-06	2.4593e-07
0.2266	1.312e-06	2.4415e-07
0.2269	9.8493e-07	2.4258e-07
0.2272	7.861e-08	2.4619e-07
0.2275	6.6976e-07	2.4449e-07
0.2278	9.741e-07	2.4378e-07
0.2281	-5.0681e-07	2.4122e-07
0.2284	5.3341e-07	2.4192e-07
0.22869	5.9613e-07	2.4234e-07
0.22899	5.901e-07	2.4131e-07
0.22929	-4.2004e-07	2.453e-07
0.22959	3.2004e-09	2.413e-07
0.22989	-6.2193e-07	2.4473e-07
0.23019	-2.0064e-07	2.4418e-07
0.23049	4.3526e-07	2.4133e-07
0.23079	4.8549e-07	2.4335e-07
0.23109	8.0925e-07	2.4049e-07
0.23139	5.5228e-07	2.4314e-07
0.23169	5.783e-07	2.3859e-07
0.23199	4.5141e-08	2.4118e-07
0.23229	-2.7531e-07	2.4086e-07
0.23259	5.6096e-07	2.3923e-07
0.23289	8.155e-07	2.406e-07
0.23319	-7.2385e-08	2.4087e-07
0.23349	6.9535e-07	2.4201e-07
0.23378	6.2754e-07	2.3874e-07
0.23408	1.9405e-07	2.4016e-07
0.23438	1.514e-06	2.3592e-07
0.23468	1.0329e-06	2.3224e-07
0.23498	4.2498e-07	2.3504e-07
0.23528	1.1459e-06	2.3782e-07
0.23558	6.8395e-07	2.3682e-07
0.23588	-6.2624e-09	2.3843e-07
0.23618	7.5196e-07	2.3616e-07
0.23648	5.8771e-07	2.3708e-07
0.23678	3.3706e-07	2.3708e-07
0.23708	6.1423e-07	2.3641e-07
0.23738	4.7422e-07	2.3558e-07
0.23768	5.6291e-07	2.374e-07
0.23798	1.7849e-08	2.3604e-07
0.23828	8.3343e-08	2.3395e-07
0.23857	2.5217e-08	2.3841e-07
0.23887	9.2046e-07	2.3747e-07
0.23917	6.8457e-07	2.3637e-07
0.23947	1.069e-06	2.3754e-07
0.23977	4.3309e-07	2.3348e-07
0.24007	1.1749e-06	2.3491e-07
0.24037	2.7265e-07	2.3015e-07
0.24067	5.2128e-07	2.3253e-07
0.24097	5.6569e-08	2.3262e-07
0.24127	5.6527e-07	2.3253e-07
0.24157	3.281e-07	2.3479e-07
0.24187	1.3159e-06	2.302e-07
0.24217	4.8469e-07	2.3432e-07
0.24247	3.9363e-08	2.3313e-07
0.24277	8.6195e-07	2.3289e-07
0.24307	1.1601e-06	2.3232e-07
0.24336	7.0812e-07	2.3213e-07
0.24366	-2.8211e-09	2.3448e-07
0.24396	7.6844e-07	2.3182e-07
0.24426	1.7015e-07	2.3333e-07
0.24456	6.7832e-07	2.3416e-07
0.24486	4.7818e-07	2.3067e-07
0.24516	9.7544e-07	2.3372e-07
0.24546	4.752e-07	2.3358e-07
0.24576	7.0649e-07	2.3251e-07
0.24606	9.2261e-07	2.3351e-07
0.24636	1.9974e-07	2.3096e-07
0.24666	1.1704e-07	2.3528e-07
0.24696	7.5264e-07	2.3119e-07
0.24726	4.8676e-07	2.3366e-07
0.24756	-4.9141e-08	2.3248e-07
0.24785	3.3003e-08	2.3126e-07
0.24815	-1.0078e-07	2.3521e-07
0.24845	3.8452e-07	2.3053e-07
0.24875	2.497e-07	2.3171e-07
0.24905	1.1579e-06	2.319e-07
0.24935	-6.823e-07	2.3199e-07
0.24965	8.9177e-08	2.3138e-07
0.24995	7.1642e-07	2.3026e-07
0.25025	7.4802e-07	2.3046e-07
0.25055	5.2317e-07	2.3065e-07
0.25085	-1.3632e-07	2.3166e-07
0.25115	-1.6494e-07	2.3185e-07
0.25145	9.1335e-07	2.3105e-07
0.25175	3.6315e-07	2.3206e-07
0.25205	3.1633e-07	2.2978e-07
0.25234	1.0434e-06	2.323e-07
0.25264	4.2109e-07	2.2833e-07
0.25294	-2.0655e-07	2.2534e-07
0.25324	2.8509e-07	2.2291e-07
0.25354	5.9657e-07	2.2904e-07
0.25384	-3.8914e-07	2.2855e-07
0.25414	7.6724e-07	2.2883e-07
0.25444	4.6341e-07	2.2865e-07
0.25474	5.7458e-07	2.261e-07
0.25504	2.4903e-08	2.2783e-07
0.25534	8.6507e-07	2.3038e-07
0.25564	1.0032e-06	2.3023e-07
0.25594	5.5465e-07	2.2711e-07
0.25624	3.1067e-07	2.2746e-07
0.25653	-6.1167e-07	2.2959e-07
0.25683	3.2666e-07	2.2974e-07
0.25713	3.8323e-07	2.2689e-07
0.25743	7.8406e-07	2.2796e-07
0.25773	-3.935e-07	2.2861e-07
0.25803	3.3109e-07	2.2756e-07
0.25833	-4.1865e-07	2.2654e-07
0.25863	6.8782e-07	2.2507e-07
0.25893	-1.047e-07	2.307e-07
0.25923	9.3829e-07	2.2694e-07
0.25953	7.3098e-07	2.2816e-07
0.25983	2.6978e-07	2.2593e-07
0.26013	5.3886e-07	2.2752e-07
0.26043	1.8528e-07	2.2961e-07
0.26072	1.4259e-06	2.2652e-07
0.26102	6.8386e-07	2.2754e-07
0.26132	1.2737e-06	2.2497e-07
0.26162	5.5181e-07	2.2688e-07
0.26192	5.7002e-07	2.2654e-07
0.26222	4.8006e-07	2.247e-07
0.26252	6.5761e-07	2.2828e-07
0.26282	4.8308e-07	2.2542e-07
0.26312	1.3314e-06	2.2927e-07
0.26342	4.1087e-07	2.2525e-07
0.26372	6.9262e-07	2.26e-07
0.26402	9.7129e-09	2.2636e-07
0.26432	7.936e-07	2.2683e-07
0.26462	5.754e-07	2.2535e-07
0.26491	2.6468e-07	2.2525e-07
0.26521	6.0116e-07	2.2778e-07
0.26551	4.8577e-07	2.2706e-07
0.26581	1.3418e-07	2.2464e-07
0.26611	9.0214e-07	2.2546e-07
0.26641	-6.9724e-07	2.2513e-07
0.26671	6.9846e-07	2.2632e-07
0.26701	5.0583e-07	2.2343e-07
0.26731	9.1622e-07	2.2474e-07
0.26761	3.3299e-07	2.2389e-07
0.26791	-2.5815e-07	2.2547e-07
0.26821	-3.7106e-07	2.2647e-07
0.26851	7.7508e-08	2.2249e-07
0.2688	7.43e-07	2.2569e-07
0.2691	-3.5331e-08	2.2577e-07
0.2694	3.8934e-07	2.2192e-07
0.2697	-2.6871e-07	2.2956e-07
0.27	6.3368e-07	2.3165e-07
0.2703	6.5781e-07	2.3654e-07
0.2706	2.3641e-07	2.3726e-07
0.2709	4.9634e-07	2.349e-07
0.2712	7.8375e-07	2.4212e-07
0.2715	7.7452e-07	2.4567e-07
0.2718	1.9305e-07	2.4941e-07
0.2721	9.4168e-07	2.5027e-07
0.2724	-6.1031e-07	2.5551e-07
0.27269	7.1279e-07	2.5775e-07
0.27299	4.9364e-07	2.5613e-07
0.27329	6.2387e-09	2.6574e-07
0.27359	6.539e-07	2.6201e-07
0.27389	8.3694e-08	2.681e-07
0.27419	8.1386e-07	2.6695e-07
0.27449	-2.2507e-07	2.6825e-07
0.27479	7.5707e-07	2.7251e-07
0.27509	3.654e-07	2.6929e-07
0.27539	-4.957e-07	2.7847e-07
0.27569	3.9071e-07	2.7781e-07
0.27599	1.2347e-07	2.7979e-07
0.27628	7.6492e-07	2.7811e-07
0.27658	-9.1027e-08	2.7751e-07
0.27688	4.2318e-07	2.822e-07
0.27718	-1.9791e-07	2.8574e-07
0.27748	2.4553e-07	2.8202e-07
0.27778	2.8844e-07	2.8048e-07
0.27808	8.2748e-07	2.8356e-07
0.27838	1.9037e-06	2.9007e-07
0.27868	5.5462e-07	2.8677e-07
0.27898	1.2493e-06	2.869e-07
0.27928	1.4815e-06	2.896e-07
0.27958	1.9242e-07	2.9111e-07
0.27987	1.2956e-07	2.9426e-07
0.28017	9.0494e-07	2.8873e-07
0.28047	6.7262e-07	2.9235e-07
0.28077	2.639e-07	2.9616e-07
0.28107	-7.9041e-07	2.9591e-07
0.28137	7.2081e-07	2.9817e-07
0.28167	1.2699e-07	2.9715e-07
0.28197	7.6239e-07	3.0042e-07
0.28227	-6.6642e-07	2.9474e-07
0.28257	-2.2642e-07	2.9962e-07
0.28287	-5.4303e-07	3.0142e-07
0.28317	5.1534e-07	2.971e-07
0.28346	-4.9267e-07	3.084e-07
0.28376	9.6852e-07	2.9566e-07
0.28406	2.3272e-07	3.0305e-07
0.28436	6.1946e-07	3.0029e-07
0.28466	-1.0482e-06	3.0435e-07
0.28496	9.6285e-07	3.0544e-07
0.28526	-2.5476e-07	3.0113e-07
0.28556	-2.6603e-07	3.0962e-07
0.28586	9.4006e-08	3.0572e-07
0.28616	-1.9129e-07	3.1177e-07
0.28646	9.2409e-07	3.0799e-07
0.28676	8.3151e-07	3.1263e-07
0.28705	1.0367e-06	3.1276e-07
0.28735	-6.5319e-07	3.1017e-07
0.28765	1.1453e-07	3.1423e-07
0.28795	2.8775e-07	3.1324e-07
0.28825	7.0953e-07	3.1108e-07
0.28855	2.6658e-07	3.1949e-07
0.28885	8.7005e-08	3.1205e-07
0.28915	-1.708e-07	3.2209e-07
0.28945	7.3186e-07	3.2014e-07
0.28975	8.6241e-07	3.1899e-07
0.29005	8.9787e-07	3.2238e-07
0.29035	1.4656e-07	3.1771e-07
0.29064	-1.6841e-07	3.2624e-07
0.29094	1.2304e-06	3.2036e-07
0.29124	1.2186e-07	3.2394e-07
0.29154	8.1922e-07	3.2633e-07
0.29184	6.7606e-07	3.23e-07
0.29214	3.5326e-07	3.3288e-07
0.29244	4.2162e-07	3.2305e-07
0.29274	1.179e-06	3.2686e-07
0.29304	-1.59e-07	3.3223e-07
0.29334	-2.6575e-07	3.3188e-07
0.29364	9.0483e-07	3.29e-07
0.29393	2.0842e-07	3.3069e-07
0.29423	-5.4902e-07	3.341e-07
0.29453	-3.9087e-07	3.3651e-07
0.29483	1.3374e-06	3.357e-07
0.29513	8.5078e-07	3.3401e-07
0.29543	7.7137e-07	3.3505e-07
0.29573	-2.3565e-07	3.3992e-07
0.29603	-4.5421e-07	3.4057e-07
0.29633	-9.2315e-07	3.342e-07
0.29663	-7.2408e-07	6.6022e-07
0.29693	-5.9346e-07	3.4343e-07
0.29722	8.3597e-07	3.4401e-07
0.29752	5.3198e-07	3.4141e-07
0.29782	-3.6296e-08	3.3914e-07
0.29812	-4.2061e-07	3.4645e-07
0.29842	8.1213e-07	3.5102e-07
0.29872	-1.9257e-07	3.4506e-07
0.29902	-2.009e-07	3.434e-07
0.29932	1.3166e-06	3.4941e-07
0.29962	-4.1414e-08	3.5031e-07
0.29992	7.4792e-07	3.5106e-07
0.30022	6.6125e-07	3.4556e-07
0.30051	2.996e-07	3.4701e-07
0.30081	4.3519e-07	3.5394e-07
0.30111	8.1857e-07	3.4927e-07
0.30141	8.2403e-07	3.5105e-07
0.30171	-1.3178e-06	3.5159e-07
0.30201	1.3202e-06	3.614e-07
0.30231	-5.7741e-07	3.6233e-07
0.30261	3.7477e-07	3.4939e-07
0.30291	-2.0756e-07	3.5791e-07
0.30321	-1.2838e-07	3.5876e-07
0.3035	7.5514e-07	3.6104e-07
0.3038	8.2353e-07	3.6137e-07
0.3041	-3.3923e-07	3.5452e-07
0.3044	-8.6905e-07	3.6975e-07
0.3047	-1.0185e-06	3.5969e-07
0.305	4.5779e-07	3.6729e-07
0.3053	-8.1421e-07	3.7052e-07
0.3056	6.0109e-08	3.6851e-07
0.3059	1.4743e-06	3.7309e-07
0.3062	-4.2703e-07	3.5974e-07
0.3065	-3.2426e-07	3.6726e-07
0.30679	9.4834e-08	3.6557e-07
0.30709	5.6534e-07	3.7116e-07
0.30739	8.501e-08	3.7098e-07
0.30769	4.1868e-08	3.65e-07
0.30799	8.2926e-07	3.6654e-07
0.30829	2.7546e-07	3.7295e-07
0.30859	9.7232e-07	3.7874e-07
0.30889	6.1613e-07	3.7972e-07
0.30919	2.354e-07	3.719e-07
0.30949	9.8252e-07	3.7386e-07
0.30978	2.4871e-07	3.7301e-07
0.31008	1.1494e-06	3.7893e-07
0.31038	1.0954e-06	3.7547e-07
0.31068	-1.6549e-07	3.8585e-07
0.31098	-5.691e-08	3.8167e-07
0.31128	-7.8294e-07	3.7514e-07
0.31158	4.3278e-07	3.8072e-07
0.31188	-1.057e-06	3.8194e-07
0.31218	-1.0925e-06	3.8902e-07
0.31248	-2.5316e-07	3.8109e-07
0.31277	2.3544e-07	5.8544e-07
0.31307	1.3564e-07	3.8677e-07
0.31337	-6.8686e-08	3.8521e-07
0.31367	-1.9414e-07	3.9743e-07
0.31397	4.2992e-08	3.8801e-07
0.31427	6.2945e-07	3.9198e-07
0.31457	-2.0177e-07	3.9428e-07
0.31487	-3.5718e-07	3.9332e-07
0.31517	-4.6825e-08	4.0592e-07
0.31547	3.9314e-07	3.8981e-07
0.31576	1.9215e-07	4.0163e-07
0.31606	6.5448e-07	3.9198e-07
0.31636	-1.5823e-07	3.9421e-07
0.31666	1.6923e-07	4.068e-07
0.31696	-5.742e-07	4.0399e-07
0.31726	5.0447e-07	4.0627e-07
0.31756	3.7111e-07	3.9797e-07
0.31786	-5.4303e-07	4.0566e-07
0.31816	5.9555e-07	4.1382e-07
0.31846	5.5208e-07	3.9625e-07
0.31875	-1.7453e-07	4.1052e-07
0.31905	8.0755e-07	4.082e-07
0.31935	2.2179e-07	4.0915e-07
0.31965	-6.6763e-07	4.1519e-07
0.31995	1.0987e-07	4.0543e-07
0.32025	2.3416e-07	4.1859e-07
0.32055	4.222e-07	4.0651e-07
0.32085	7.7518e-07	4.0883e-07
0.32115	-4.1615e-07	4.2233e-07
0.32144	1.0644e-06	4.1431e-07
0.32174	1.9766e-06	4.2171e-07
0.32204	-5.5277e-07	4.1939e-07
0.32234	1.4487e-06	4.2356e-07
0.32264	4.809e-07	4.2322e-07
0.32294	2.2668e-07	4.2076e-07
0.32324	5.7611e-07	4.4171e-07
0.32354	-1.1003e-07	4.2202e-07
0.32384	-7.854e-07	4.2335e-07
0.32414	4.4463e-07	4.3174e-07
0.32443	5.6033e-08	4.3612e-07
0.32473	8.2876e-07	4.3403e-07
0.32503	9.2412e-07	4.3025e-07
0.32533	9.2517e-07	4.4056e-07
0.32563	7.0223e-07	4.3794e-07
0.32593	-2.8952e-08	4.4209e-07
0.32623	-1.3445e-06	4.5119e-07
0.32653	3.8926e-07	4.4569e-07
0.32683	1.014e-06	4.5263e-07
0.32712	-8.8682e-07	4.5009e-07
0.32742	7.3298e-07	4.4971e-07
0.32772	8.0157e-07	4.5446e-07
0.32802	1.4035e-06	4.5775e-07
0.32832	-5.0612e-07	4.6274e-07
0.32862	4.7687e-07	4.5211e-07
0.32892	-7.6922e-07	4.6611e-07
0.32922	-7.714e-07	4.5532e-07
0.32952	-1.1322e-06	4.6426e-07
0.32981	8.7918e-07	4.5439e-07
0.33011	-3.4944e-07	4.7066e-07
0.33041	3.4168e-07	4.7388e-07
0.33071	1.3196e-06	4.5953e-07
0.33101	1.8385e-06	4.6097e-07
0.33131	-1.6296e-06	4.6249e-07
0.33161	1.5997e-06	4.6961e-07
0.33191	1.4862e-07	4.8776e-07
0.33221	1.5471e-06	4.5862e-07
0.3325	-6.5932e-07	4.7669e-07
0.3328	-3.4754e-07	4.7806e-07
0.3331	9.6822e-07	4.8587e-07
0.3334	3.2713e-08	4.8276e-07
0.3337	2.0611e-07	4.816e-07
0.334	5.1659e-07	4.9091e-07
0.3343	1.3501e-06	4.7328e-07
0.3346	7.9709e-07	4.8791e-07
0.3349	-5.7848e-08	4.9083e-07
0.33519	2.5925e-07	4.9982e-07
0.33549	-7.6718e-07	4.9827e-07
0.33579	-1.4591e-06	4.8816e-07
0.33609	1.3243e-06	5.0295e-07
0.33639	-6.2787e-07	4.8691e-07
0.33669	-3.5403e-07	4.9811e-07
0.33699	-7.3922e-07	5.2644e-07
0.33729	9.9778e-07	4.961e-07
0.33759	1.6972e-06	5.079e-07
0.33788	9.9365e-07	4.9313e-07
0.33818	1.5494e-06	5.1957e-07
0.33848	4.9967e-07	5.0688e-07
0.33878	1.4512e-06	5.067e-07
0.33908	1.17e-06	5.2985e-07
0.33938	1.0228e-06	5.0552e-07
0.33968	1.8341e-07	5.398e-07
0.33998	-3.9488e-07	5.1922e-07
0.34028	1.0371e-07	5.3276e-07
0.34057	1.3042e-06	5.3651e-07
0.34087	-1.3651e-06	5.233e-07
0.34117	1.4872e-06	5.3338e-07
0.34147	1.4745e-06	5.3365e-07
0.34177	1.0641e-06	5.2807e-07
0.34207	1.2553e-06	5.3768e-07
0.34237	-9.2977e-08	5.2667e-07
0.34267	-1.0372e-06	5.4396e-07
0.34296	1.5066e-06	5.1058e-07
0.34326	3.7643e-07	5.4433e-07
0.34356	6.699e-07	5.2229e-07
0.34386	3.2674e-07	5.3029e-07
0.34416	2.8635e-07	5.6188e-07
0.34446	-8.0929e-08	5.2327e-07
0.34476	-4.2147e-07	5.4188e-07
0.34506	5.7342e-07	5.2414e-07
0.34536	3.0431e-06	5.4799e-07
0.34565	1.1775e-07	5.5867e-07
0.34595	-1.3943e-07	5.3412e-07
0.34625	7.0046e-07	5.7738e-07
0.34655	-8.0983e-07	5.4083e-07
0.34685	-1.3383e-06	5.6552e-07
0.34715	-6.8877e-08	5.5657e-07
0.34745	1.7945e-06	5.558e-07
0.34775	7.9496e-07	5.8108e-07
0.34804	7.1936e-08	5.6241e-07
0.34834	1.4803e-07	5.7779e-07
0.34864	-1.6449e-07	5.638e-07
0.34894	9.1844e-08	5.7318e-07
0.34924	1.9488e-06	6.0245e-07
0.34954	-9.9122e-07	5.6849e-07
0.34984	1.5623e-06	5.9635e-07
0.35014	1.1391e-06	5.7934e-07
0.35043	8.8694e-07	5.9789e-07
0.35073	-5.0653e-07	6.0017e-07
0.35103	-9.6558e-07	5.9748e-07
0.35133	2.3761e-06	6.1362e-07
0.35163	1.2974e-06	5.7412e-07
0.35193	1.6256e-06	6.1889e-07
0.35223	1.8969e-07	5.9051e-07
0.35253	3.7928e-07	6.1505e-07
0.35282	-1.7559e-06	6.2831e-07
0.35312	8.5739e-07	5.8645e-07
0.35342	1.2338e-06	6.2921e-07
0.35372	-1.501e-06	6.2277e-07
0.35402	-9.1971e-07	6.402e-07
0.35432	-1.0464e-06	6.3745e-07
0.35462	-2.777e-06	6.2001e-07
0.35492	2.8648e-06	6.3822e-07
0.35521	7.0796e-07	6.2238e-07
0.35551	2.1547e-06	6.515e-07
0.35581	8.7111e-07	6.4282e-07
0.35611	-8.9648e-07	6.6357e-07
0.35641	1.6656e-06	6.6134e-07
0.35671	2.3426e-07	6.5363e-07
0.35701	-1.0747e-07	6.8963e-07
0.35731	2.5087e-07	6.5331e-07
0.3576	-3.1721e-07	6.9197e-07
0.3579	-9.7542e-07	7.042e-07
0.3582	-2.2971e-06	6.5244e-07
0.3585	-1.7154e-06	7.2961e-07
0.3588	1.6574e-06	6.7792e-07
0.3591	-1.9568e-06	7.4484e-07
0.3594	1.664e-06	7.0527e-07
0.3597	2.1468e-06	7.0413e-07
0.35999	1.4792e-06	7.5091e-07
0.36029	1.8453e-07	6.744e-07
0.36059	-1.136e-06	7.5573e-07
0.36089	1.5335e-06	6.9133e-07
0.36119	2.1081e-08	7.2797e-07
0.36149	-1.3219e-06	7.822e-07
0.36179	-9.4164e-08	7.0755e-07
0.36209	1.1355e-06	7.8858e-07
0.36238	-2.8403e-06	7.3002e-07
0.36268	-5.526e-07	7.8292e-07
0.36298	-2.4126e-06	8.0286e-07
0.36328	-1.6055e-06	7.835e-07
0.36358	1.3961e-06	8.0559e-07
0.36388	4.5368e-07	7.294e-07
0.36418	-4.7105e-07	8.2683e-07
0.36447	2.4974e-06	7.9233e-07
0.36477	-2.3377e-06	8.2282e-07
0.36507	2.492e-06	9.0088e-07
0.36537	-1.8697e-07	7.7389e-07
0.36567	-1.5558e-06	8.765e-07
0.36597	8.2841e-08	8.0915e-07
0.36627	-1.4705e-06	8.8143e-07
0.36657	-6.3962e-07	8.8914e-07
0.36686	-8.1848e-07	8.2154e-07
0.36716	-1.712e-06	9.0488e-07
0.36746	3.001e-06	8.3359e-07
0.36776	-3.0064e-06	9.6252e-07
0.36806	-9.9381e-07	8.7139e-07
0.36836	1.0621e-07	8.7846e-07
0.36866	-2.7179e-06	9.9499e-07
0.36895	1.5403e-06	8.7721e-07
0.36925	-1.8346e-06	9.9746e-07
0.36955	-1.7408e-06	9.2873e-07
0.36985	1.7924e-06	1.0025e-06
0.37015	1.3236e-06	1.0817e-06
0.37045	-5e-06	9.4062e-07
0.37075	-2.6816e-06	1.0754e-06
0.37105	-1.379e-07	9.7688e-07
0.37134	1.5919e-06	1.0258e-06
0.37164	2.2606e-06	1.051e-06
0.37194	-1.9473e-06	1.0492e-06
0.37224	-1.7316e-06	1.1615e-06
0.37254	-2.6784e-06	1.0121e-06
0.37284	2.6257e-06	1.2022e-06
0.37314	3.1396e-06	1.083e-06
0.37343	-5.7691e-07	1.086e-06
0.37373	-1.3454e-06	1.4364e-06
0.37403	-3.5852e-06	1.0627e-06
0.37433	5.3379e-06	1.384e-06
0.37463	1.0226e-06	1.1429e-06
0.37493	-4.0611e-06	1.3621e-06
0.37523	4.0323e-06	1.388e-06
0.37552	-3.2552e-06	1.2308e-06
