1.000000000000000000e+00 3.824077248573303223e-01
2.000000000000000000e+00 6.471664905548095703e-01
3.000000000000000000e+00 8.672919869422912598e-01
4.000000000000000000e+00 1.056238055229187012e+00
5.000000000000000000e+00 1.222294807434082031e+00
6.000000000000000000e+00 1.371514439582824707e+00
7.000000000000000000e+00 1.507491350173950195e+00
8.000000000000000000e+00 1.633123636245727539e+00
9.000000000000000000e+00 1.750225186347961426e+00
1.000000000000000000e+01 1.860242486000061035e+00
1.100000000000000000e+01 1.964247941970825195e+00
1.200000000000000000e+01 2.063192129135131836e+00
1.300000000000000000e+01 2.157561302185058594e+00
1.400000000000000000e+01 2.248165130615234375e+00
1.500000000000000000e+01 2.335415124893188477e+00
1.600000000000000000e+01 2.419580459594726562e+00
1.700000000000000000e+01 2.501133680343627930e+00
1.800000000000000000e+01 2.580149173736572266e+00
1.900000000000000000e+01 2.656778335571289062e+00
2.000000000000000000e+01 2.731287956237792969e+00
2.100000000000000000e+01 2.803675413131713867e+00
2.200000000000000000e+01 2.874190330505371094e+00
2.300000000000000000e+01 2.942769050598144531e+00
2.400000000000000000e+01 3.009836196899414062e+00
2.500000000000000000e+01 3.075360536575317383e+00
2.600000000000000000e+01 3.139524936676025391e+00
2.700000000000000000e+01 3.202286005020141602e+00
2.800000000000000000e+01 3.263883829116821289e+00
2.900000000000000000e+01 3.324372768402099609e+00
3.000000000000000000e+01 3.383861303329467773e+00
3.100000000000000000e+01 3.442396640777587891e+00
3.200000000000000000e+01 3.499932289123535156e+00
3.300000000000000000e+01 3.556483745574951172e+00
3.400000000000000000e+01 3.612146854400634766e+00
3.500000000000000000e+01 3.666831254959106445e+00
3.600000000000000000e+01 3.720755815505981445e+00
3.700000000000000000e+01 3.773823738098144531e+00
3.800000000000000000e+01 3.826162099838256836e+00
3.900000000000000000e+01 3.877739191055297852e+00
4.000000000000000000e+01 3.928530693054199219e+00
4.100000000000000000e+01 3.978575944900512695e+00
4.200000000000000000e+01 4.027818679809570312e+00
4.300000000000000000e+01 4.076443195343017578e+00
4.400000000000000000e+01 4.124375343322753906e+00
4.500000000000000000e+01 4.171661853790283203e+00
4.600000000000000000e+01 4.218361854553222656e+00
4.700000000000000000e+01 4.264473915100097656e+00
4.800000000000000000e+01 4.309956550598144531e+00
4.900000000000000000e+01 4.354840278625488281e+00
5.000000000000000000e+01 4.399197101593017578e+00
5.100000000000000000e+01 4.443034648895263672e+00
5.200000000000000000e+01 4.486416816711425781e+00
5.300000000000000000e+01 4.529395103454589844e+00
5.400000000000000000e+01 4.571892738342285156e+00
5.500000000000000000e+01 4.613957405090332031e+00
5.600000000000000000e+01 4.655570983886718750e+00
5.700000000000000000e+01 4.696798801422119141e+00
5.800000000000000000e+01 4.737634181976318359e+00
5.900000000000000000e+01 4.778075695037841797e+00
6.000000000000000000e+01 4.818130493164062500e+00
6.100000000000000000e+01 4.857662200927734375e+00
6.200000000000000000e+01 4.896756649017333984e+00
6.300000000000000000e+01 4.935407161712646484e+00
6.400000000000000000e+01 4.973592758178710938e+00
6.500000000000000000e+01 5.011448383331298828e+00
6.600000000000000000e+01 5.048879623413085938e+00
6.700000000000000000e+01 5.085853576660156250e+00
6.800000000000000000e+01 5.122407436370849609e+00
6.900000000000000000e+01 5.158475399017333984e+00
7.000000000000000000e+01 5.194102287292480469e+00
7.100000000000000000e+01 5.229211330413818359e+00
7.200000000000000000e+01 5.263902187347412109e+00
7.300000000000000000e+01 5.298200607299804688e+00
7.400000000000000000e+01 5.332085609436035156e+00
7.500000000000000000e+01 5.365666866302490234e+00
7.600000000000000000e+01 5.398783206939697266e+00
7.700000000000000000e+01 5.431375503540039062e+00
7.800000000000000000e+01 5.463476181030273438e+00
7.900000000000000000e+01 5.494939804077148438e+00
8.000000000000000000e+01 5.525942802429199219e+00
8.100000000000000000e+01 5.556573390960693359e+00
8.200000000000000000e+01 5.586815357208251953e+00
8.300000000000000000e+01 5.616705894470214844e+00
8.400000000000000000e+01 5.646173954010009766e+00
8.500000000000000000e+01 5.675270557403564453e+00
8.600000000000000000e+01 5.703941345214843750e+00
8.700000000000000000e+01 5.732356071472167969e+00
8.800000000000000000e+01 5.760552406311035156e+00
8.900000000000000000e+01 5.788446426391601562e+00
9.000000000000000000e+01 5.816071033477783203e+00
9.100000000000000000e+01 5.843459606170654297e+00
9.200000000000000000e+01 5.870583057403564453e+00
9.300000000000000000e+01 5.897399902343750000e+00
9.400000000000000000e+01 5.923971176147460938e+00
9.500000000000000000e+01 5.950290203094482422e+00
9.600000000000000000e+01 5.976293563842773438e+00
9.700000000000000000e+01 6.002142906188964844e+00
9.800000000000000000e+01 6.027723312377929688e+00
9.900000000000000000e+01 6.053049087524414062e+00
1.000000000000000000e+02 6.078091621398925781e+00
1.010000000000000000e+02 6.102784633636474609e+00
1.020000000000000000e+02 6.127266883850097656e+00
1.030000000000000000e+02 6.151407718658447266e+00
1.040000000000000000e+02 6.175469398498535156e+00
1.050000000000000000e+02 6.199291706085205078e+00
1.060000000000000000e+02 6.222958087921142578e+00
1.070000000000000000e+02 6.246468544006347656e+00
1.080000000000000000e+02 6.269768238067626953e+00
1.090000000000000000e+02 6.293029308319091797e+00
1.100000000000000000e+02 6.316268920898437500e+00
1.110000000000000000e+02 6.339296340942382812e+00
1.120000000000000000e+02 6.362245082855224609e+00
1.130000000000000000e+02 6.384881496429443359e+00
1.140000000000000000e+02 6.407253742218017578e+00
1.150000000000000000e+02 6.429089069366455078e+00
1.160000000000000000e+02 6.450819969177246094e+00
1.170000000000000000e+02 6.472196102142333984e+00
1.180000000000000000e+02 6.493393898010253906e+00
1.190000000000000000e+02 6.514153957366943359e+00
1.200000000000000000e+02 6.534778594970703125e+00
1.210000000000000000e+02 6.555251121520996094e+00
1.220000000000000000e+02 6.575478076934814453e+00
1.230000000000000000e+02 6.595818042755126953e+00
1.240000000000000000e+02 6.615959644317626953e+00
1.250000000000000000e+02 6.635849475860595703e+00
1.260000000000000000e+02 6.655740261077880859e+00
1.270000000000000000e+02 6.675038814544677734e+00
1.280000000000000000e+02 6.693991184234619141e+00
1.290000000000000000e+02 6.712498664855957031e+00
1.300000000000000000e+02 6.730638980865478516e+00
1.310000000000000000e+02 6.748225688934326172e+00
1.320000000000000000e+02 6.765460968017578125e+00
1.330000000000000000e+02 6.781940460205078125e+00
1.340000000000000000e+02 6.798658370971679688e+00
1.350000000000000000e+02 6.814507007598876953e+00
1.360000000000000000e+02 6.830527782440185547e+00
