1.000000000000000000e+00 3.824268281459808350e-01
2.000000000000000000e+00 6.489906311035156250e-01
3.000000000000000000e+00 8.708212375640869141e-01
4.000000000000000000e+00 1.061216473579406738e+00
5.000000000000000000e+00 1.228430032730102539e+00
6.000000000000000000e+00 1.378477811813354492e+00
7.000000000000000000e+00 1.515101671218872070e+00
8.000000000000000000e+00 1.641168355941772461e+00
9.000000000000000000e+00 1.758585214614868164e+00
1.000000000000000000e+01 1.868868827819824219e+00
1.100000000000000000e+01 1.973129272460937500e+00
1.200000000000000000e+01 2.072243928909301758e+00
1.300000000000000000e+01 2.166755437850952148e+00
1.400000000000000000e+01 2.257422924041748047e+00
1.500000000000000000e+01 2.344705343246459961e+00
1.600000000000000000e+01 2.428905248641967773e+00
1.700000000000000000e+01 2.510524988174438477e+00
1.800000000000000000e+01 2.589641571044921875e+00
1.900000000000000000e+01 2.666408061981201172e+00
2.000000000000000000e+01 2.741093397140502930e+00
2.100000000000000000e+01 2.813702344894409180e+00
2.200000000000000000e+01 2.884467840194702148e+00
2.300000000000000000e+01 2.953315973281860352e+00
2.400000000000000000e+01 3.020641803741455078e+00
2.500000000000000000e+01 3.086413860321044922e+00
2.600000000000000000e+01 3.150814294815063477e+00
2.700000000000000000e+01 3.213798284530639648e+00
2.800000000000000000e+01 3.275618553161621094e+00
2.900000000000000000e+01 3.336343765258789062e+00
3.000000000000000000e+01 3.396090269088745117e+00
3.100000000000000000e+01 3.454910755157470703e+00
3.200000000000000000e+01 3.512705087661743164e+00
3.300000000000000000e+01 3.569472789764404297e+00
3.400000000000000000e+01 3.625252246856689453e+00
3.500000000000000000e+01 3.680003643035888672e+00
3.600000000000000000e+01 3.733945369720458984e+00
3.700000000000000000e+01 3.787030220031738281e+00
3.800000000000000000e+01 3.839385986328125000e+00
3.900000000000000000e+01 3.890983819961547852e+00
4.000000000000000000e+01 3.941811084747314453e+00
4.100000000000000000e+01 3.991920471191406250e+00
4.200000000000000000e+01 4.041251659393310547e+00
4.300000000000000000e+01 4.089985847473144531e+00
4.400000000000000000e+01 4.137987136840820312e+00
4.500000000000000000e+01 4.185328006744384766e+00
4.600000000000000000e+01 4.232015609741210938e+00
4.700000000000000000e+01 4.278077125549316406e+00
4.800000000000000000e+01 4.323490619659423828e+00
4.900000000000000000e+01 4.368302822113037109e+00
5.000000000000000000e+01 4.412580490112304688e+00
5.100000000000000000e+01 4.456305503845214844e+00
5.200000000000000000e+01 4.499541282653808594e+00
5.300000000000000000e+01 4.542339324951171875e+00
5.400000000000000000e+01 4.584623336791992188e+00
5.500000000000000000e+01 4.626449108123779297e+00
5.600000000000000000e+01 4.667788505554199219e+00
5.700000000000000000e+01 4.708713531494140625e+00
5.800000000000000000e+01 4.749215602874755859e+00
5.900000000000000000e+01 4.789299964904785156e+00
6.000000000000000000e+01 4.828974246978759766e+00
6.100000000000000000e+01 4.868106842041015625e+00
6.200000000000000000e+01 4.906782627105712891e+00
6.300000000000000000e+01 4.945000171661376953e+00
6.400000000000000000e+01 4.982740879058837891e+00
6.500000000000000000e+01 5.020153522491455078e+00
6.600000000000000000e+01 5.057133674621582031e+00
6.700000000000000000e+01 5.093648910522460938e+00
6.800000000000000000e+01 5.129742145538330078e+00
6.900000000000000000e+01 5.165349006652832031e+00
7.000000000000000000e+01 5.200521469116210938e+00
7.100000000000000000e+01 5.235178470611572266e+00
7.200000000000000000e+01 5.269424438476562500e+00
7.300000000000000000e+01 5.303291320800781250e+00
7.400000000000000000e+01 5.336757659912109375e+00
7.500000000000000000e+01 5.369931221008300781e+00
7.600000000000000000e+01 5.402676105499267578e+00
7.700000000000000000e+01 5.434942245483398438e+00
7.800000000000000000e+01 5.466730594635009766e+00
7.900000000000000000e+01 5.497900009155273438e+00
8.000000000000000000e+01 5.528631210327148438e+00
8.100000000000000000e+01 5.559008121490478516e+00
8.200000000000000000e+01 5.589033126831054688e+00
8.300000000000000000e+01 5.618737697601318359e+00
8.400000000000000000e+01 5.648049354553222656e+00
8.500000000000000000e+01 5.677022457122802734e+00
8.600000000000000000e+01 5.705602169036865234e+00
8.700000000000000000e+01 5.733931064605712891e+00
8.800000000000000000e+01 5.762040138244628906e+00
8.900000000000000000e+01 5.789862155914306641e+00
9.000000000000000000e+01 5.817388534545898438e+00
9.100000000000000000e+01 5.844646930694580078e+00
9.200000000000000000e+01 5.871604442596435547e+00
9.300000000000000000e+01 5.898238658905029297e+00
9.400000000000000000e+01 5.924547195434570312e+00
9.500000000000000000e+01 5.950588226318359375e+00
9.600000000000000000e+01 5.976304054260253906e+00
9.700000000000000000e+01 6.001854419708251953e+00
9.800000000000000000e+01 6.027135372161865234e+00
9.900000000000000000e+01 6.052173137664794922e+00
1.000000000000000000e+02 6.076950550079345703e+00
1.010000000000000000e+02 6.101428985595703125e+00
1.020000000000000000e+02 6.125740051269531250e+00
1.030000000000000000e+02 6.149728775024414062e+00
1.040000000000000000e+02 6.173588752746582031e+00
1.050000000000000000e+02 6.197114944458007812e+00
1.060000000000000000e+02 6.220366954803466797e+00
1.070000000000000000e+02 6.243342876434326172e+00
1.080000000000000000e+02 6.266034126281738281e+00
1.090000000000000000e+02 6.288669586181640625e+00
1.100000000000000000e+02 6.311293601989746094e+00
1.110000000000000000e+02 6.333752155303955078e+00
1.120000000000000000e+02 6.356135845184326172e+00
1.130000000000000000e+02 6.378236293792724609e+00
1.140000000000000000e+02 6.400121212005615234e+00
1.150000000000000000e+02 6.421577930450439453e+00
1.160000000000000000e+02 6.442962646484375000e+00
1.170000000000000000e+02 6.463997840881347656e+00
1.180000000000000000e+02 6.484920501708984375e+00
1.190000000000000000e+02 6.505451202392578125e+00
1.200000000000000000e+02 6.525842189788818359e+00
1.210000000000000000e+02 6.546080589294433594e+00
1.220000000000000000e+02 6.566051959991455078e+00
1.230000000000000000e+02 6.586148738861083984e+00
1.240000000000000000e+02 6.606107234954833984e+00
1.250000000000000000e+02 6.625848293304443359e+00
1.260000000000000000e+02 6.645425796508789062e+00
1.270000000000000000e+02 6.664442539215087891e+00
1.280000000000000000e+02 6.682990550994873047e+00
1.290000000000000000e+02 6.701020240783691406e+00
1.300000000000000000e+02 6.718594551086425781e+00
1.310000000000000000e+02 6.735612869262695312e+00
1.320000000000000000e+02 6.752122402191162109e+00
1.330000000000000000e+02 6.767916202545166016e+00
1.340000000000000000e+02 6.783719539642333984e+00
1.350000000000000000e+02 6.798856735229492188e+00
1.360000000000000000e+02 6.814497470855712891e+00
