1.000000000000000000e+00 3.824877738952636719e-01
2.000000000000000000e+00 6.504330039024353027e-01
3.000000000000000000e+00 8.737884759902954102e-01
4.000000000000000000e+00 1.065745592117309570e+00
5.000000000000000000e+00 1.234510064125061035e+00
6.000000000000000000e+00 1.386055827140808105e+00
7.000000000000000000e+00 1.524085164070129395e+00
8.000000000000000000e+00 1.651447415351867676e+00
9.000000000000000000e+00 1.770057916641235352e+00
1.000000000000000000e+01 1.881440401077270508e+00
1.100000000000000000e+01 1.986716151237487793e+00
1.200000000000000000e+01 2.086785316467285156e+00
1.300000000000000000e+01 2.182184934616088867e+00
1.400000000000000000e+01 2.273694992065429688e+00
1.500000000000000000e+01 2.361792564392089844e+00
1.600000000000000000e+01 2.446774244308471680e+00
1.700000000000000000e+01 2.529128551483154297e+00
1.800000000000000000e+01 2.608871221542358398e+00
1.900000000000000000e+01 2.686250925064086914e+00
2.000000000000000000e+01 2.761495828628540039e+00
2.100000000000000000e+01 2.834667921066284180e+00
2.200000000000000000e+01 2.906023025512695312e+00
2.300000000000000000e+01 2.975497245788574219e+00
2.400000000000000000e+01 3.043414592742919922e+00
2.500000000000000000e+01 3.109768152236938477e+00
2.600000000000000000e+01 3.174702167510986328e+00
2.700000000000000000e+01 3.238201141357421875e+00
2.800000000000000000e+01 3.300527811050415039e+00
2.900000000000000000e+01 3.361745595932006836e+00
3.000000000000000000e+01 3.421970844268798828e+00
3.100000000000000000e+01 3.481264114379882812e+00
3.200000000000000000e+01 3.539542675018310547e+00
3.300000000000000000e+01 3.596821784973144531e+00
3.400000000000000000e+01 3.653136014938354492e+00
3.500000000000000000e+01 3.708431482315063477e+00
3.600000000000000000e+01 3.762903690338134766e+00
3.700000000000000000e+01 3.816451072692871094e+00
3.800000000000000000e+01 3.869266033172607422e+00
3.900000000000000000e+01 3.921269655227661133e+00
4.000000000000000000e+01 3.972477436065673828e+00
4.100000000000000000e+01 4.022945880889892578e+00
4.200000000000000000e+01 4.072622299194335938e+00
4.300000000000000000e+01 4.121657371520996094e+00
4.400000000000000000e+01 4.169915676116943359e+00
4.500000000000000000e+01 4.217489719390869141e+00
4.600000000000000000e+01 4.264406681060791016e+00
4.700000000000000000e+01 4.310696601867675781e+00
4.800000000000000000e+01 4.356338500976562500e+00
4.900000000000000000e+01 4.401358127593994141e+00
5.000000000000000000e+01 4.445738792419433594e+00
5.100000000000000000e+01 4.489522457122802734e+00
5.200000000000000000e+01 4.532743930816650391e+00
5.300000000000000000e+01 4.575475692749023438e+00
5.400000000000000000e+01 4.617648601531982422e+00
5.500000000000000000e+01 4.659317016601562500e+00
5.600000000000000000e+01 4.700457572937011719e+00
5.700000000000000000e+01 4.741127967834472656e+00
5.800000000000000000e+01 4.781318187713623047e+00
5.900000000000000000e+01 4.821034908294677734e+00
6.000000000000000000e+01 4.860306739807128906e+00
6.100000000000000000e+01 4.898999691009521484e+00
6.200000000000000000e+01 4.937201023101806641e+00
6.300000000000000000e+01 4.974923610687255859e+00
6.400000000000000000e+01 5.012136936187744141e+00
6.500000000000000000e+01 5.048997879028320312e+00
6.600000000000000000e+01 5.085410118103027344e+00
6.700000000000000000e+01 5.121361255645751953e+00
6.800000000000000000e+01 5.156912326812744141e+00
6.900000000000000000e+01 5.191982269287109375e+00
7.000000000000000000e+01 5.226640701293945312e+00
7.100000000000000000e+01 5.260814189910888672e+00
7.200000000000000000e+01 5.294607162475585938e+00
7.300000000000000000e+01 5.328039169311523438e+00
7.400000000000000000e+01 5.361075401306152344e+00
7.500000000000000000e+01 5.393842697143554688e+00
7.600000000000000000e+01 5.426206111907958984e+00
7.700000000000000000e+01 5.458128452301025391e+00
7.800000000000000000e+01 5.489617347717285156e+00
7.900000000000000000e+01 5.520527362823486328e+00
8.000000000000000000e+01 5.551035404205322266e+00
8.100000000000000000e+01 5.581197261810302734e+00
8.200000000000000000e+01 5.611014842987060547e+00
8.300000000000000000e+01 5.640508651733398438e+00
8.400000000000000000e+01 5.669614791870117188e+00
8.500000000000000000e+01 5.698356151580810547e+00
8.600000000000000000e+01 5.726677417755126953e+00
8.700000000000000000e+01 5.754686832427978516e+00
8.800000000000000000e+01 5.782370567321777344e+00
8.900000000000000000e+01 5.809753417968750000e+00
9.000000000000000000e+01 5.836830139160156250e+00
9.100000000000000000e+01 5.863627433776855469e+00
9.200000000000000000e+01 5.890109539031982422e+00
9.300000000000000000e+01 5.916267395019531250e+00
9.400000000000000000e+01 5.942087650299072266e+00
9.500000000000000000e+01 5.967661857604980469e+00
9.600000000000000000e+01 5.992920398712158203e+00
9.700000000000000000e+01 6.018019199371337891e+00
9.800000000000000000e+01 6.042827606201171875e+00
9.900000000000000000e+01 6.067343235015869141e+00
1.000000000000000000e+02 6.091526985168457031e+00
1.010000000000000000e+02 6.115271091461181641e+00
1.020000000000000000e+02 6.138834476470947266e+00
1.030000000000000000e+02 6.162045001983642578e+00
1.040000000000000000e+02 6.185097694396972656e+00
1.050000000000000000e+02 6.207810401916503906e+00
1.060000000000000000e+02 6.230177402496337891e+00
1.070000000000000000e+02 6.252240657806396484e+00
1.080000000000000000e+02 6.274036407470703125e+00
1.090000000000000000e+02 6.295762538909912109e+00
1.100000000000000000e+02 6.317471504211425781e+00
1.110000000000000000e+02 6.338970661163330078e+00
1.120000000000000000e+02 6.360376358032226562e+00
1.130000000000000000e+02 6.381450653076171875e+00
1.140000000000000000e+02 6.402186393737792969e+00
1.150000000000000000e+02 6.422470569610595703e+00
1.160000000000000000e+02 6.442649364471435547e+00
1.170000000000000000e+02 6.462445259094238281e+00
1.180000000000000000e+02 6.482073783874511719e+00
1.190000000000000000e+02 6.501297950744628906e+00
1.200000000000000000e+02 6.520318031311035156e+00
1.210000000000000000e+02 6.539238929748535156e+00
1.220000000000000000e+02 6.557876586914062500e+00
1.230000000000000000e+02 6.576728820800781250e+00
1.240000000000000000e+02 6.595540046691894531e+00
1.250000000000000000e+02 6.614154815673828125e+00
1.260000000000000000e+02 6.632650852203369141e+00
1.270000000000000000e+02 6.650611877441406250e+00
1.280000000000000000e+02 6.668105602264404297e+00
1.290000000000000000e+02 6.685145854949951172e+00
1.300000000000000000e+02 6.701859474182128906e+00
1.310000000000000000e+02 6.718142986297607422e+00
1.320000000000000000e+02 6.734010219573974609e+00
1.330000000000000000e+02 6.749161720275878906e+00
1.340000000000000000e+02 6.764453887939453125e+00
1.350000000000000000e+02 6.779073238372802734e+00
1.360000000000000000e+02 6.794165611267089844e+00
