0.044301 0.0069728 0.00089503
0.04716 0.0071291 0.00055708
0.050018 0.0075014 0.00050808
0.052876 0.0068512 0.00044223
0.055734 0.0072775 0.00041939
0.058592 0.0072088 0.00037537
0.06145 0.006822 0.0003565
0.064309 0.0068889 0.00033009
0.067167 0.0072733 0.00031471
0.070025 0.0067551 0.0003028
0.072883 0.007207 0.00028033
0.075741 0.0072983 0.00028375
0.078599 0.0072448 0.00027864
0.081457 0.007013 0.00027887
0.084316 0.0068113 0.00027177
0.087174 0.0071772 0.00026167
0.090032 0.0073919 0.00025869
0.09289 0.0070212 0.00025411
0.095748 0.0071597 0.00024584
0.098606 0.0069788 0.0002453
0.10146 0.0069039 0.00023637
0.10432 0.0073646 0.0002402
0.10718 0.0069007 0.00023061
0.11004 0.0071548 0.00023086
0.1129 0.0068458 0.00022584
0.11576 0.0069852 0.00022329
0.11861 0.0066127 0.00022168
0.12147 0.0068118 0.00021683
0.12433 0.0070481 0.0002164
0.12719 0.0070571 0.00020913
0.13005 0.0070278 0.00021044
0.1329 0.0067171 0.00020084
0.13576 0.00692 0.00019223
0.13862 0.0067776 0.00018992
0.14148 0.0064268 0.00018367
0.14434 0.0070006 0.00017912
0.1472 0.0070209 0.00017343
0.15005 0.0067939 0.00017259
0.15291 0.0067794 0.00017274
0.15577 0.0067479 0.0001658
0.15863 0.0065521 0.0001658
0.16149 0.0066527 0.00016046
0.16434 0.0068506 0.00016152
0.1672 0.0065486 0.00015868
0.17006 0.0068069 0.00015592
0.17292 0.0065323 0.00015305
0.17578 0.0067479 0.00015222
0.17863 0.0065108 0.00015083
0.18149 0.0066143 0.00014861
0.18435 0.0065385 0.00014632
0.18721 0.0065694 0.00014546
0.19007 0.0064253 0.00014377
0.19293 0.0062818 0.00014247
0.19578 0.0064437 0.0001406
0.19864 0.0062813 0.000139
0.2015 0.0063919 0.00013856
0.20436 0.0063415 0.0001365
0.20722 0.0061113 0.00013569
0.21007 0.0063529 0.00013445
0.21293 0.0062398 0.00013282
0.21579 0.0061882 0.00013301
0.21865 0.0062422 0.00012988
0.22151 0.0061286 0.00013002
0.22437 0.0061404 0.00012829
0.22722 0.0060178 0.00012822
0.23008 0.0059981 0.0001273
0.23294 0.005932 0.00012521
0.2358 0.0059996 0.00012589
0.23866 0.0062045 0.00012354
0.24151 0.006025 0.00012324
0.24437 0.0059831 0.00012169
0.24723 0.0059868 0.0001206
0.25009 0.0058163 0.00012155
0.25295 0.0059458 0.00011925
0.25581 0.0058249 0.00011929
0.25866 0.0058297 0.00011714
0.26152 0.0055815 0.00011738
0.26438 0.0056967 0.00011763
0.26724 0.0055045 0.00011474
0.2701 0.0057658 0.00011594
0.27295 0.0056023 0.00011331
0.27581 0.0056256 0.00011375
0.27867 0.005593 0.00011336
0.28153 0.0055925 0.00011178
0.28439 0.0056016 0.00011136
0.28724 0.0054851 0.00011118
0.2901 0.0054135 0.00011039
0.29296 0.0056323 0.00010952
0.29582 0.0054298 0.00010842
0.29868 0.0052457 0.00011102
0.30154 0.0051772 0.00011161
0.30439 0.0053691 0.00011208
0.30725 0.0053776 0.00011096
0.31011 0.0051773 0.00011121
0.31297 0.0051953 0.00011179
0.31583 0.0053001 0.00011041
0.31868 0.0051275 0.00011082
0.32154 0.0052146 0.00010963
0.3244 0.0051206 0.00011004
0.32726 0.0049374 0.00011003
0.33012 0.0052118 0.00010912
0.33298 0.0049453 0.0001101
0.33583 0.0050151 0.00010839
0.33869 0.0048827 0.00010949
0.34155 0.0050857 0.00010909
0.34441 0.004902 0.00010839
0.34727 0.0049382 0.00010892
0.35012 0.0048024 0.0001079
0.35298 0.0048621 0.00010846
0.35584 0.0047835 0.00010811
0.3587 0.0048021 0.000107
0.36156 0.0048423 0.00010788
0.36442 0.0045849 0.00010717
0.36727 0.0046791 0.00010734
0.37013 0.004826 0.00010549
0.37299 0.0046677 0.00010669
0.37585 0.004708 0.00010687
0.37871 0.0046458 0.00010579
0.38156 0.0044528 0.00010633
0.38442 0.0043824 0.00010488
0.38728 0.0043906 0.00010552
0.39014 0.0045369 0.00010518
0.393 0.0044301 0.00010398
0.39585 0.0043996 0.00010408
0.39871 0.0043219 0.00010363
0.40157 0.0042918 0.00010398
0.40443 0.0042971 0.00010325
0.40729 0.0043266 0.0001024
0.41015 0.0040396 0.00010342
0.413 0.0042416 0.00010156
0.41586 0.0043012 0.00010254
0.41872 0.0042174 0.00010115
0.42158 0.0040992 0.00010118
0.42444 0.0041559 0.00010156
0.42729 0.0040007 0.00010096
0.43015 0.0041223 0.00010067
0.43301 0.0038825 9.9641e-05
0.43587 0.0040375 0.00010004
0.43873 0.0039857 9.9866e-05
0.44159 0.0039814 9.9114e-05
0.44444 0.0039435 9.9207e-05
0.4473 0.003825 9.8648e-05
0.45016 0.003932 9.8924e-05
0.45302 0.0038331 9.8122e-05
0.45588 0.0038094 9.75e-05
0.45873 0.0037414 9.8321e-05
0.46159 0.0036203 9.7231e-05
0.46445 0.0037044 9.7632e-05
0.46731 0.0038293 9.7076e-05
0.47017 0.0037077 9.6863e-05
0.47302 0.0037342 9.6871e-05
0.47588 0.0036206 9.8139e-05
0.47874 0.0035216 9.9633e-05
0.4816 0.0036867 9.9098e-05
0.48446 0.0036124 0.00010132
0.48732 0.0036372 0.00010102
0.49017 0.0035819 0.00010176
0.49303 0.0034755 0.000102
0.49589 0.0034338 0.00010206
0.49875 0.0032858 0.00010376
0.50161 0.0034378 0.00010242
0.50446 0.0033562 0.00010379
0.50732 0.0032647 0.00010366
0.51018 0.00338 0.00010359
0.51304 0.0033061 0.000105
0.5159 0.0032804 0.00010348
0.51876 0.0032124 0.00010442
0.52161 0.0031688 0.00010466
0.52447 0.003206 0.00010517
0.52733 0.0030595 0.00010602
0.53019 0.0032339 0.0001034
0.53305 0.0032864 0.00010587
0.5359 0.0030943 0.0001054
0.53876 0.0030269 0.000106
0.54162 0.0030364 0.00010585
0.54448 0.0030321 0.00010495
0.54734 0.0029394 0.00010706
0.5502 0.0029286 0.00010579
0.55305 0.0029486 0.00010668
0.55591 0.0030094 0.00010614
0.55877 0.0028465 0.00010631
0.56163 0.0028639 0.00010756
0.56449 0.0028265 0.00010576
0.56734 0.002769 0.00010605
0.5702 0.0027741 0.00010599
0.57306 0.0028432 0.00010642
0.57592 0.0028017 0.00010744
0.57878 0.0028241 0.00010412
0.58163 0.002792 0.00010617
0.58449 0.002821 0.00010549
0.58735 0.0025702 0.00010604
0.59021 0.0026042 0.00010623
0.59307 0.0026996 0.00010419
0.59593 0.0027469 0.00010622
0.59878 0.0025119 0.00010512
0.60164 0.0027246 0.00010565
0.6045 0.0025141 0.00010494
0.60736 0.0024096 0.00010411
0.61022 0.0025354 0.00010619
0.61307 0.0025882 0.00010391
0.61593 0.0024668 0.0001039
0.61879 0.0023207 0.00010487
0.62165 0.0023995 0.00010489
0.62451 0.0024271 0.0001049
0.62737 0.0023807 0.00010337
0.63022 0.0023705 0.00010403
0.63308 0.0023394 0.00010391
0.63594 0.0023422 0.00010411
0.6388 0.0022364 0.00010395
0.64166 0.0022504 0.00010272
0.64451 0.0021704 0.00010409
0.64737 0.0021953 0.00010362
0.65023 0.0021705 0.00010373
0.65309 0.0022042 0.00010239
0.65595 0.0022668 0.0001037
0.65881 0.0021441 0.00010404
0.66166 0.0021564 0.00010239
0.66452 0.0021846 0.00010255
0.66738 0.0020745 0.00010204
0.67024 0.0021941 0.0001031
0.6731 0.00201 0.00010296
0.67595 0.0021996 0.0001016
0.67881 0.0021059 0.00010233
0.68167 0.0019 0.00010342
0.68453 0.0018457 0.00010639
0.68739 0.0018442 0.00010831
0.69024 0.0019369 0.00010718
0.6931 0.001809 0.00011106
0.69596 0.0020538 0.0001108
0.69882 0.0019807 0.00011138
0.70168 0.0019199 0.00011156
0.70454 0.0018647 0.00011237
0.70739 0.0020176 0.00011442
0.71025 0.0018196 0.00011367
0.71311 0.0019612 0.00011444
0.71597 0.0017148 0.0001155
0.71883 0.0018561 0.00011705
0.72168 0.0018666 0.00011778
0.72454 0.0019709 0.00011601
0.7274 0.0016904 0.00011809
0.73026 0.0018324 0.00011765
0.73312 0.0018206 0.00011986
0.73598 0.0016243 0.00012006
0.73883 0.0015968 0.00011741
0.74169 0.0018333 0.0001147
0.74455 0.0017208 0.00011291
0.74741 0.0017431 0.00011217
0.75027 0.0017631 0.0001097
0.75312 0.0015655 0.00010989
0.75598 0.0015697 0.00010972
0.75884 0.0017761 0.00010716
0.7617 0.0014817 0.00010724
0.76456 0.001622 0.000106
0.76742 0.0014337 0.00010654
0.77027 0.0015878 0.00010682
0.77313 0.0015291 0.00010443
0.77599 0.0015037 0.00010411
0.77885 0.0014926 0.00010348
0.78171 0.0015963 0.00010344
0.78456 0.0015118 0.00010394
0.78742 0.0013672 0.00010135
0.79028 0.0014994 0.0001025
0.79314 0.0013555 0.0001018
0.796 0.0015062 0.00010133
0.79885 0.0013787 0.00010074
0.80171 0.0014046 0.00010056
0.80457 0.0015534 0.00010106
0.80743 0.001371 0.00010031
0.81029 0.001427 0.00010098
0.81315 0.0014971 9.9656e-05
0.816 0.0013678 0.00010032
0.81886 0.0014945 0.00010088
0.82172 0.0013637 9.9183e-05
0.82458 0.0014444 9.9619e-05
0.82744 0.0014016 9.904e-05
0.83029 0.0013039 9.9856e-05
0.83315 0.001207 9.9265e-05
0.83601 0.0011816 9.8444e-05
0.83887 0.0013973 0.00010001
0.84173 0.0013189 9.8757e-05
0.84459 0.001183 9.8932e-05
0.84744 0.001267 9.8642e-05
0.8503 0.0012897 9.7696e-05
0.85316 0.0011536 9.9059e-05
0.85602 0.0013107 9.782e-05
0.85888 0.001166 9.7742e-05
0.86173 0.0012296 9.784e-05
0.86459 0.0012232 9.7954e-05
0.86745 0.001191 9.8748e-05
0.87031 0.0011058 9.6982e-05
0.87317 0.0011496 9.7405e-05
0.87603 0.0011276 9.7505e-05
0.87888 0.0011709 9.7413e-05
0.88174 0.0012642 9.7763e-05
0.8846 0.0011334 9.6372e-05
0.88746 0.0011485 9.7024e-05
0.89032 0.0011674 9.6933e-05
0.89317 0.00098689 9.6918e-05
0.89603 0.001169 9.6078e-05
0.89889 0.0011383 9.6116e-05
0.90175 0.00097109 9.6774e-05
0.90461 0.001123 9.6105e-05
0.90746 0.0011511 9.6304e-05
0.91032 0.0010924 9.5318e-05
0.91318 0.0010244 9.6747e-05
0.91604 0.0010831 9.6286e-05
0.9189 0.0011149 9.4936e-05
0.92176 0.00095675 9.5477e-05
0.92461 0.0010125 9.5204e-05
0.92747 0.001112 9.572e-05
0.93033 0.00099837 9.5145e-05
0.93319 0.0010935 9.5046e-05
0.93605 0.0010223 9.571e-05
0.9389 0.00097593 9.4563e-05
0.94176 0.00097444 9.5394e-05
0.94462 0.0010115 9.3995e-05
0.94748 0.0011147 9.4347e-05
0.95034 0.0010939 9.5039e-05
0.9532 0.0011001 9.4245e-05
0.95605 0.00095509 9.4561e-05
0.95891 0.00084263 9.3583e-05
0.96177 0.00095183 9.4519e-05
0.96463 0.0008324 9.4417e-05
0.96749 0.00097849 9.3868e-05
0.97034 0.00079586 9.3549e-05
0.9732 0.00089216 9.3786e-05
0.97606 0.00089115 9.3778e-05
0.97892 0.00089111 9.3915e-05
0.98178 0.00092928 9.2936e-05
0.98464 0.00090025 9.3265e-05
0.98749 0.00075367 9.3351e-05
0.99035 0.00086319 9.3706e-05
0.99321 0.00078824 9.2612e-05
0.99607 0.00076232 9.2519e-05
0.99893 0.00090269 9.3108e-05
1.0018 0.00080664 9.3199e-05
1.0046 0.00081981 9.2523e-05
1.0075 0.00076046 9.2352e-05
1.0104 0.0008627 9.2356e-05
1.0132 0.00090624 9.2505e-05
1.0161 0.00081572 9.1975e-05
1.0189 0.00087063 9.2101e-05
1.0218 0.0006845 9.2104e-05
1.0246 0.00076377 9.2055e-05
1.0275 0.00080636 9.2615e-05
1.0304 0.00083839 9.1167e-05
1.0332 0.00077928 9.1978e-05
1.0361 0.00080842 9.1564e-05
1.0389 0.00089052 9.1481e-05
1.0418 0.00069199 9.1231e-05
1.0447 0.00086119 9.0638e-05
1.0475 0.00070508 9.1768e-05
1.0504 0.00073299 9.0869e-05
1.0532 0.0006857 9.1063e-05
1.0561 0.00059094 9.092e-05
1.0589 0.00066577 9.1062e-05
1.0618 0.00074548 9.1239e-05
1.0647 0.00070849 9.0397e-05
1.0675 0.00064397 9.0275e-05
1.0704 0.00076394 9.0423e-05
1.0732 0.00052671 9.0754e-05
1.0761 0.00067256 9.0254e-05
1.079 0.00080185 9.0655e-05
1.0818 0.00064182 9.0143e-05
1.0847 0.00074125 8.9777e-05
1.0875 0.00067874 9.0491e-05
1.0904 0.00067254 9.2286e-05
1.0932 0.00065939 9.3345e-05
1.0961 0.00058736 9.3894e-05
1.099 0.00064912 9.4727e-05
1.1018 0.00067523 9.5702e-05
1.1047 0.00067351 9.5442e-05
1.1075 0.00067332 9.7267e-05
1.1104 0.00071406 9.7337e-05
1.1133 0.00080529 9.7856e-05
1.1161 0.00057825 9.9577e-05
1.119 0.00063471 9.5001e-05
1.1218 0.00059112 9.582e-05
1.1247 0.00074872 9.5034e-05
1.1275 0.00047715 9.4262e-05
1.1304 0.00064219 9.4705e-05
1.1333 0.00053418 9.3405e-05
1.1361 0.00060902 9.362e-05
1.139 0.00055455 9.2458e-05
1.1418 0.00058107 9.2803e-05
1.1447 0.00057091 9.2531e-05
1.1476 0.00064391 9.2374e-05
1.1504 0.00063094 9.2309e-05
1.1533 0.00065847 9.1132e-05
1.1561 0.00060738 9.2019e-05
1.159 0.0004222 9.1454e-05
1.1618 0.00065153 9.1032e-05
1.1647 0.00068012 9.121e-05
1.1676 0.00057128 8.9927e-05
1.1704 0.00056242 9.1283e-05
1.1733 0.00055691 9.051e-05
1.1761 0.00054714 9.0698e-05
1.179 0.00057431 9.0732e-05
1.1818 0.00055592 8.9537e-05
1.1847 0.00065096 9.0797e-05
1.1876 0.00050453 8.9597e-05
1.1904 0.00052735 8.9192e-05
1.1933 0.00043625 8.9511e-05
1.1961 0.00043211 8.9055e-05
1.199 0.00050943 8.9247e-05
1.2019 0.00047018 8.8002e-05
1.2047 0.00052181 8.868e-05
1.2076 0.00044056 8.8123e-05
1.2104 0.00047323 8.765e-05
1.2133 0.0004202 8.8145e-05
1.2161 0.00042565 8.6827e-05
1.219 0.00043972 8.7689e-05
1.2219 0.00049448 8.7169e-05
1.2247 0.00055127 8.7126e-05
1.2276 0.00060947 8.7136e-05
1.2304 0.00049029 8.6925e-05
1.2333 0.00050924 8.689e-05
1.2362 0.00061343 8.6539e-05
1.239 0.00043714 8.7112e-05
1.2419 0.00047758 8.6657e-05
1.2447 0.00048549 8.6689e-05
1.2476 0.00050335 8.6732e-05
1.2504 0.00040099 8.6092e-05
1.2533 0.00039833 8.6425e-05
1.2562 0.00053014 8.6028e-05
1.259 0.000465 8.623e-05
1.2619 0.00029108 8.63e-05
1.2647 0.00048268 8.5341e-05
1.2676 0.00037534 8.6701e-05
1.2705 0.00044255 8.5757e-05
1.2733 0.0004284 8.5831e-05
1.2762 0.0004895 8.5643e-05
1.279 0.00047189 8.5394e-05
1.2819 0.00040645 8.5845e-05
1.2847 0.00044653 8.4817e-05
1.2876 0.00049243 8.5251e-05
1.2905 0.00035706 8.7845e-05
1.2933 0.00031414 8.9296e-05
1.2962 0.00051501 9.0443e-05
1.299 0.00040233 8.9994e-05
1.3019 0.00039273 9.0875e-05
1.3047 0.00036128 9.1365e-05
1.3076 0.00052173 9.2134e-05
1.3105 0.00044952 9.316e-05
1.3133 0.0004127 9.2615e-05
1.3162 0.00035614 9.3955e-05
1.319 0.00029283 9.4373e-05
1.3219 0.00042968 9.4795e-05
1.3248 0.00037749 9.4885e-05
1.3276 0.00035589 9.5746e-05
1.3305 0.0004071 9.6674e-05
1.3333 0.00038999 9.5027e-05
1.3362 0.00041919 9.6815e-05
1.339 0.00036692 9.657e-05
1.3419 0.00042698 9.6725e-05
1.3448 0.00037444 9.777e-05
1.3476 0.00041265 9.2711e-05
1.3505 0.0003434 9.2149e-05
1.3533 0.00042429 9.0278e-05
1.3562 0.000301 9.0506e-05
1.3591 0.00050718 8.9355e-05
1.3619 0.00026945 8.8172e-05
1.3648 0.00036881 8.8885e-05
1.3676 0.00046316 8.7292e-05
1.3705 0.00035987 8.6972e-05
1.3733 0.00039825 8.6254e-05
1.3762 0.00043594 8.5718e-05
1.3791 0.00039329 8.6932e-05
1.3819 0.00046259 8.509e-05
1.3848 0.00035957 8.595e-05
1.3876 0.00043841 8.5056e-05
1.3905 0.00039689 8.5645e-05
1.3934 0.00042644 8.6043e-05
1.3962 0.000314 8.4447e-05
1.3991 0.00034487 8.51e-05
1.4019 0.00038596 8.4701e-05
1.4048 0.00040843 8.4529e-05
1.4076 0.00033389 8.4517e-05
1.4105 0.00031708 8.4293e-05
1.4134 0.0003656 8.4783e-05
1.4162 0.00031696 8.4277e-05
1.4191 0.00042037 8.4188e-05
1.4219 0.00024046 8.3836e-05
1.4248 0.00046265 8.3864e-05
1.4276 0.000464 8.431e-05
1.4305 0.00030255 8.3317e-05
1.4334 0.00042962 8.4012e-05
1.4362 0.00028706 8.3383e-05
1.4391 0.00031193 8.3554e-05
1.4419 0.00026168 8.3674e-05
1.4448 0.00042086 8.3146e-05
1.4477 0.00038725 8.3055e-05
1.4505 0.00043001 8.2737e-05
1.4534 0.00045308 8.3374e-05
1.4562 0.0002811 8.305e-05
1.4591 0.00026846 8.2451e-05
1.4619 0.00037255 8.3056e-05
1.4648 0.00027664 8.2526e-05
1.4677 0.00030628 8.2546e-05
1.4705 0.00030014 8.2317e-05
1.4734 0.00026218 8.2372e-05
1.4762 0.00025508 8.2889e-05
1.4791 0.00036098 8.1952e-05
1.482 0.00029134 8.2665e-05
1.4848 0.00026461 8.1763e-05
1.4877 0.00029409 8.1978e-05
1.4905 0.00031152 8.2118e-05
1.4934 0.00026962 8.1559e-05
1.4962 0.00011382 8.2045e-05
1.4991 0.00027199 8.1452e-05
1.502 0.00029581 8.1978e-05
1.5048 0.00027336 8.1452e-05
1.5077 0.00036894 8.1239e-05
1.5105 0.00039328 8.1938e-05
1.5134 0.00031932 8.0788e-05
1.5163 0.00012327 8.1471e-05
1.5191 0.00038143 8.0495e-05
1.522 0.00021413 8.0944e-05
1.5248 0.00023231 8.1412e-05
1.5277 0.00023299 8.0863e-05
1.5305 0.00023169 8.0867e-05
1.5334 0.00025011 8.0624e-05
1.5363 0.0002595 8.1154e-05
1.5391 0.00028388 8.0479e-05
1.542 0.00028664 8.0191e-05
1.5448 0.00016789 8.0797e-05
1.5477 0.00014588 8.0505e-05
1.5506 0.00025725 8.0293e-05
1.5534 0.00021464 7.9976e-05
1.5563 0.00019707 7.9965e-05
1.5591 0.00022651 8.034e-05
1.562 0.00031821 7.9685e-05
1.5648 0.00033051 8.0131e-05
1.5677 0.00026749 7.9784e-05
1.5706 0.00019458 7.9722e-05
1.5734 0.00029469 7.9991e-05
1.5763 0.00019609 7.9426e-05
1.5791 0.0001411 7.9881e-05
1.582 0.000325 7.9409e-05
1.5848 0.00030245 7.9448e-05
1.5877 0.00030123 7.9248e-05
1.5906 0.00026107 7.9047e-05
1.5934 0.00024739 7.9635e-05
1.5963 0.00014574 7.9054e-05
1.5991 0.00035648 7.9398e-05
1.602 0.00028964 7.8729e-05
1.6049 0.00015699 7.9253e-05
1.6077 0.00016877 7.8903e-05
1.6106 0.0001809 7.8735e-05
1.6134 0.00024282 7.8775e-05
1.6163 0.00027132 7.8473e-05
1.6191 0.00018467 7.8898e-05
1.622 0.00022401 7.8754e-05
1.6249 0.00032382 7.8349e-05
1.6277 0.00020168 7.8708e-05
1.6306 0.00025446 7.805e-05
1.6334 0.00020798 7.8666e-05
1.6363 0.00024973 7.7961e-05
1.6392 0.00031571 7.8043e-05
1.642 0.00034823 7.8411e-05
1.6449 0.00023257 7.777e-05
1.6477 0.0002671 7.8383e-05
1.6506 0.00028354 7.7898e-05
1.6534 0.00022905 7.7892e-05
1.6563 0.00025454 7.7889e-05
1.6592 0.00019253 7.7686e-05
1.662 0.00027147 7.7771e-05
1.6649 0.00021738 7.7281e-05
1.6677 0.00011893 7.7754e-05
1.6706 0.00018932 7.7581e-05
1.6735 0.00012635 7.7522e-05
1.6763 0.00022805 7.7656e-05
1.6792 0.0002276 7.6975e-05
1.682 0.00027877 7.7336e-05
1.6849 0.00014552 7.7306e-05
1.6877 0.00027803 7.7256e-05
1.6906 0.00018848 7.711e-05
1.6935 0.00023649 7.6702e-05
1.6963 0.00020663 7.6727e-05
1.6992 0.00025334 7.6426e-05
1.702 0.00022227 7.6397e-05
1.7049 0.00028674 7.6484e-05
1.7077 0.0001704 7.6119e-05
1.7106 0.00020743 7.6627e-05
1.7135 0.00027051 7.578e-05
1.7163 0.00018985 7.6238e-05
1.7192 0.00021526 7.6177e-05
1.722 0.00020085 7.6106e-05
1.7249 0.00026679 7.6305e-05
1.7278 0.00017485 7.5184e-05
1.7306 0.00022939 7.6136e-05
1.7335 0.00026053 7.5742e-05
1.7363 0.00028304 7.6089e-05
1.7392 0.00016098 7.6256e-05
1.742 0.00024236 7.5644e-05
1.7449 0.00021088 7.6336e-05
1.7478 0.00023378 7.5612e-05
1.7506 0.00019322 7.5928e-05
1.7535 0.00030517 7.5799e-05
1.7563 0.00026506 7.5629e-05
1.7592 0.00010502 7.611e-05
1.7621 0.000229 7.5013e-05
1.7649 0.00025051 7.6114e-05
1.7678 0.00019512 7.552e-05
1.7706 0.00016526 7.5451e-05
1.7735 0.0001539 7.5633e-05
1.7763 0.0001576 7.5132e-05
1.7792 0.00033905 7.5652e-05
1.7821 0.00020981 7.504e-05
1.7849 0.00025732 7.547e-05
1.7878 0.00027261 7.4762e-05
1.7906 7.2254e-05 7.5395e-05
1.7935 0.00014732 7.5509e-05
1.7964 0.00012498 7.4597e-05
1.7992 0.00021116 7.5082e-05
1.8021 0.00022207 7.4617e-05
1.8049 0.00017911 7.4982e-05
1.8078 0.00022274 7.5001e-05
1.8106 0.00017689 7.4353e-05
1.8135 0.00029531 7.4991e-05
1.8164 0.0001374 7.4644e-05
1.8192 0.0002256 7.4847e-05
1.8221 0.00019457 7.4512e-05
1.8249 0.00013134 7.4098e-05
1.8278 0.00029562 7.5037e-05
1.8306 0.0002274 7.4349e-05
1.8335 0.00020028 7.4308e-05
1.8364 0.00016765 7.4311e-05
1.8392 5.6861e-05 7.4133e-05
1.8421 0.0001406 7.4394e-05
1.8449 0.00019561 7.3932e-05
1.8478 0.00019236 7.4115e-05
1.8507 0.00023988 7.4076e-05
1.8535 0.00018688 7.3901e-05
1.8564 0.00010023 7.4073e-05
1.8592 0.00016909 7.3926e-05
1.8621 0.00025897 7.3925e-05
1.8649 0.00018363 7.411e-05
1.8678 0.00024959 7.3292e-05
1.8707 0.00013543 7.3867e-05
1.8735 0.00015935 7.3282e-05
1.8764 0.00027392 7.3657e-05
1.8792 7.3507e-05 7.3734e-05
1.8821 0.00014458 7.3509e-05
1.885 0.00018229 7.3432e-05
1.8878 5.1196e-05 7.3556e-05
1.8907 0.00021134 7.3529e-05
1.8935 0.00014327 7.3017e-05
1.8964 0.00018808 7.5374e-05
1.8992 7.1309e-05 7.6163e-05
1.9021 6.0311e-06 7.7469e-05
1.905 0.00012178 7.7688e-05
1.9078 0.00015606 7.8155e-05
1.9107 0.00013864 7.9021e-05
1.9135 3.8882e-05 7.947e-05
1.9164 9.5496e-05 7.9856e-05
1.9193 0.00013743 8.0011e-05
1.9221 1.8015e-06 8.0144e-05
1.925 6.3615e-05 8.0718e-05
1.9278 0.00024867 8.0289e-05
1.9307 0.00014913 8.0866e-05
1.9335 0.00012477 8.0478e-05
1.9364 0.00010297 8.1381e-05
1.9393 8.1952e-05 8.1336e-05
1.9421 0.00011662 8.0404e-05
1.945 0.00017574 8.1305e-05
1.9478 3.6546e-05 8.1476e-05
1.9507 0.00015134 8.1931e-05
1.9536 0.00010826 7.9014e-05
1.9564 0.000191 7.7582e-05
1.9593 0.00018665 7.7328e-05
1.9621 0.00010853 7.6464e-05
1.965 0.00022978 7.58e-05
1.9678 0.00013496 7.5506e-05
1.9707 0.00024698 7.5221e-05
1.9736 0.00017761 7.5023e-05
1.9764 0.00015237 7.4469e-05
1.9793 0.00017109 7.4598e-05
1.9821 0.00015221 7.3901e-05
1.985 0.00020558 7.44e-05
1.9878 0.00011307 7.4217e-05
1.9907 0.00016476 7.3879e-05
1.9936 8.2453e-05 7.4034e-05
1.9964 0.00013839 7.3596e-05
1.9993 3.8074e-05 7.4132e-05
2.0021 0.00014507 7.3465e-05
2.005 0.00018859 7.3482e-05
2.0079 0.00013168 7.3615e-05
2.0107 0.00012645 7.3169e-05
2.0136 0.00014843 7.3541e-05
2.0164 0.00010323 7.2799e-05
2.0193 0.00010793 7.3171e-05
2.0221 8.1876e-05 7.3719e-05
2.025 9.9772e-05 7.245e-05
2.0279 9.952e-05 7.3345e-05
2.0307 9.0834e-05 7.2449e-05
2.0336 0.00012514 7.3089e-05
2.0364 0.00014753 7.286e-05
2.0393 0.00029134 7.2326e-05
2.0422 0.00011089 7.2784e-05
2.045 0.00012473 7.2073e-05
2.0479 0.00012562 7.2773e-05
2.0507 7.3259e-05 7.2332e-05
2.0536 0.00013781 7.2095e-05
2.0564 6.8478e-05 7.2551e-05
2.0593 9.27e-05 7.2213e-05
2.0622 0.00016184 7.2072e-05
2.065 0.00013035 7.1984e-05
2.0679 9.984e-05 7.2218e-05
2.0707 0.00020595 7.2001e-05
2.0736 7.4944e-05 7.2017e-05
2.0765 5.3526e-05 7.1889e-05
2.0793 9.5991e-05 7.1433e-05
2.0822 0.00015785 7.1863e-05
2.085 0.00017081 7.1582e-05
2.0879 0.00013506 7.1747e-05
2.0907 9.8814e-05 7.1556e-05
2.0936 0.00022066 7.1346e-05
2.0965 0.00015542 7.1828e-05
2.0993 5.52e-05 7.0982e-05
2.1022 9.5352e-05 7.1614e-05
2.105 0.00014019 7.1298e-05
2.1079 8.7846e-05 7.107e-05
2.1107 0.00014594 7.1763e-05
2.1136 0.00012559 7.0553e-05
2.1165 0.00014695 7.1273e-05
2.1193 0.00014395 7.1068e-05
2.1222 2.419e-05 7.098e-05
2.125 8.2439e-05 7.115e-05
2.1279 0.00011781 7.0288e-05
2.1308 5.1619e-05 7.1129e-05
2.1336 0.00013347 7.0724e-05
2.1365 9.8858e-05 7.0901e-05
2.1393 0.00015599 7.0998e-05
2.1422 0.00011448 7.0105e-05
2.145 0.0001686 7.1019e-05
2.1479 0.00014791 7.0452e-05
2.1508 6.559e-05 7.0175e-05
2.1536 0.0001324 7.0742e-05
2.1565 7.8907e-05 7.0234e-05
2.1593 3.4693e-05 7.0677e-05
2.1622 0.00013843 7.0064e-05
2.1651 7.235e-05 7.0209e-05
2.1679 0.00015991 7.016e-05
2.1708 8.1358e-05 7.0307e-05
2.1736 0.00012953 7.0175e-05
2.1765 0.0001795 6.9709e-05
2.1793 0.00013515 7.018e-05
2.1822 3.2346e-05 6.9882e-05
2.1851 8.3952e-05 7.0021e-05
2.1879 6.845e-05 6.9631e-05
2.1908 8.0967e-05 6.9731e-05
2.1936 0.00016837 6.9741e-05
2.1965 9.4947e-05 6.8975e-05
2.1994 0.00016317 6.9564e-05
2.2022 9.3976e-05 6.923e-05
2.2051 0.00012497 6.9478e-05
2.2079 2.0889e-05 6.9505e-05
2.2108 0.0001655 6.8735e-05
2.2136 0.00017613 6.928e-05
2.2165 9.9472e-05 6.9038e-05
2.2194 -1.7531e-05 6.9173e-05
2.2222 0.00010627 6.9035e-05
2.2251 0.00015018 6.8686e-05
2.2279 -9.4795e-06 6.9184e-05
2.2308 6.0105e-05 6.8659e-05
2.2336 4.8792e-05 6.9054e-05
2.2365 3.3614e-05 6.8807e-05
2.2394 0.00016496 6.9002e-05
2.2422 7.3028e-05 6.9014e-05
2.2451 0.0001247 6.8437e-05
2.2479 -4.7106e-05 6.8862e-05
2.2508 0.00016067 6.8773e-05
2.2537 0.00012819 6.9014e-05
2.2565 0.0001071 6.8937e-05
2.2594 0.00010107 6.8302e-05
2.2622 0.00014372 6.8787e-05
2.2651 -1.1655e-05 6.8739e-05
2.2679 0.00016186 6.8596e-05
2.2708 9.1539e-05 6.8609e-05
2.2737 2.5282e-05 6.8506e-05
2.2765 7.1731e-05 6.886e-05
2.2794 1.7608e-05 6.8217e-05
2.2822 0.00012805 6.8437e-05
2.2851 9.8189e-05 6.8303e-05
2.288 8.2792e-05 6.8408e-05
2.2908 0.00011023 6.8497e-05
2.2937 0.00015644 6.7915e-05
2.2965 3.3851e-05 6.813e-05
2.2994 0.0001202 6.7975e-05
2.3022 7.8434e-05 6.8362e-05
2.3051 8.4649e-05 6.8029e-05
2.308 2.665e-05 6.7645e-05
2.3108 0.000198 6.8323e-05
2.3137 6.1583e-05 6.7568e-05
2.3165 0.00010019 6.7993e-05
2.3194 9.1446e-05 6.7756e-05
2.3223 0.0001498 6.7717e-05
2.3251 4.9679e-05 6.8241e-05
2.328 4.6824e-05 6.742e-05
2.3308 0.00015936 6.7549e-05
2.3337 0.00017429 6.7349e-05
2.3365 8.1343e-05 6.7883e-05
2.3394 -2.1257e-05 6.7836e-05
2.3423 0.0001998 6.7232e-05
2.3451 8.9904e-05 6.7516e-05
2.348 0.00014046 6.7291e-05
2.3508 0.00014075 6.7585e-05
2.3537 6.2378e-05 6.7359e-05
2.3566 6.7803e-05 6.7004e-05
2.3594 4.5956e-05 6.7836e-05
2.3623 2.4188e-05 6.7048e-05
2.3651 4.1185e-05 6.7464e-05
2.368 6.8198e-05 6.7039e-05
2.3708 6.7752e-05 6.7211e-05
2.3737 0.00012272 6.7753e-05
2.3766 8.3181e-05 6.6638e-05
2.3794 6.0178e-05 6.7331e-05
2.3823 7.8399e-05 6.673e-05
2.3851 0.00013899 6.6981e-05
2.388 0.00010375 6.6943e-05
2.3908 1.6755e-05 6.6759e-05
2.3937 1.9127e-05 6.7109e-05
2.3966 0.00010046 6.6663e-05
2.3994 5.9433e-05 6.6756e-05
2.4023 0.00014936 6.6691e-05
2.4051 8.571e-05 6.6655e-05
2.408 4.5228e-05 6.7025e-05
2.4109 2.6198e-05 6.6531e-05
2.4137 9.9191e-05 6.6881e-05
2.4166 0.00011796 6.6247e-05
2.4194 4.7616e-05 6.6506e-05
2.4223 4.0273e-05 6.6654e-05
2.4251 2.5774e-05 6.6412e-05
2.428 1.8631e-05 6.6569e-05
2.4309 -7.29e-05 6.6096e-05
2.4337 0.00012064 6.6595e-05
2.4366 -8.87e-07 6.6331e-05
2.4394 9.2291e-05 6.6202e-05
2.4423 0.00014761 6.6291e-05
2.4452 8.698e-05 6.5936e-05
2.448 7.0114e-05 6.631e-05
2.4509 6.8522e-05 6.596e-05
2.4537 0.00016507 6.5934e-05
2.4566 5.3022e-05 6.6322e-05
2.4594 3.5672e-05 6.602e-05
2.4623 4.8226e-05 6.6198e-05
2.4652 0.00012021 6.5659e-05
2.468 5.4558e-05 6.5949e-05
2.4709 9.9269e-05 6.5754e-05
2.4737 9.6687e-05 6.5886e-05
2.4766 7.1602e-05 6.5862e-05
2.4795 9.842e-05 6.5549e-05
2.4823 0.00021859 6.5779e-05
2.4852 2.8477e-05 6.5632e-05
2.488 5.0105e-05 6.5591e-05
2.4909 0.00014836 6.5638e-05
2.4937 2.2311e-05 6.5618e-05
2.4966 2.0473e-05 6.5714e-05
2.4995 9.5404e-05 6.5159e-05
2.5023 7.7522e-05 6.8941e-05
2.5052 -3.8146e-06 7.0158e-05
2.508 7.3639e-05 7.1843e-05
2.5109 0.00014286 7.3053e-05
2.5137 1.2764e-05 7.3806e-05
2.5166 2.2555e-05 7.5551e-05
2.5195 1.2696e-05 7.6061e-05
2.5223 0.00010139 7.6947e-05
2.5252 5.2121e-05 7.7843e-05
2.528 5.0885e-06 7.7748e-05
2.5309 0.0001041 7.997e-05
2.5338 0.00014049 7.8915e-05
2.5366 6.9876e-05 8.0361e-05
2.5395 -1.2398e-05 8.1228e-05
2.5423 8.9999e-05 8.1192e-05
2.5452 0.00019597 8.2957e-05
2.548 2.9138e-05 8.1895e-05
2.5509 8.44e-05 8.3057e-05
2.5538 5.4119e-05 8.3572e-05
2.5566 6.6963e-05 8.3502e-05
2.5595 3.7598e-05 8.4574e-05
2.5623 -4.514e-06 8.3644e-05
2.5652 9.3053e-05 8.5284e-05
2.5681 9.5045e-06 8.4702e-05
2.5709 4.2522e-05 8.5624e-05
2.5738 7.9114e-05 8.5929e-05
2.5766 2.4601e-05 8.6329e-05
2.5795 2.4741e-05 8.6744e-05
2.5823 -1.144e-06 8.6645e-05
2.5852 4.7569e-05 8.7021e-05
2.5881 8.053e-06 8.7333e-05
2.5909 2.7753e-05 8.8413e-05
2.5938 8.0186e-05 8.761e-05
2.5966 0.00018695 8.7599e-05
2.5995 -5.2767e-05 8.8335e-05
2.6024 5.5493e-05 8.8037e-05
2.6052 9.7775e-05 8.8648e-05
2.6081 -3.913e-05 8.8185e-05
2.6109 8.0446e-05 8.8811e-05
2.6138 9.4547e-05 8.9905e-05
2.6166 0.00018232 8.857e-05
2.6195 1.8306e-05 9.0216e-05
2.6224 4.7018e-05 8.9433e-05
2.6252 6.8893e-05 9.1187e-05
2.6281 7.1315e-05 9.1065e-05
2.6309 9.1194e-05 8.9563e-05
2.6338 3.697e-05 9.2263e-05
2.6366 2.409e-05 9.0835e-05
2.6395 8.0411e-05 9.262e-05
2.6424 0.00013911 9.1887e-05
2.6452 1.1874e-05 9.1662e-05
2.6481 -7.6698e-05 9.3764e-05
2.6509 6.3204e-05 9.2523e-05
2.6538 0.00017322 9.3528e-05
2.6567 5.7923e-05 9.3255e-05
2.6595 -1.4275e-06 9.359e-05
2.6624 9.3217e-05 9.5062e-05
2.6652 2.046e-05 9.3427e-05
2.6681 -5.301e-05 9.4913e-05
2.6709 4.0161e-05 9.4906e-05
2.6738 3.6568e-06 9.579e-05
2.6767 0.00010824 9.5687e-05
2.6795 5.2035e-05 9.4949e-05
2.6824 -1.4218e-05 9.6519e-05
2.6852 5.7414e-05 9.6654e-05
2.6881 9.4314e-05 9.6891e-05
2.691 0.00020036 9.6849e-05
2.6938 0.00013007 9.6773e-05
2.6967 -3.5397e-05 9.7816e-05
2.6995 8.8955e-05 9.8634e-05
2.7024 0.00010867 9.7617e-05
2.7052 7.81e-05 9.8016e-05
2.7081 5.2426e-05 9.9047e-05
2.711 0.0001219 9.9097e-05
2.7138 4.9762e-05 9.9312e-05
2.7167 -9.5429e-05 9.9205e-05
2.7195 3.8971e-05 0.00010039
2.7224 -2.5713e-05 0.0001004
2.7253 9.9943e-05 0.00010063
2.7281 0.0001615 9.9814e-05
2.731 7.0517e-06 0.00010086
2.7338 3.0201e-05 0.00010106
2.7367 6.1265e-05 0.0001017
2.7395 -1.4084e-05 0.00010036
2.7424 0.00015392 0.00010145
2.7453 0.00014726 0.00010242
2.7481 4.5551e-05 0.00010137
2.751 0.00015113 0.0001029
2.7538 3.0295e-05 0.00010178
2.7567 -1.6885e-05 0.00010323
2.7596 0.00010561 0.00010352
2.7624 -3.1765e-05 0.00010333
2.7653 9.3947e-05 0.00010407
2.7681 0.00016173 0.00010316
2.771 0.00010517 0.00010589
2.7738 -7.9927e-05 0.00010375
2.7767 9.2649e-05 0.00010407
2.7796 0.00012773 0.0001069
2.7824 4.0201e-05 0.00010484
2.7853 4.3301e-05 0.00010612
2.7881 8.8106e-05 0.00010539
2.791 5.9784e-05 0.00010691
2.7938 -0.00015593 0.00010734
2.7967 5.7016e-05 0.00010644
2.7996 -3.166e-05 0.00010832
2.8024 3.063e-05 0.00010722
2.8053 0.00013467 0.0001082
2.8081 -0.00014488 0.0001088
2.811 0.00010995 0.00010894
2.8139 0.00016746 0.00010968
2.8167 0.00010983 0.00010731
2.8196 0.00012964 0.00011016
2.8224 -4.4718e-05 0.00010821
2.8253 0.00024518 0.00010967
2.8281 0.00021293 0.00010927
2.831 8.1315e-06 0.00010827
2.8339 0.00013629 0.0001109
2.8367 -2.7908e-05 0.00010763
2.8396 6.5292e-05 0.00011069
2.8424 -7.8137e-05 0.00010916
2.8453 0.00010645 0.00010987
2.8482 -2.493e-05 0.00011189
2.851 -3.882e-05 0.00010931
2.8539 -8.2687e-05 0.0001126
2.8567 -9.4649e-05 0.00011079
2.8596 0.00013322 0.0001122
2.8624 -4.0089e-05 0.0001125
2.8653 -1.7576e-05 0.00011186
2.8682 -6.573e-05 0.00011426
2.871 5.7517e-05 0.00011168
2.8739 3.2761e-05 0.00011427
2.8767 0.00010068 0.0001133
2.8796 8.3528e-05 0.00011381
2.8825 -1.3124e-05 0.00011657
2.8853 -7.9189e-05 0.00011307
2.8882 0.00012235 0.00011552
2.891 3.8432e-05 0.00011496
2.8939 3.4179e-05 0.00011601
2.8967 1.3935e-05 0.00011701
2.8996 7.7351e-05 0.00011478
2.9025 2.0353e-05 0.00011825
2.9053 -4.3058e-05 0.00011727
2.9082 1.555e-05 0.0001174
2.911 0.00017263 0.00011771
2.9139 6.0969e-05 0.00011799
2.9167 2.6382e-05 0.00011944
2.9196 3.464e-06 0.00011813
2.9225 4.655e-05 0.00012031
2.9253 -7.4515e-05 0.0001188
2.9282 -0.00016328 0.00012024
2.931 9.0008e-05 0.00012119
2.9339 6.6704e-06 0.00011955
2.9368 0.00018829 0.00012227
2.9396 -8.243e-05 0.00012031
2.9425 -2.923e-05 0.00012261
2.9453 8.7196e-05 0.00012211
2.9482 8.59e-06 0.00012223
2.951 3.6615e-06 0.0001243
2.9539 3.219e-05 0.00012136
2.9568 2.5975e-05 0.0001258
2.9596 5.7009e-05 0.00012304
2.9625 0.00010986 0.00012477
2.9653 0.00011773 0.00012564
2.9682 9.7779e-05 0.00012406
2.9711 1.1645e-05 0.00012781
2.9739 2.0995e-06 0.00012462
2.9768 -1.7087e-05 0.00012708
2.9796 0.00021546 0.00012728
2.9825 0.00025694 0.00012628
2.9853 0.00020032 0.00013019
2.9882 0.00015022 0.00012641
2.9911 6.5561e-05 0.00012922
2.9939 -1.1685e-05 0.00012867
2.9968 8.8572e-05 0.00012872
2.9996 3.0064e-05 0.00013192
3.0025 0.00016886 0.00012827
3.0054 5.876e-05 0.00013289
3.0082 8.752e-05 0.0001299
3.0111 0.0001475 0.00013177
3.0139 -1.168e-05 0.00013212
3.0168 -3.4534e-05 0.00013225
3.0196 5.2141e-05 0.00013534
3.0225 0.00012043 0.00013145
3.0254 0.00018035 0.00013471
3.0282 6.7568e-05 0.00013426
3.0311 0.00014979 0.00013447
3.0339 0.00013799 0.00013731
3.0368 -3.9465e-05 0.00013375
3.0397 0.00015599 0.00013812
3.0425 0.00012771 0.00013477
3.0454 0.00017455 0.00013854
3.0482 -9.03e-06 0.00013735
3.0511 0.00010034 0.00013805
3.0539 0.00012164 0.00014165
3.0568 -4.2697e-05 0.00013662
3.0597 5.6928e-05 0.00014153
3.0625 0.00017612 0.00013887
3.0654 -4.2549e-05 0.00014162
3.0682 -0.00014679 0.00014409
3.0711 -0.0001405 0.00013875
3.0739 4.2605e-05 0.00014546
3.0768 7.3715e-05 0.0001408
3.0797 -0.00013504 0.00014508
3.0825 0.00026835 0.00014465
3.0854 4.4277e-05 0.00014375
3.0882 -0.00010679 0.00014771
3.0911 3.1032e-05 0.00014313
3.094 -3.675e-06 0.00014863
3.0968 0.00031158 0.00014474
3.0997 0.00017708 0.00014796
3.1025 0.00013525 0.00015172
3.1054 2.8427e-05 0.00014594
3.1082 0.00016228 0.00015158
3.1111 9.1495e-05 0.00014742
3.114 -6.1655e-05 0.0001526
3.1168 5.5177e-05 0.000151
3.1197 5.197e-06 0.00015082
3.1225 5.76e-05 0.00015551
3.1254 0.00011019 0.00014946
3.1283 0.00028832 0.00015506
3.1311 0.00011981 0.00015508
3.134 0.00023157 0.00015537
3.1368 5.5706e-05 0.0001571
3.1397 0.00015254 0.00015251
3.1425 -6.2645e-06 0.00015847
3.1454 0.00026044 0.00015266
3.1483 7.5993e-05 0.00015784
3.1511 8.6052e-05 0.00015529
3.154 0.00028072 0.00015542
3.1568 -0.0001058 0.00015965
3.1597 8.1697e-05 0.00015221
3.1626 0.00033164 0.00015827
3.1654 -9.4478e-05 0.00015539
3.1683 0.00014777 0.00015698
3.1711 7.5431e-05 0.00015825
3.174 -1.3488e-05 0.00015459
3.1768 -1.5469e-05 0.00016027
3.1797 0.00021766 0.00015659
3.1826 -6.0087e-05 0.00016034
3.1854 0.00022935 0.00015921
3.1883 0.00010279 0.00016075
3.1911 0.00017034 0.00016512
3.194 -0.00010454 0.00015819
3.1968 4.2515e-05 0.00016535
3.1997 0.00033829 0.00016194
3.2026 9.8614e-05 0.00016471
3.2054 0.00012219 0.00016789
3.2083 6.5434e-05 0.00016194
3.2111 0.00033482 0.00016962
3.214 -7.3039e-05 0.00016541
3.2169 0.00013903 0.0001694
3.2197 -0.00011486 0.00016877
3.2226 -4.3245e-05 0.00016917
3.2254 0.00010035 0.00017532
3.2283 -5.857e-05 0.00016741
3.2311 7.7062e-05 0.00017559
3.234 0.00014733 0.00017131
3.2369 4.658e-05 0.00017533
3.2397 0.00011428 0.00017823
3.2426 -3.0642e-05 0.00017322
3.2454 5.8096e-05 0.00018193
3.2483 -0.00021046 0.0001741
3.2512 2.9093e-05 0.00018146
3.254 0.00041631 0.00017887
3.2569 -0.00017939 0.00018004
3.2597 -8.7814e-05 0.00018833
3.2626 0.0001196 0.00017666
3.2654 7.215e-05 0.00018747
3.2683 0.00026588 0.00018089
3.2712 3.606e-05 0.0001883
3.274 0.00011461 0.00019152
3.2769 -0.00013315 0.00018332
3.2797 6.7542e-06 0.00019625
3.2826 6.8263e-05 0.00018423
3.2855 -2.7488e-05 0.00019597
3.2883 -9.778e-06 0.00019131
3.2912 9.036e-05 0.00019334
3.294 -0.0001777 0.00020348
3.2969 0.00028297 0.00018958
3.2997 -0.00029967 0.0002021
3.3026 -8.2834e-05 0.00019377
3.3055 -1.4475e-05 0.00020281
3.3083 -3.4076e-05 0.0002039
3.3112 -0.00017708 0.00019927
3.314 0.00011583 0.00021057
3.3169 -0.00012864 0.00019931
3.3197 0.00017157 0.00021002
3.3226 0.00038314 0.00020704
3.3255 0.00016493 0.00021089
3.3283 0.00052035 0.00022111
3.3312 2.125e-06 0.00020299
3.334 9.6433e-05 0.00022239
3.3369 0.00039923 0.00020976
3.3398 5.3722e-05 0.00022046
3.3426 -0.00023054 0.00022276
3.3455 0.00017535 0.00021519
3.3483 0.00011713 0.0002334
3.3512 0.00048078 0.00021659
3.354 0.00012842 0.00023258
3.3569 0.00010171 0.00022538
3.3598 0.00027448 0.00023118
3.3626 0.00014932 0.00024593
3.3655 4.3874e-05 0.00022079
3.3683 0.00024743 0.00024691
3.3712 -1.2055e-05 0.00023026
3.3741 -0.00012892 0.00024543
3.3769 -1.699e-05 0.00024639
3.3798 -7.8123e-05 0.00023955
3.3826 -0.00010809 0.00026181
3.3855 -0.00038861 0.00023838
3.3883 -3.2318e-05 0.00026075
3.3912 0.00046829 0.00025288
3.3941 -8.8e-07 0.00025464
3.3969 -8.6288e-05 0.0002837
3.3998 -0.00026538 0.00024287
3.4026 -1.3465e-05 0.00028578
3.4055 8.5901e-05 0.00025396
3.4084 6.654e-05 0.00028562
3.4112 -4.7896e-05 0.00027641
3.4141 0.00015918 0.00027518
3.4169 1.068e-05 0.0003009
3.4198 0.00029314 0.00026796
3.4226 0.00043481 0.00030241
3.4255 -2.0699e-05 0.00028755
3.4284 0.00020533 0.00029631
3.4312 -8.1035e-05 0.00033777
3.4341 0.00015947 0.00027776
3.4369 -0.00022811 0.00033367
3.4398 1.8554e-05 0.00029908
3.4427 0.00015663 0.00032601
3.4455 -0.00013717 0.00033733
3.4484 -3.824e-05 0.00031496
3.4512 0.00017921 0.00039395
3.4541 -0.00025258 0.00030314
3.4569 0.00029503 0.00039107
3.4598 9.218e-05 0.00033635
3.4627 -2.6025e-05 0.00036966
3.4655 -0.00015731 0.0004451
3.4684 -0.00024349 0.00032176
3.4712 2.3494e-05 0.00046789
3.4741 0.00014699 0.00033653
3.4769 0.00017115 0.00048877
3.4798 -0.00010873 0.00039541
3.4827 4.837e-05 0.000438
3.4855 0.00072621 0.0005276
3.4884 0.00027235 0.0003853
3.4912 -0.00043168 0.00056609
3.4941 0.00025028 0.00041418
3.497 -0.00050315 0.00061134
