0.056979 3.726e-05 1.7032e-05
0.059978 3.325e-05 1.4072e-05
0.062977 3.5211e-05 1.1119e-05
0.065976 3.1555e-05 9.5158e-06
0.068975 2.7223e-05 7.6683e-06
0.071974 3.4186e-05 6.4899e-06
0.074973 3.255e-05 5.6008e-06
0.077971 3.7291e-05 4.6095e-06
0.08097 3.3893e-05 3.8849e-06
0.083969 3.1591e-05 3.2279e-06
0.086968 3.216e-05 2.7903e-06
0.089967 3.4518e-05 2.5337e-06
0.092966 3.4491e-05 2.1732e-06
0.095965 3.7577e-05 1.982e-06
0.098964 3.5022e-05 1.7821e-06
0.10196 3.4407e-05 1.5971e-06
0.10496 3.4167e-05 1.5364e-06
0.10796 3.7468e-05 1.3613e-06
0.11096 3.526e-05 1.2845e-06
0.11396 3.3964e-05 1.1551e-06
0.11696 3.5365e-05 1.0807e-06
0.11996 3.3716e-05 9.9836e-07
0.12295 3.5242e-05 9.0033e-07
0.12595 3.262e-05 8.614e-07
0.12895 3.3173e-05 7.9727e-07
0.13195 3.5174e-05 7.3756e-07
0.13495 3.4485e-05 6.7484e-07
0.13795 3.2158e-05 6.4769e-07
0.14095 3.4245e-05 6.2429e-07
0.14395 3.4014e-05 5.8195e-07
0.14695 3.197e-05 5.5943e-07
0.14994 3.4213e-05 5.4319e-07
0.15294 3.4179e-05 5.1524e-07
0.15594 3.326e-05 5.0862e-07
0.15894 3.2863e-05 5.016e-07
0.16194 3.3515e-05 4.8848e-07
0.16494 3.3044e-05 4.8032e-07
0.16794 3.2999e-05 4.5559e-07
0.17094 3.1815e-05 4.5783e-07
0.17394 3.1987e-05 4.452e-07
0.17693 3.1732e-05 4.3106e-07
0.17993 3.264e-05 4.309e-07
0.18293 3.1652e-05 4.1152e-07
0.18593 3.1958e-05 4.1434e-07
0.18893 3.1757e-05 4.0036e-07
0.19193 3.1661e-05 4.0503e-07
0.19493 3.0318e-05 3.8807e-07
0.19793 3.2475e-05 3.7987e-07
0.20093 3.0722e-05 3.7953e-07
0.20392 3.015e-05 3.7572e-07
0.20692 2.946e-05 3.5937e-07
0.20992 2.9911e-05 3.4388e-07
0.21292 3.0442e-05 3.3533e-07
0.21592 3.0488e-05 3.2655e-07
0.21892 2.9631e-05 3.2036e-07
0.22192 2.9331e-05 3.1766e-07
0.22492 2.9766e-05 3.0902e-07
0.22792 2.9393e-05 3.0769e-07
0.23091 2.929e-05 3.0518e-07
0.23391 3.0391e-05 3.08e-07
0.23691 3.1177e-05 3.0356e-07
0.23991 2.7423e-05 3.0234e-07
0.24291 2.8146e-05 3.0093e-07
0.24591 2.9636e-05 2.9485e-07
0.24891 2.7716e-05 2.931e-07
0.25191 2.9163e-05 2.9411e-07
0.25491 2.8033e-05 2.9027e-07
0.2579 2.8397e-05 2.9025e-07
0.2609 2.7136e-05 2.8548e-07
0.2639 2.6968e-05 2.8776e-07
0.2669 2.7046e-05 2.8431e-07
0.2699 2.6309e-05 2.782e-07
0.2729 2.6443e-05 2.7437e-07
0.2759 2.6978e-05 2.7392e-07
0.2789 2.6557e-05 2.7229e-07
0.28189 2.7152e-05 2.6487e-07
0.28489 2.6205e-05 2.63e-07
0.28789 2.6399e-05 2.6218e-07
0.29089 2.6294e-05 2.5458e-07
0.29389 2.5862e-05 2.5492e-07
0.29689 2.5032e-05 2.5008e-07
0.29989 2.5372e-05 2.502e-07
0.30289 2.4895e-05 2.4418e-07
0.30589 2.5032e-05 2.4613e-07
0.30888 2.5106e-05 2.4056e-07
0.31188 2.5157e-05 2.3808e-07
0.31488 2.4857e-05 2.361e-07
0.31788 2.4449e-05 2.3482e-07
0.32088 2.4023e-05 2.2895e-07
0.32388 2.3579e-05 2.2886e-07
0.32688 2.3958e-05 2.2966e-07
0.32988 2.3866e-05 2.3014e-07
0.33287 2.3553e-05 2.2554e-07
0.33587 2.3215e-05 2.2168e-07
0.33887 2.3157e-05 2.2476e-07
0.34187 2.1968e-05 2.2303e-07
0.34487 2.2441e-05 2.2293e-07
0.34787 2.2746e-05 2.1903e-07
0.35087 2.3052e-05 2.1853e-07
0.35387 2.2483e-05 2.2109e-07
0.35686 2.2801e-05 2.1547e-07
0.35986 2.2514e-05 2.1621e-07
0.36286 2.2016e-05 2.1438e-07
0.36586 2.2228e-05 4.584e-07
0.36886 2.1835e-05 2.1296e-07
0.37186 2.1952e-05 2.0963e-07
0.37486 2.15e-05 2.0924e-07
0.37786 2.0955e-05 2.1122e-07
0.38085 2.113e-05 2.0857e-07
0.38385 2.096e-05 2.0794e-07
0.38685 2.0471e-05 2.1058e-07
0.38985 2.0763e-05 2.0578e-07
0.39285 1.9479e-05 2.0655e-07
0.39585 2.0033e-05 2.0856e-07
0.39885 1.9293e-05 2.0359e-07
0.40185 1.9581e-05 2.0519e-07
0.40485 1.9435e-05 2.0388e-07
0.40784 2.0115e-05 2.0046e-07
0.41084 1.8377e-05 2.001e-07
0.41384 1.9559e-05 2.0118e-07
0.41684 1.9311e-05 1.9959e-07
0.41984 1.9823e-05 1.9857e-07
0.42284 1.8529e-05 1.9848e-07
0.42584 1.8607e-05 1.9657e-07
0.42884 1.8707e-05 1.9538e-07
0.43183 1.7523e-05 2.0289e-07
0.43483 1.8027e-05 2.0222e-07
0.43783 1.7967e-05 2.0894e-07
0.44083 1.7789e-05 2.0713e-07
0.44383 1.6785e-05 2.1001e-07
0.44683 1.7609e-05 2.1178e-07
0.44983 1.6874e-05 2.0774e-07
0.45282 1.7302e-05 2.1249e-07
0.45582 1.6179e-05 2.0915e-07
0.45882 1.7582e-05 2.1207e-07
0.46182 1.6263e-05 2.1229e-07
0.46482 1.6413e-05 2.1215e-07
0.46782 1.6227e-05 2.1337e-07
0.47082 1.5426e-05 2.1579e-07
0.47382 1.5455e-05 2.1214e-07
0.47681 1.6164e-05 2.1149e-07
0.47981 1.5777e-05 2.1784e-07
0.48281 1.5734e-05 2.1579e-07
0.48581 1.4989e-05 2.1443e-07
0.48881 1.5426e-05 2.1387e-07
0.49181 1.5418e-05 2.1414e-07
0.49481 1.4872e-05 2.1177e-07
0.49781 1.4854e-05 2.0739e-07
0.5008 1.4347e-05 2.0401e-07
0.5038 1.4078e-05 2.0641e-07
0.5068 1.5537e-05 2.0789e-07
0.5098 1.3945e-05 2.1044e-07
0.5128 1.4303e-05 2.0825e-07
0.5158 1.3288e-05 2.0773e-07
0.5188 1.3851e-05 2.1255e-07
0.52179 1.3619e-05 2.0937e-07
0.52479 1.3292e-05 2.1035e-07
0.52779 1.3237e-05 2.0798e-07
0.53079 1.2988e-05 2.0951e-07
0.53379 1.3845e-05 2.116e-07
0.53679 1.3445e-05 2.0873e-07
0.53979 1.267e-05 2.1028e-07
0.54279 1.2482e-05 2.1175e-07
0.54578 1.324e-05 2.089e-07
0.54878 1.2944e-05 2.1105e-07
0.55178 1.2681e-05 2.0846e-07
0.55478 1.1926e-05 2.0839e-07
0.55778 1.171e-05 2.1089e-07
0.56078 1.2374e-05 2.0633e-07
0.56378 1.1879e-05 2.0778e-07
0.56677 1.1236e-05 2.035e-07
0.56977 1.1558e-05 2.0979e-07
0.57277 1.2072e-05 2.0871e-07
0.57577 1.1634e-05 2.0514e-07
0.57877 1.0911e-05 2.0609e-07
0.58177 1.2272e-05 2.0312e-07
0.58477 1.1504e-05 2.068e-07
0.58776 1.1193e-05 2.0428e-07
0.59076 1.0819e-05 2.0487e-07
0.59376 1.1337e-05 2.0211e-07
0.59676 1.0731e-05 2.0519e-07
0.59976 1.0704e-05 2.0502e-07
0.60276 1.0954e-05 2.0146e-07
0.60576 1.0719e-05 2.0474e-07
0.60875 1.0198e-05 2.046e-07
0.61175 9.5977e-06 2.0473e-07
0.61475 1.0482e-05 2.02e-07
0.61775 1.0255e-05 2.0178e-07
0.62075 9.9573e-06 2.0292e-07
0.62375 1.0267e-05 2.0074e-07
0.62675 9.5716e-06 2.0166e-07
0.62974 1.014e-05 1.997e-07
0.63274 9.3596e-06 2.001e-07
0.63574 8.9082e-06 2.0474e-07
0.63874 8.827e-06 1.9954e-07
0.64174 8.6832e-06 2.0042e-07
0.64474 8.9577e-06 2.0088e-07
0.64774 8.2366e-06 1.9787e-07
0.65073 8.6639e-06 2.0142e-07
0.65373 8.751e-06 1.9845e-07
0.65673 8.8423e-06 1.992e-07
0.65973 8.6578e-06 2.0085e-07
0.66273 8.3164e-06 2.0064e-07
0.66573 9.3803e-06 1.9793e-07
0.66872 7.9367e-06 1.9715e-07
0.67172 8.9079e-06 2.0004e-07
0.67472 8.5893e-06 2.0022e-07
0.67772 8.5063e-06 1.968e-07
0.68072 7.9089e-06 1.9583e-07
0.68372 8.0783e-06 1.9505e-07
0.68672 7.8968e-06 1.9552e-07
0.68971 7.6151e-06 1.9165e-07
0.69271 7.788e-06 1.9261e-07
0.69571 7.9569e-06 1.9328e-07
0.69871 8.1657e-06 1.9461e-07
0.70171 7.4656e-06 1.945e-07
0.70471 7.5864e-06 1.9148e-07
0.7077 7.6778e-06 1.96e-07
0.7107 7.3562e-06 1.9667e-07
0.7137 7.578e-06 1.9546e-07
0.7167 6.232e-06 1.9573e-07
0.7197 7.0247e-06 1.9223e-07
0.7227 7.1065e-06 1.949e-07
0.7257 6.498e-06 1.9319e-07
0.72869 6.9703e-06 1.9206e-07
0.73169 6.8185e-06 1.9031e-07
0.73469 7.1289e-06 1.9376e-07
0.73769 6.8573e-06 1.9383e-07
0.74069 6.5025e-06 1.9173e-07
0.74369 6.6533e-06 1.9274e-07
0.74668 5.9678e-06 1.9242e-07
0.74968 6.0887e-06 1.9082e-07
0.75268 5.9339e-06 1.9354e-07
0.75568 5.6654e-06 1.8856e-07
0.75868 5.6128e-06 1.9278e-07
0.76168 6.3203e-06 1.8955e-07
0.76467 5.9105e-06 1.9278e-07
0.76767 6.2318e-06 1.8815e-07
0.77067 6.3286e-06 1.89e-07
0.77367 5.9004e-06 1.8953e-07
0.77667 5.6775e-06 1.8911e-07
0.77967 5.3198e-06 1.9192e-07
0.78266 5.4159e-06 1.8795e-07
0.78566 5.7606e-06 1.8922e-07
0.78866 5.4202e-06 1.9632e-07
0.79166 5.8073e-06 1.9541e-07
0.79466 5.3595e-06 1.9995e-07
0.79766 5.0347e-06 2.0478e-07
0.80065 5.5165e-06 2.0793e-07
0.80365 5.292e-06 2.0787e-07
0.80665 5.3001e-06 2.0433e-07
0.80965 5.3302e-06 2.1215e-07
0.81265 5.6443e-06 2.1321e-07
0.81565 5.6704e-06 2.1899e-07
0.81864 4.5797e-06 2.1561e-07
0.82164 4.7378e-06 2.1517e-07
0.82464 5.2555e-06 2.1372e-07
0.82764 4.7379e-06 2.1487e-07
0.83064 4.4646e-06 2.1521e-07
0.83364 5.3539e-06 2.1432e-07
0.83663 5.3646e-06 2.1721e-07
0.83963 5.0889e-06 2.2026e-07
0.84263 4.9797e-06 2.0323e-07
0.84563 4.6899e-06 2.0139e-07
0.84863 4.5961e-06 1.992e-07
0.85163 4.6692e-06 1.9675e-07
0.85462 4.2268e-06 1.9813e-07
0.85762 4.6183e-06 1.9542e-07
0.86062 4.6333e-06 1.934e-07
0.86362 4.0258e-06 1.9146e-07
0.86662 4.5764e-06 1.8548e-07
0.86961 4.0934e-06 1.8811e-07
0.87261 4.3226e-06 1.8763e-07
0.87561 4.1726e-06 1.9165e-07
0.87861 4.091e-06 1.8913e-07
0.88161 4.0428e-06 1.8586e-07
0.88461 4.3909e-06 1.8473e-07
0.8876 3.9274e-06 1.8864e-07
0.8906 3.9125e-06 1.8697e-07
0.8936 4.1343e-06 1.8564e-07
0.8966 3.8978e-06 1.8521e-07
0.8996 3.7984e-06 1.8447e-07
0.90259 3.9243e-06 1.8694e-07
0.90559 3.5379e-06 1.8438e-07
0.90859 3.5509e-06 1.8648e-07
0.91159 3.5433e-06 1.859e-07
0.91459 3.9199e-06 1.8357e-07
0.91759 3.678e-06 1.8272e-07
0.92058 3.8253e-06 1.8069e-07
0.92358 4.1049e-06 1.8248e-07
0.92658 3.3026e-06 1.8317e-07
0.92958 3.44e-06 1.8251e-07
0.93258 3.5954e-06 1.8307e-07
0.93557 3.6931e-06 1.8009e-07
0.93857 3.3949e-06 1.8293e-07
0.94157 2.9297e-06 1.8348e-07
0.94457 3.707e-06 1.8027e-07
0.94757 3.108e-06 1.8523e-07
0.95056 3.4135e-06 1.8043e-07
0.95356 2.9592e-06 1.8277e-07
0.95656 3.5294e-06 1.8052e-07
0.95956 3.4625e-06 1.8046e-07
0.96256 3.2661e-06 1.8202e-07
0.96556 3.9458e-06 1.7976e-07
0.96855 2.769e-06 1.8251e-07
0.97155 3.4424e-06 1.7861e-07
0.97455 2.8411e-06 1.8014e-07
0.97755 3.0221e-06 1.8234e-07
0.98055 2.8561e-06 1.7934e-07
0.98354 2.9157e-06 1.7998e-07
0.98654 3.2083e-06 1.7744e-07
0.98954 3.1474e-06 1.797e-07
0.99254 2.5615e-06 1.7912e-07
0.99554 2.9825e-06 1.7764e-07
0.99853 3.2001e-06 1.7766e-07
1.0015 2.7531e-06 1.7678e-07
1.0045 2.5401e-06 1.7864e-07
1.0075 2.7712e-06 1.79e-07
1.0105 3.0704e-06 1.7511e-07
1.0135 2.1989e-06 1.7791e-07
1.0165 2.8388e-06 1.762e-07
1.0195 2.7246e-06 1.7713e-07
1.0225 2.6688e-06 1.7496e-07
1.0255 2.5359e-06 1.7521e-07
1.0285 2.3738e-06 1.7454e-07
1.0315 2.9913e-06 1.7625e-07
1.0345 2.5431e-06 1.7658e-07
1.0375 2.8514e-06 1.7325e-07
1.0405 2.352e-06 1.7708e-07
1.0435 2.6364e-06 1.7554e-07
1.0465 1.905e-06 1.7349e-07
1.0495 2.2731e-06 1.7114e-07
1.0525 2.8152e-06 1.6896e-07
1.0555 2.7858e-06 1.7201e-07
1.0585 2.7131e-06 1.7129e-07
1.0615 2.6292e-06 1.7233e-07
1.0645 2.2483e-06 1.7143e-07
1.0675 2.7582e-06 1.7119e-07
1.0705 1.7353e-06 1.739e-07
1.0735 1.9657e-06 1.7012e-07
1.0765 2.3242e-06 1.723e-07
1.0795 2.1083e-06 1.7314e-07
1.0825 2.0829e-06 1.7293e-07
1.0855 2.6665e-06 1.7377e-07
1.0885 2.0323e-06 1.699e-07
1.0915 2.6635e-06 1.7188e-07
1.0945 2.3981e-06 1.7033e-07
1.0975 2.1994e-06 1.7234e-07
1.1005 1.8688e-06 1.6996e-07
1.1035 1.9158e-06 1.6775e-07
1.1065 1.9251e-06 1.7021e-07
1.1095 2.2111e-06 1.6934e-07
1.1125 2.0336e-06 1.6806e-07
1.1155 2.1426e-06 1.7021e-07
1.1184 1.9605e-06 1.6958e-07
1.1214 1.951e-06 1.7247e-07
1.1244 2.3353e-06 1.6936e-07
1.1274 1.9726e-06 1.71e-07
1.1304 1.8768e-06 1.689e-07
1.1334 1.7552e-06 1.6649e-07
1.1364 1.9089e-06 1.6621e-07
1.1394 1.9826e-06 1.6714e-07
1.1424 1.6283e-06 1.681e-07
1.1454 1.3957e-06 1.6676e-07
1.1484 1.7735e-06 1.6501e-07
1.1514 1.8483e-06 1.6747e-07
1.1544 1.4548e-06 1.6643e-07
1.1574 2.1638e-06 1.6596e-07
1.1604 1.5806e-06 1.6798e-07
1.1634 2.3085e-06 1.652e-07
1.1664 2.0133e-06 1.6716e-07
1.1694 1.9768e-06 1.675e-07
1.1724 2.2598e-06 1.6561e-07
1.1754 1.4236e-06 1.6696e-07
1.1784 1.9906e-06 1.6609e-07
1.1814 1.5586e-06 1.6635e-07
1.1844 1.4218e-06 1.6742e-07
1.1874 1.9973e-06 1.6449e-07
1.1904 1.8572e-06 1.6605e-07
1.1934 1.4095e-06 1.6848e-07
1.1964 1.7637e-06 1.6572e-07
1.1994 1.3473e-06 1.6486e-07
1.2024 1.4342e-06 1.6303e-07
1.2054 1.3747e-06 1.6662e-07
1.2084 1.3812e-06 1.6639e-07
1.2114 1.5615e-06 1.6595e-07
1.2144 1.5768e-06 1.654e-07
1.2174 1.4748e-06 1.635e-07
1.2204 1.6152e-06 1.65e-07
1.2234 2.1739e-06 1.6503e-07
1.2264 1.7716e-06 1.6099e-07
1.2294 1.3818e-06 1.6885e-07
1.2324 1.3097e-06 1.7002e-07
1.2354 1.5516e-06 1.7451e-07
1.2384 1.3712e-06 1.7376e-07
1.2414 1.4983e-06 1.7522e-07
1.2443 1.5676e-06 1.7823e-07
1.2473 1.6096e-06 1.7554e-07
1.2503 1.4463e-06 1.7814e-07
1.2533 1.7883e-06 1.7002e-07
1.2563 1.2722e-06 1.6981e-07
1.2593 1.3394e-06 1.7171e-07
1.2623 1.19e-06 1.6622e-07
1.2653 1.4537e-06 1.7019e-07
1.2683 1.8728e-06 1.6857e-07
1.2713 1.4304e-06 1.6767e-07
1.2743 1.5338e-06 1.6823e-07
1.2773 1.2771e-06 1.6423e-07
1.2803 1.4604e-06 1.6725e-07
1.2833 1.1303e-06 1.6782e-07
1.2863 1.7994e-06 1.6449e-07
1.2893 1.5246e-06 1.6518e-07
1.2923 1.1046e-06 1.6497e-07
1.2953 1.628e-06 1.667e-07
1.2983 1.1065e-06 1.6561e-07
1.3013 1.4404e-06 1.6281e-07
1.3043 1.6327e-06 1.6283e-07
1.3073 1.1312e-06 1.6526e-07
1.3103 1.1018e-06 1.6431e-07
1.3133 1.0994e-06 1.6101e-07
1.3163 1.2315e-06 1.6045e-07
1.3193 8.501e-07 1.6191e-07
1.3223 1.3733e-06 1.6116e-07
1.3253 1.4409e-06 1.597e-07
1.3283 9.6545e-07 1.6031e-07
1.3313 1.3222e-06 1.6063e-07
1.3343 1.7363e-06 1.615e-07
1.3373 1.1991e-06 1.6216e-07
1.3403 9.0168e-07 1.602e-07
1.3433 1.0224e-06 1.5972e-07
1.3463 1.3951e-06 1.6068e-07
1.3493 1.1307e-06 1.6005e-07
1.3523 1.0888e-06 1.6014e-07
1.3553 1.3363e-06 1.5799e-07
1.3582 1.6228e-06 1.602e-07
1.3612 1.1666e-06 1.5854e-07
1.3642 1.1542e-06 1.5799e-07
1.3672 1.269e-06 1.5792e-07
1.3702 1.0144e-06 1.5835e-07
1.3732 1.1392e-06 1.5846e-07
1.3762 1.3924e-06 1.5812e-07
1.3792 1.3733e-06 1.588e-07
1.3822 1.2716e-06 1.5814e-07
1.3852 1.2989e-06 1.5744e-07
1.3882 1.4926e-06 1.5777e-07
1.3912 1.2584e-06 1.5544e-07
1.3942 9.2671e-07 1.5621e-07
1.3972 1.6248e-06 1.5663e-07
1.4002 1.516e-06 1.5618e-07
1.4032 1.0235e-06 1.5539e-07
1.4062 1.1058e-06 1.576e-07
1.4092 1.2449e-06 1.5704e-07
1.4122 8.9018e-07 1.56e-07
1.4152 1.1186e-06 1.5569e-07
1.4182 1.3619e-06 1.5593e-07
1.4212 1.314e-06 1.5395e-07
1.4242 9.9581e-07 1.6115e-07
1.4272 1.1134e-06 1.621e-07
1.4302 9.5906e-07 1.6313e-07
1.4332 9.664e-07 1.6284e-07
1.4362 8.9529e-07 1.6379e-07
1.4392 1.2183e-06 1.6647e-07
1.4422 8.8974e-07 1.6762e-07
1.4452 8.4979e-07 1.6954e-07
1.4482 1.2994e-06 1.6995e-07
1.4512 1.2169e-06 1.697e-07
1.4542 1.176e-06 1.704e-07
1.4572 1.2722e-06 1.6814e-07
1.4601 7.1694e-07 1.6985e-07
1.4631 1.7005e-06 1.6919e-07
1.4661 8.2567e-07 1.7076e-07
1.4691 1.084e-06 1.6988e-07
1.4721 1.0319e-06 1.69e-07
1.4751 9.7363e-07 1.7325e-07
1.4781 1.2063e-06 1.6177e-07
1.4811 4.3764e-07 1.6235e-07
1.4841 4.2934e-07 1.5888e-07
1.4871 6.3174e-07 1.6038e-07
1.4901 8.8866e-07 1.5829e-07
1.4931 7.2345e-07 1.5604e-07
1.4961 9.2267e-07 1.5681e-07
1.4991 8.4158e-07 1.5815e-07
1.5021 1.0268e-06 1.5751e-07
1.5051 8.7278e-07 1.5809e-07
1.5081 1.0138e-06 1.5625e-07
1.5111 1.1136e-06 1.5829e-07
1.5141 9.5141e-07 1.5576e-07
1.5171 8.3896e-07 1.5643e-07
1.5201 8.4057e-07 1.5506e-07
1.5231 6.6418e-07 1.5504e-07
1.5261 1.1506e-06 1.579e-07
1.5291 4.7247e-07 1.5464e-07
1.5321 5.2328e-07 1.5477e-07
1.5351 6.3153e-07 1.5406e-07
1.5381 1.0838e-06 1.5345e-07
1.5411 6.6014e-07 1.5606e-07
1.5441 6.2178e-07 1.5243e-07
1.5471 1.1521e-06 1.5419e-07
1.5501 6.6559e-07 1.5342e-07
1.5531 1.3824e-06 1.5315e-07
1.556 9.52e-07 1.5352e-07
1.559 1.0754e-06 1.529e-07
1.562 5.6174e-07 1.5456e-07
1.565 1.039e-06 1.5213e-07
1.568 9.8381e-07 1.5143e-07
1.571 9.3789e-07 1.5213e-07
1.574 6.3164e-07 1.5193e-07
1.577 7.1261e-07 1.5335e-07
1.58 6.8909e-07 1.5083e-07
1.583 7.9621e-07 1.5164e-07
1.586 9.0109e-07 1.5089e-07
1.589 6.6011e-07 1.5127e-07
1.592 8.6961e-07 1.5189e-07
1.595 6.5817e-07 1.4962e-07
1.598 9.4333e-07 1.5079e-07
1.601 7.1424e-07 1.504e-07
1.604 9.147e-07 1.4999e-07
1.607 6.5391e-07 1.5011e-07
1.61 3.9351e-07 1.5018e-07
1.613 8.3912e-07 1.4961e-07
1.616 5.4105e-07 1.4843e-07
1.619 9.4369e-07 1.4734e-07
1.622 9.4793e-07 1.4754e-07
1.625 3.9073e-07 1.4957e-07
1.628 7.1113e-07 1.4955e-07
1.631 8.5596e-07 1.496e-07
1.634 6.1687e-07 1.4891e-07
1.637 9.1534e-07 1.4836e-07
1.64 1.012e-06 1.4898e-07
1.6429 6.4538e-07 1.4879e-07
1.6459 7.3166e-07 1.4682e-07
1.6489 5.3897e-07 1.4767e-07
1.6519 9.0097e-07 1.4652e-07
1.6549 1.1329e-07 1.4954e-07
1.6579 5.0494e-07 1.4562e-07
1.6609 7.5153e-07 1.4839e-07
1.6639 1.0934e-06 1.4802e-07
1.6669 8.1622e-07 1.474e-07
1.6699 8.9016e-07 1.4719e-07
1.6729 7.9634e-07 1.4572e-07
1.6759 7.3461e-07 1.4817e-07
1.6789 1.0246e-06 1.4823e-07
1.6819 4.2754e-07 1.4521e-07
1.6849 8.7441e-07 1.4672e-07
1.6879 8.015e-07 1.4638e-07
1.6909 5.3969e-07 1.4763e-07
1.6939 5.9406e-07 1.4596e-07
1.6969 1.2358e-06 1.4518e-07
1.6999 6.2212e-07 1.4719e-07
1.7029 6.1644e-07 1.4701e-07
1.7059 8.0034e-07 1.4673e-07
1.7089 4.0277e-07 1.4576e-07
1.7119 4.7459e-07 1.4585e-07
1.7149 4.1088e-07 1.4588e-07
1.7179 7.9136e-07 1.4478e-07
1.7209 5.2525e-07 1.4577e-07
1.7238 6.4638e-07 1.4607e-07
1.7268 9.1326e-07 1.4486e-07
1.7298 5.7006e-07 1.4535e-07
1.7328 8.7035e-07 1.4412e-07
1.7358 9.2188e-07 1.4441e-07
1.7388 4.6667e-07 1.4419e-07
1.7418 5.4805e-07 1.4519e-07
1.7448 8.4921e-07 1.4465e-07
1.7478 1.23e-06 1.4305e-07
1.7508 5.1222e-07 1.4304e-07
1.7538 3.221e-07 1.4333e-07
1.7568 3.9054e-07 1.4424e-07
1.7598 8.6981e-07 1.4362e-07
1.7628 3.4915e-07 1.4346e-07
1.7658 5.0063e-07 1.4254e-07
1.7688 3.4849e-07 1.4095e-07
1.7718 7.6524e-07 1.4007e-07
1.7748 9.2508e-07 1.4071e-07
1.7778 6.3274e-07 1.4201e-07
1.7808 6.4825e-07 1.4172e-07
1.7838 5.641e-07 1.4269e-07
1.7868 4.3802e-07 1.4246e-07
1.7898 4.4222e-07 1.4159e-07
1.7928 4.0838e-07 1.4281e-07
1.7958 1.7978e-07 1.4124e-07
1.7988 6.39e-07 1.3947e-07
1.8017 6.2155e-07 1.4032e-07
1.8047 5.222e-07 1.4119e-07
1.8077 8.7718e-07 1.4066e-07
1.8107 3.4606e-07 1.4025e-07
1.8137 8.2628e-07 1.4043e-07
1.8167 9.4786e-07 1.4104e-07
1.8197 6.3144e-07 1.4037e-07
1.8227 1.8323e-07 1.4033e-07
1.8257 3.7761e-07 1.3929e-07
1.8287 5.1752e-07 1.4028e-07
1.8317 5.5995e-07 1.3988e-07
1.8347 5.761e-07 1.3939e-07
1.8377 1.9632e-08 1.4053e-07
1.8407 7.1586e-07 1.4019e-07
1.8437 1.8084e-07 1.3998e-07
1.8467 9.1329e-07 1.3837e-07
1.8497 5.7553e-07 1.3987e-07
1.8527 9.5482e-07 1.3881e-07
1.8557 4.3041e-07 1.3885e-07
1.8587 8.0533e-07 1.3949e-07
1.8617 1.5142e-07 1.3954e-07
1.8647 6.7143e-07 1.3911e-07
1.8677 5.2992e-07 1.3964e-07
1.8707 4.2193e-07 1.3911e-07
1.8736 6.9974e-07 1.3908e-07
1.8766 4.1485e-07 1.381e-07
1.8796 2.7986e-07 1.3756e-07
1.8826 2.971e-07 1.3973e-07
1.8856 6.9893e-07 1.3778e-07
1.8886 4.4344e-07 1.3936e-07
1.8916 6.294e-07 1.3818e-07
1.8946 4.8415e-07 1.3904e-07
1.8976 4.5575e-07 1.3775e-07
1.9006 6.1073e-07 1.3736e-07
1.9036 6.4185e-07 1.3768e-07
1.9066 4.4853e-07 1.3808e-07
1.9096 8.8937e-07 1.3701e-07
1.9126 6.8372e-07 1.3768e-07
1.9156 2.0746e-07 1.3788e-07
1.9186 4.2867e-07 1.3686e-07
1.9216 4.2227e-07 1.3675e-07
1.9246 5.6707e-07 1.358e-07
1.9276 4.9934e-07 1.3725e-07
1.9306 4.5474e-07 1.3818e-07
1.9336 2.9838e-07 1.3684e-07
1.9366 2.189e-07 1.3697e-07
1.9395 4.0829e-07 1.3649e-07
1.9425 3.667e-07 1.372e-07
1.9455 5.0508e-07 1.3617e-07
1.9485 3.5542e-07 1.3586e-07
1.9515 5.0255e-07 1.3698e-07
1.9545 3.7176e-07 1.3585e-07
1.9575 4.5403e-07 1.3776e-07
1.9605 9.6799e-08 1.3642e-07
1.9635 4.7935e-07 1.3576e-07
1.9665 6.0934e-07 1.3769e-07
1.9695 6.2914e-07 1.3624e-07
1.9725 1.6939e-07 1.3604e-07
1.9755 6.1205e-07 1.367e-07
1.9785 4.6174e-07 1.3414e-07
1.9815 2.4121e-07 1.3511e-07
1.9845 3.9452e-07 1.3455e-07
1.9875 3.1976e-07 1.3412e-07
1.9905 4.8574e-07 1.3525e-07
1.9935 8.0237e-07 1.3406e-07
1.9965 3.2203e-07 1.3501e-07
1.9995 4.0313e-07 1.3362e-07
2.0025 4.313e-07 1.3494e-07
2.0054 3.7126e-07 1.3381e-07
2.0084 5.5823e-07 1.3589e-07
2.0114 5.1726e-07 1.343e-07
2.0144 1.8948e-07 1.3339e-07
2.0174 2.2404e-07 1.3485e-07
2.0204 2.4412e-07 1.3377e-07
2.0234 4.6312e-07 1.3293e-07
2.0264 6.2218e-07 1.3323e-07
2.0294 1.595e-07 1.3447e-07
2.0324 5.2846e-07 1.334e-07
2.0354 2.5125e-07 1.3566e-07
2.0384 5.0666e-07 1.3354e-07
2.0414 5.7236e-07 1.3367e-07
2.0444 2.6047e-07 1.336e-07
2.0474 4.3547e-07 1.3415e-07
2.0504 3.6147e-07 1.3381e-07
2.0534 -6.9446e-08 1.3295e-07
2.0564 5.0301e-07 1.3368e-07
2.0594 4.2918e-07 1.3695e-07
2.0624 2.6996e-07 1.4003e-07
2.0653 7.9378e-08 1.4052e-07
2.0683 3.0545e-07 1.4041e-07
2.0713 2.1259e-07 1.4274e-07
2.0743 6.0409e-07 1.4335e-07
2.0773 4.0931e-07 1.4202e-07
2.0803 5.3947e-07 1.4218e-07
2.0833 3.8403e-07 1.4431e-07
2.0863 3.814e-07 1.4323e-07
2.0893 1.729e-07 1.4471e-07
2.0923 4.106e-07 1.446e-07
2.0953 3.4366e-07 1.472e-07
2.0983 3.3821e-07 1.4681e-07
2.1013 6.1885e-08 1.4565e-07
2.1043 3.7393e-07 1.4524e-07
2.1073 2.6552e-07 1.4605e-07
2.1103 5.4973e-07 1.4828e-07
2.1133 2.8952e-07 1.411e-07
2.1163 2.3446e-07 1.3819e-07
2.1193 5.0173e-08 1.3817e-07
2.1223 2.4049e-07 1.3736e-07
2.1252 5.7566e-07 1.3724e-07
2.1282 3.4358e-07 1.3538e-07
2.1312 4.6099e-07 1.3536e-07
2.1342 2.6843e-07 1.3609e-07
2.1372 3.1156e-07 1.357e-07
2.1402 2.6522e-07 1.359e-07
2.1432 1.114e-08 1.3494e-07
2.1462 6.3833e-07 1.353e-07
2.1492 4.467e-07 1.3497e-07
2.1522 5.682e-08 1.3388e-07
2.1552 5.3233e-07 1.3555e-07
2.1582 2.3784e-07 1.3413e-07
2.1612 5.5927e-07 1.3349e-07
2.1642 4.994e-07 1.3133e-07
2.1672 2.917e-07 1.3079e-07
2.1702 2.2896e-07 1.3382e-07
2.1732 3.3835e-07 1.3187e-07
2.1762 2.0329e-07 1.3237e-07
2.1792 3.1663e-07 1.3041e-07
2.1821 1.1757e-07 1.7635e-07
2.1851 1.4225e-07 1.3293e-07
2.1881 7.1391e-08 1.3264e-07
2.1911 2.6081e-07 1.3173e-07
2.1941 5.059e-07 1.3078e-07
2.1971 3.8224e-07 1.3054e-07
2.2001 3.7663e-07 1.3219e-07
2.2031 4.9092e-07 1.3199e-07
2.2061 4.9205e-07 1.32e-07
2.2091 5.5451e-07 1.3132e-07
2.2121 4.6697e-07 1.3183e-07
2.2151 1.8019e-07 1.3051e-07
2.2181 5.6388e-07 1.309e-07
2.2211 -1.0025e-08 1.3215e-07
2.2241 2.3112e-07 1.3149e-07
2.2271 1.5116e-07 1.3097e-07
2.2301 1.8665e-08 1.3196e-07
2.2331 8.2706e-08 1.3141e-07
2.236 2.9692e-07 1.3151e-07
2.239 3.2517e-08 1.3155e-07
2.242 2.547e-07 1.3052e-07
2.245 1.8141e-07 1.3043e-07
2.248 9.2259e-08 1.3066e-07
2.251 5.5713e-07 1.3045e-07
2.254 2.3948e-07 1.2986e-07
2.257 1.1077e-07 1.3223e-07
2.26 1.4937e-07 1.2992e-07
2.263 2.0714e-07 1.3094e-07
2.266 1.3774e-07 1.2926e-07
2.269 2.0407e-07 1.2872e-07
2.272 5.4463e-07 1.3024e-07
2.275 2.2143e-07 1.3058e-07
2.278 3.1836e-07 1.3036e-07
2.281 -7.613e-08 1.2895e-07
2.284 1.6478e-07 1.2879e-07
2.2869 1.7104e-07 1.2997e-07
2.2899 8.127e-08 1.2879e-07
2.2929 1.4238e-07 1.2919e-07
2.2959 3.93e-07 1.2855e-07
2.2989 2.7014e-07 1.3009e-07
2.3019 2.7781e-07 1.286e-07
2.3049 6.305e-07 1.2816e-07
2.3079 1.6719e-07 1.2981e-07
2.3109 5.3569e-07 1.2732e-07
2.3139 3.7989e-07 1.2992e-07
2.3169 -2.1186e-07 1.2902e-07
2.3199 3.7129e-07 1.2887e-07
2.3229 3.789e-07 1.2886e-07
2.3259 9.5003e-08 1.2823e-07
2.3289 9.6511e-08 1.2758e-07
2.3319 1.9458e-07 1.2833e-07
2.3349 3.5561e-07 1.2876e-07
2.3378 4.7188e-08 1.2709e-07
2.3408 4.7778e-07 1.2757e-07
2.3438 1.2909e-07 1.2653e-07
2.3468 2.1995e-07 1.2588e-07
2.3498 3.3074e-07 1.254e-07
2.3528 4.3178e-07 1.2676e-07
2.3558 1.3846e-07 1.2588e-07
2.3588 2.7632e-07 1.2671e-07
2.3618 9.2502e-08 1.2609e-07
2.3648 2.4106e-07 1.278e-07
2.3678 4.349e-07 1.2481e-07
2.3708 2.3658e-07 1.2623e-07
2.3738 2.8551e-07 1.2651e-07
2.3768 1.5222e-07 1.2662e-07
2.3798 4.445e-07 1.2658e-07
2.3828 3.9242e-07 1.2564e-07
2.3857 3.9391e-07 1.2609e-07
2.3887 1.8454e-07 1.2616e-07
2.3917 -2.6535e-07 1.2623e-07
2.3947 1.9572e-07 1.2641e-07
2.3977 -3.0438e-08 1.2557e-07
2.4007 5.2401e-08 1.2555e-07
2.4037 1.425e-07 1.2338e-07
2.4067 1.6803e-07 1.2277e-07
2.4097 2.8465e-07 1.2463e-07
2.4127 3.9569e-07 1.2374e-07
2.4157 5.1585e-07 1.2522e-07
2.4187 9.9387e-08 1.2379e-07
2.4217 4.6056e-07 1.2487e-07
2.4247 3.0513e-07 1.2434e-07
2.4277 3.705e-07 1.2441e-07
2.4307 1.9176e-07 1.2481e-07
2.4336 5.0491e-07 1.2327e-07
2.4366 4.4676e-07 1.2402e-07
2.4396 5.0075e-07 1.2347e-07
2.4426 1.4864e-07 1.2481e-07
2.4456 2.9481e-07 1.2427e-07
2.4486 -2.4839e-08 1.2374e-07
2.4516 1.6447e-07 1.2507e-07
2.4546 2.5071e-07 1.2401e-07
2.4576 1.6964e-10 1.2589e-07
2.4606 1.4447e-07 1.2439e-07
2.4636 2.8125e-07 1.2374e-07
2.4666 1.3979e-07 1.244e-07
2.4696 1.8751e-07 1.2386e-07
2.4726 3.1403e-07 1.2453e-07
2.4756 4.6205e-07 1.2345e-07
2.4785 2.9234e-08 1.2449e-07
2.4815 2.588e-07 1.2467e-07
2.4845 2.1238e-07 1.2321e-07
2.4875 2.6434e-07 1.2356e-07
2.4905 -8.2936e-09 1.2307e-07
2.4935 5.867e-08 1.2355e-07
2.4965 6.7849e-08 1.2313e-07
2.4995 1.4575e-07 1.2363e-07
2.5025 4.4799e-08 1.2401e-07
2.5055 3.5101e-07 1.2291e-07
2.5085 5.8099e-07 1.2257e-07
2.5115 2.6716e-07 1.2322e-07
2.5145 1.0267e-07 1.2284e-07
2.5175 5.7926e-07 1.232e-07
2.5205 1.7934e-07 1.2224e-07
2.5234 3.2037e-07 1.2201e-07
2.5264 5.3723e-07 1.2234e-07
2.5294 2.1863e-07 1.212e-07
2.5324 8.4e-08 1.2074e-07
2.5354 -2.1933e-07 1.2197e-07
2.5384 2.1265e-07 1.2126e-07
2.5414 3.1123e-07 1.2084e-07
2.5444 1.1757e-07 1.2173e-07
2.5474 2.8528e-07 1.2114e-07
2.5504 3.039e-07 1.2224e-07
2.5534 1.0903e-07 1.2186e-07
2.5564 1.1046e-07 1.2185e-07
2.5594 9.7991e-08 1.2116e-07
2.5624 4.447e-07 1.2044e-07
2.5653 1.9923e-07 1.2205e-07
2.5683 1.1341e-07 1.2202e-07
2.5713 1.564e-08 1.2094e-07
2.5743 2.1721e-07 1.2194e-07
2.5773 1.7075e-07 1.2116e-07
2.5803 4.4773e-07 1.2143e-07
2.5833 1.6082e-08 1.2151e-07
2.5863 1.8856e-07 1.2085e-07
2.5893 2.7386e-07 1.2157e-07
2.5923 1.4642e-07 1.2162e-07
2.5953 2.0553e-07 1.2212e-07
2.5983 2.6027e-07 1.2044e-07
2.6013 5.6318e-07 1.2062e-07
2.6043 3.2657e-07 1.2147e-07
2.6072 4.5645e-07 1.2013e-07
2.6102 1.1447e-08 1.2109e-07
2.6132 -2.2989e-08 1.2142e-07
2.6162 2.2299e-07 1.2108e-07
2.6192 1.0228e-07 1.2181e-07
2.6222 7.7197e-08 1.2011e-07
2.6252 2.2651e-07 1.2043e-07
2.6282 1.7602e-07 1.1971e-07
2.6312 2.2404e-07 1.2046e-07
2.6342 -3.657e-08 1.1954e-07
2.6372 2.7624e-07 1.2045e-07
2.6402 4.5916e-07 1.2061e-07
2.6432 6.2311e-08 1.205e-07
2.6462 2.762e-07 1.204e-07
2.6491 -1.442e-08 1.1962e-07
2.6521 2.9087e-07 1.209e-07
2.6551 8.6467e-08 1.1973e-07
2.6581 2.0588e-07 1.1922e-07
2.6611 3.4756e-07 1.1993e-07
2.6641 1.6258e-07 1.2016e-07
2.6671 5.03e-08 1.1971e-07
2.6701 3.024e-07 1.1937e-07
2.6731 2.7866e-07 1.1965e-07
2.6761 2.0755e-07 1.1999e-07
2.6791 2.9629e-07 1.1932e-07
2.6821 2.3055e-07 1.2007e-07
2.6851 2.3163e-07 1.187e-07
2.688 -4.1218e-08 1.1919e-07
2.691 4.1613e-08 1.1994e-07
2.694 5.6163e-08 1.185e-07
2.697 2.3195e-07 1.2126e-07
2.7 4.6128e-10 1.2338e-07
2.703 7.3113e-08 1.2557e-07
2.706 2.5869e-07 1.2608e-07
2.709 8.6801e-08 1.2369e-07
2.712 1.5215e-08 1.2858e-07
2.715 3.335e-07 1.3143e-07
2.718 3.2097e-07 1.3247e-07
2.721 1.7466e-07 1.3528e-07
2.724 2.5075e-07 1.3598e-07
2.7269 4.4625e-07 1.369e-07
2.7299 3.1774e-07 1.3745e-07
2.7329 2.4053e-07 1.4026e-07
2.7359 1.5408e-07 1.3885e-07
2.7389 1.287e-08 1.4258e-07
2.7419 1.8249e-07 1.4295e-07
2.7449 4.2785e-07 1.4447e-07
2.7479 5.5895e-07 1.4521e-07
2.7509 8.7153e-08 1.4449e-07
2.7539 -2.9714e-07 1.4688e-07
2.7569 1.9184e-08 1.4698e-07
2.7599 1.9592e-07 1.4847e-07
2.7628 2.1726e-07 1.4995e-07
2.7658 1.712e-08 1.4818e-07
2.7688 2.2559e-07 1.5073e-07
2.7718 3.5085e-07 1.4972e-07
2.7748 7.739e-08 1.5117e-07
2.7778 1.0374e-07 1.5342e-07
2.7808 -3.4625e-08 1.506e-07
2.7838 3.7513e-07 1.5309e-07
2.7868 -3.1046e-08 1.5206e-07
2.7898 3.063e-07 1.5398e-07
2.7928 1.1089e-07 1.5316e-07
2.7958 3.2e-07 1.55e-07
2.7987 -1.4294e-07 1.5518e-07
2.8017 1.6762e-07 1.5339e-07
2.8047 5.5987e-09 1.5655e-07
2.8077 2.7998e-08 1.5689e-07
2.8107 1.5838e-07 1.5841e-07
2.8137 1.9272e-07 1.5782e-07
2.8167 1.7281e-07 1.5743e-07
2.8197 -2.5431e-07 1.5822e-07
2.8227 -1.5576e-08 1.5766e-07
2.8257 4.2946e-08 1.5911e-07
2.8287 2.2929e-07 1.6159e-07
2.8317 3.2414e-07 1.5958e-07
2.8346 5.4719e-07 1.609e-07
2.8376 2.2935e-07 1.5808e-07
2.8406 1.0639e-07 1.6162e-07
2.8436 1.9523e-07 1.5971e-07
2.8466 6.1302e-07 1.6224e-07
2.8496 7.1185e-08 1.6416e-07
2.8526 -1.1683e-07 1.6148e-07
2.8556 3.6807e-07 1.6616e-07
2.8586 4.288e-07 1.6157e-07
2.8616 2.1176e-07 1.6656e-07
2.8646 4.2351e-07 1.6403e-07
2.8676 -1.0666e-07 1.6461e-07
2.8705 8.3598e-09 1.6668e-07
2.8735 2.4573e-07 1.6498e-07
2.8765 3.275e-07 1.6714e-07
2.8795 -1.3779e-07 1.6792e-07
2.8825 3.0209e-08 1.6812e-07
2.8855 -2.8638e-07 1.7065e-07
2.8885 1.0983e-07 1.6354e-07
2.8915 1.5437e-08 1.7139e-07
2.8945 2.6185e-07 1.6925e-07
2.8975 2.8919e-07 1.6865e-07
2.9005 3.1967e-07 1.7062e-07
2.9035 1.7782e-07 1.6781e-07
2.9064 3.3946e-07 1.7327e-07
2.9094 -5.1423e-08 1.7102e-07
2.9124 2.6027e-07 1.7167e-07
2.9154 5.3222e-07 1.7504e-07
2.9184 -9.2928e-08 1.7434e-07
2.9214 3.5339e-07 1.7568e-07
2.9244 -2.0967e-07 1.741e-07
2.9274 4.8312e-07 1.7182e-07
2.9304 -4.8113e-08 1.7705e-07
2.9334 3.1086e-07 1.7617e-07
2.9364 3.5802e-07 1.7991e-07
2.9393 -5.9967e-07 1.7582e-07
2.9423 2.6735e-07 1.7696e-07
2.9453 -1.8062e-07 1.8127e-07
2.9483 1.6533e-07 1.7659e-07
2.9513 3.0878e-08 1.7726e-07
2.9543 1.3483e-08 1.7903e-07
2.9573 4.6809e-07 1.8084e-07
2.9603 3.2629e-07 1.8109e-07
2.9633 4.6828e-07 1.7939e-07
2.9663 4.2792e-07 1.939e-07
2.9693 1.2799e-07 1.8074e-07
2.9722 1.8465e-07 1.8288e-07
2.9752 1.8523e-07 1.8221e-07
2.9782 2.3225e-07 1.7957e-07
2.9812 2.1014e-07 1.8269e-07
2.9842 5.4606e-07 1.8279e-07
2.9872 1.2883e-07 1.8454e-07
2.9902 7.9188e-08 1.827e-07
2.9932 -1.6732e-07 1.8817e-07
2.9962 -3.9344e-07 1.8484e-07
2.9992 9.3311e-09 1.8698e-07
3.0022 1.0851e-07 1.8347e-07
3.0051 -1.6976e-07 1.8898e-07
3.0081 9.3542e-07 1.8593e-07
3.0111 1.9315e-07 1.8619e-07
3.0141 8.1455e-08 1.8906e-07
3.0171 1.6339e-07 1.8696e-07
3.0201 3.3282e-08 1.8988e-07
3.0231 -1.7316e-07 1.9058e-07
3.0261 -2.699e-07 1.8759e-07
3.0291 5.1632e-08 1.8923e-07
3.0321 6.3463e-08 1.8866e-07
3.035 5.1459e-07 1.945e-07
3.038 -1.3385e-07 1.9001e-07
3.041 -3.5494e-08 1.9178e-07
3.044 2.6554e-07 1.969e-07
3.047 -1.7357e-07 1.9152e-07
3.05 1.8989e-07 1.9707e-07
3.053 3.3335e-07 1.9568e-07
3.056 -2.2914e-07 1.9499e-07
3.059 -2.5365e-07 2.0179e-07
3.062 -4.0027e-08 1.9116e-07
3.065 5.3795e-08 1.9632e-07
3.0679 1.4775e-07 1.9507e-07
3.0709 -1.8541e-07 1.9858e-07
3.0739 3.8886e-07 1.9773e-07
3.0769 3.6305e-08 1.9249e-07
3.0799 2.0099e-07 1.9665e-07
3.0829 2.2318e-07 1.9605e-07
3.0859 6.1336e-07 1.9647e-07
3.0889 1.0432e-07 1.9967e-07
3.0919 -1.9191e-07 1.9957e-07
3.0949 2.7723e-07 1.9897e-07
3.0978 2.7138e-07 1.9875e-07
3.1008 -5.5587e-07 2.0171e-07
3.1038 1.8419e-07 2.0018e-07
3.1068 2.6031e-07 2.0122e-07
3.1098 -3.9923e-07 2.0506e-07
3.1128 3.7515e-08 2.0091e-07
3.1158 2.7988e-07 2.0356e-07
3.1188 -2.4925e-07 2.0107e-07
3.1218 8.1069e-08 2.0621e-07
3.1248 -4.0598e-07 2.0523e-07
3.1277 -8.1116e-07 5.8199e-07
3.1307 6.2798e-07 2.0629e-07
3.1337 3.2494e-07 2.0372e-07
3.1367 1.9871e-07 2.0757e-07
3.1397 4.5361e-07 2.0805e-07
3.1427 2.9122e-07 2.105e-07
3.1457 2.3664e-07 2.0921e-07
3.1487 4.4277e-07 2.038e-07
3.1517 1.5126e-08 2.1377e-07
3.1547 -5.0599e-07 2.1001e-07
3.1576 6.5283e-07 2.1383e-07
3.1606 6.2067e-07 2.1095e-07
3.1636 1.0083e-07 2.0802e-07
3.1666 -2.1517e-07 2.1611e-07
3.1696 -2.7872e-07 2.1086e-07
3.1726 2.0543e-07 2.1548e-07
3.1756 -2.4458e-07 2.1554e-07
3.1786 -9.6724e-08 2.1529e-07
3.1816 2.1126e-08 2.2093e-07
3.1846 9.469e-08 2.1319e-07
3.1875 1.5635e-07 2.2217e-07
3.1905 7.1216e-07 2.1636e-07
3.1935 7.196e-08 2.1564e-07
3.1965 8.0568e-07 2.2378e-07
3.1995 2.7269e-07 2.1616e-07
3.2025 -7.2493e-08 2.2529e-07
3.2055 -1.0197e-07 2.2093e-07
3.2085 -3.0555e-07 2.1984e-07
3.2115 -5.0438e-08 2.2215e-07
3.2144 -7.1355e-08 2.2422e-07
3.2174 -2.3649e-07 2.2585e-07
3.2204 6.0837e-07 2.2096e-07
3.2234 -3.8495e-07 2.2454e-07
3.2264 3.6725e-08 2.2548e-07
3.2294 3.9429e-07 2.2204e-07
3.2324 -1.793e-07 2.2993e-07
3.2354 -1.092e-07 2.2207e-07
3.2384 1.5111e-07 2.2794e-07
3.2414 6.0403e-07 2.2856e-07
3.2443 -2.2907e-08 2.3067e-07
3.2473 -3.7558e-07 2.3454e-07
3.2503 4.9697e-07 2.2932e-07
3.2533 2.6789e-07 2.363e-07
3.2563 -4.0835e-08 2.3086e-07
3.2593 -9.4769e-08 2.3441e-07
3.2623 3.3532e-07 2.3498e-07
3.2653 3.8429e-07 2.393e-07
3.2683 2.0086e-07 2.3863e-07
3.2712 -8.1408e-08 2.3582e-07
3.2742 4.1238e-07 2.4225e-07
3.2772 -1.3469e-07 2.3769e-07
3.2802 1.6012e-07 2.3941e-07
3.2832 3.6466e-07 2.4317e-07
3.2862 -2.1129e-07 2.3942e-07
3.2892 4.5577e-07 2.4371e-07
3.2922 4.122e-07 2.3924e-07
3.2952 3.5407e-07 2.4659e-07
3.2981 -4.5285e-07 2.3986e-07
3.3011 5.4043e-08 2.5013e-07
3.3041 4.2991e-07 2.4938e-07
3.3071 -3.406e-07 2.4658e-07
3.3101 4.1991e-07 2.4933e-07
3.3131 8.4463e-08 2.4394e-07
3.3161 3.6253e-07 2.5133e-07
3.3191 1.0458e-07 2.537e-07
3.3221 5.2252e-07 2.4237e-07
3.325 4.4353e-07 2.5513e-07
3.328 -2.1997e-07 2.5237e-07
3.331 2.3906e-07 2.5474e-07
3.334 -6.3667e-08 2.5733e-07
3.337 -1.6662e-07 2.5347e-07
3.34 2.0682e-07 2.6407e-07
3.343 3.0089e-07 2.5584e-07
3.346 2.0566e-07 2.6375e-07
3.349 -2.4008e-07 2.6346e-07
3.3519 -1.8654e-07 2.5775e-07
3.3549 -7.9088e-08 2.6472e-07
3.3579 2.6816e-08 2.585e-07
3.3609 3.2328e-07 2.6615e-07
3.3639 2.4618e-07 2.5831e-07
3.3669 -2.0214e-07 2.6692e-07
3.3699 -3.1138e-07 2.7611e-07
3.3729 1.6844e-07 2.6183e-07
3.3759 1.1153e-07 2.7429e-07
3.3788 5.1842e-07 2.6407e-07
3.3818 5.1997e-07 2.7232e-07
3.3848 3.448e-08 2.7211e-07
3.3878 -1.8644e-07 2.7245e-07
3.3908 7.7997e-08 2.8629e-07
3.3938 -4.719e-07 2.7083e-07
3.3968 -4.8087e-08 2.8345e-07
3.3998 2.2448e-07 2.741e-07
3.4028 -6.6726e-08 2.8246e-07
3.4057 3.9598e-07 2.8289e-07
3.4087 4.167e-09 2.7046e-07
3.4117 7.8755e-07 2.8587e-07
3.4147 -7.7456e-07 2.7621e-07
3.4177 2.2084e-07 2.8485e-07
3.4207 3.9739e-07 2.808e-07
3.4237 2.8223e-07 2.747e-07
3.4267 2.7849e-07 2.8898e-07
3.4296 2.1189e-07 2.73e-07
3.4326 3.63e-07 2.8481e-07
3.4356 5.6302e-07 2.7453e-07
3.4386 2.7377e-07 2.8059e-07
3.4416 8.2683e-08 2.9692e-07
3.4446 -4.1691e-07 2.7281e-07
3.4476 5.0246e-07 2.9323e-07
3.4506 8.8242e-08 2.8508e-07
3.4536 4.734e-07 2.8696e-07
3.4565 -8.4209e-07 3.004e-07
3.4595 -5.2462e-07 2.7915e-07
3.4625 5.9215e-07 2.965e-07
3.4655 -1.5938e-08 2.9072e-07
3.4685 -7.8767e-07 3.0475e-07
3.4715 -6.5288e-07 2.9384e-07
3.4745 -4.6881e-08 2.9597e-07
3.4775 3.4453e-07 3.0536e-07
3.4804 5.94e-07 2.9536e-07
3.4834 -8.7382e-08 2.9967e-07
3.4864 3.7139e-07 2.9851e-07
3.4894 -4.2502e-07 2.9972e-07
3.4924 3.9452e-07 3.1314e-07
3.4954 3.4089e-08 2.9748e-07
3.4984 4.5826e-08 3.1416e-07
3.5014 1.2262e-07 3.0743e-07
3.5043 -4.1921e-07 3.1712e-07
3.5073 1.9239e-07 3.1574e-07
3.5103 4.4506e-07 3.2166e-07
3.5133 3.7622e-07 3.2113e-07
3.5163 6.5949e-07 3.0384e-07
3.5193 4.1635e-07 3.2738e-07
3.5223 -2.4541e-07 3.1894e-07
3.5253 -3.417e-07 3.2099e-07
3.5282 4.8294e-07 3.367e-07
3.5312 -5.411e-07 3.2067e-07
3.5342 -7.0437e-07 3.4223e-07
3.5372 -4.9463e-07 3.2546e-07
3.5402 -3.3788e-07 3.3647e-07
3.5432 -4.0849e-07 3.3134e-07
3.5462 1.0959e-06 3.309e-07
3.5492 -5.9969e-08 3.4289e-07
3.5521 -6.5117e-07 3.3617e-07
3.5551 7.8717e-07 3.3928e-07
3.5581 3.401e-07 3.3833e-07
3.5611 -9.5872e-08 3.4724e-07
3.5641 -1.2492e-07 3.462e-07
3.5671 1.9727e-07 3.3928e-07
3.5701 3.3743e-07 3.5641e-07
3.5731 2.5348e-07 3.4761e-07
3.576 -1.6741e-06 3.585e-07
3.579 -2.6061e-08 3.7122e-07
3.582 -1.58e-07 3.4208e-07
3.585 -4.3999e-07 3.7945e-07
3.588 -6.2455e-07 3.5192e-07
3.591 -1.336e-06 3.8104e-07
3.594 1.56e-07 3.686e-07
3.597 -9.7593e-08 3.6562e-07
3.5999 -5.6781e-07 4.0206e-07
3.6029 -8.8396e-07 3.636e-07
3.6059 9.9412e-07 3.8662e-07
3.6089 -2.7739e-07 3.8262e-07
3.6119 1.0551e-06 3.8439e-07
3.6149 -1.7801e-07 4.1078e-07
3.6179 1.0782e-06 3.6497e-07
3.6209 4.1692e-07 4.1074e-07
3.6238 -3.217e-09 3.8559e-07
3.6268 -1.0431e-06 4.0735e-07
3.6298 -7.0333e-07 4.0556e-07
3.6328 -5.395e-07 4.0473e-07
3.6358 6.9585e-07 4.2434e-07
3.6388 -5.5622e-09 3.8882e-07
3.6418 2.389e-07 4.3818e-07
3.6447 -3.8103e-07 4.1996e-07
3.6477 7.0941e-07 4.2731e-07
3.6507 1.3203e-07 4.4657e-07
3.6537 -1.6219e-07 4.0169e-07
3.6567 -1.19e-07 4.4487e-07
3.6597 1.376e-07 4.1875e-07
3.6627 6.0068e-07 4.5092e-07
3.6657 -6.5415e-07 4.585e-07
3.6686 -8.8149e-07 4.4322e-07
3.6716 9.5661e-07 4.813e-07
3.6746 -5.2812e-07 4.3354e-07
3.6776 -3.4625e-07 4.7346e-07
3.6806 6.7225e-07 4.6889e-07
3.6836 2.4888e-07 4.802e-07
3.6866 6.4236e-07 5.2164e-07
3.6895 -1.1072e-06 4.603e-07
3.6925 -8.7427e-07 5.2555e-07
3.6955 -3.7104e-07 4.8799e-07
3.6985 -8.6183e-08 5.1079e-07
3.7015 -1.1644e-06 5.7509e-07
3.7045 -1.1072e-06 4.9184e-07
3.7075 -2.3638e-07 5.498e-07
3.7105 -1.4097e-07 5.2245e-07
3.7134 -5.01e-07 5.432e-07
3.7164 7.5807e-07 5.6233e-07
3.7194 1.6176e-06 5.3094e-07
3.7224 5.4929e-07 6.1916e-07
3.7254 1.2e-06 5.2133e-07
3.7284 6.7299e-07 6.1376e-07
3.7314 5.6925e-09 5.7629e-07
3.7343 5.0828e-07 6.0828e-07
3.7373 1.6161e-06 6.8223e-07
3.7403 1.0652e-06 5.5339e-07
3.7433 -1.2236e-06 7.2002e-07
3.7463 4.1616e-07 5.8631e-07
3.7493 6.799e-07 7.0404e-07
3.7523 4.2775e-07 7.2786e-07
3.7552 7.7747e-07 6.437e-07
