#q 	 Iexp 	 Ifit_avg 	 Residuals_avg 	 Ifit_weightedavg 	 Residuals_weightedavg 
5.698000e-03 	3.726000e-05 	3.566000e-05 	9.394082e-02 	3.565961e-05 	9.396385e-02 
5.998000e-03 	3.325000e-05 	3.559177e-05 	-1.664138e-01 	3.558393e-05 	-1.658563e-01 
6.298000e-03 	3.521000e-05 	3.552278e-05 	-2.812998e-02 	3.550752e-05 	-2.675792e-02 
6.598000e-03 	3.155000e-05 	3.545372e-05 	-4.102359e-01 	3.543099e-05 	-4.078474e-01 
6.897000e-03 	2.722000e-05 	3.538450e-05 	-1.064708e+00 	3.535429e-05 	-1.060768e+00 
7.197000e-03 	3.419000e-05 	3.531512e-05 	-1.733647e-01 	3.527740e-05 	-1.675534e-01 
7.497000e-03 	3.255000e-05 	3.524544e-05 	-4.812605e-01 	3.520018e-05 	-4.731797e-01 
7.797000e-03 	3.729000e-05 	3.517554e-05 	4.587185e-01 	3.512271e-05 	4.701796e-01 
8.097000e-03 	3.389000e-05 	3.510528e-05 	-3.128206e-01 	3.504482e-05 	-2.972583e-01 
8.397000e-03 	3.159000e-05 	3.503468e-05 	-1.067158e+00 	3.496650e-05 	-1.046036e+00 
8.697000e-03 	3.216000e-05 	3.496356e-05 	-1.004751e+00 	3.488761e-05 	-9.775336e-01 
8.997000e-03 	3.452000e-05 	3.489194e-05 	-1.467967e-01 	3.480818e-05 	-1.137378e-01 
9.297000e-03 	3.449000e-05 	3.481992e-05 	-1.518111e-01 	3.472826e-05 	-1.096336e-01 
9.597000e-03 	3.758000e-05 	3.474720e-05 	1.429265e+00 	3.464751e-05 	1.479561e+00 
9.896000e-03 	3.502000e-05 	3.467392e-05 	1.941983e-01 	3.456617e-05 	2.546629e-01 
1.019600e-02 	3.441000e-05 	3.460005e-05 	-1.189943e-01 	3.448411e-05 	-4.640291e-02 
1.049600e-02 	3.417000e-05 	3.452533e-05 	-2.312742e-01 	3.440104e-05 	-1.503751e-01 
1.079600e-02 	3.747000e-05 	3.444985e-05 	2.218576e+00 	3.431718e-05 	2.316037e+00 
1.109600e-02 	3.526000e-05 	3.437354e-05 	6.901237e-01 	3.423230e-05 	8.000792e-01 
1.139600e-02 	3.396000e-05 	3.429638e-05 	-2.912112e-01 	3.414647e-05 	-1.614347e-01 
1.169600e-02 	3.536000e-05 	3.421827e-05 	1.056468e+00 	3.405954e-05 	1.203354e+00 
1.199600e-02 	3.372000e-05 	3.413924e-05 	-4.199277e-01 	3.397155e-05 	-2.519595e-01 
1.229500e-02 	3.524000e-05 	3.405945e-05 	1.311237e+00 	3.388267e-05 	1.507592e+00 
1.259500e-02 	3.262000e-05 	3.397836e-05 	-1.576919e+00 	3.379231e-05 	-1.360934e+00 
1.289500e-02 	3.317000e-05 	3.389616e-05 	-9.108031e-01 	3.370070e-05 	-6.656484e-01 
1.319500e-02 	3.517000e-05 	3.381277e-05 	1.840161e+00 	3.360766e-05 	2.118256e+00 
1.349500e-02 	3.448000e-05 	3.372819e-05 	1.114054e+00 	3.351329e-05 	1.432499e+00 
1.379500e-02 	3.216000e-05 	3.364238e-05 	-2.288720e+00 	3.341751e-05 	-1.941524e+00 
1.409500e-02 	3.425000e-05 	3.355525e-05 	1.112865e+00 	3.332017e-05 	1.489420e+00 
1.439500e-02 	3.401000e-05 	3.346679e-05 	9.334340e-01 	3.322134e-05 	1.355199e+00 
1.469500e-02 	3.197000e-05 	3.337692e-05 	-2.514915e+00 	3.312086e-05 	-2.057200e+00 
1.499400e-02 	3.421000e-05 	3.328593e-05 	1.701188e+00 	3.301909e-05 	2.192434e+00 
1.529400e-02 	3.418000e-05 	3.319312e-05 	1.915379e+00 	3.291527e-05 	2.454646e+00 
1.559400e-02 	3.326000e-05 	3.309878e-05 	3.169804e-01 	3.280967e-05 	8.854049e-01 
1.589400e-02 	3.286000e-05 	3.300292e-05 	-2.849374e-01 	3.270230e-05 	3.143854e-01 
1.619400e-02 	3.352000e-05 	3.290535e-05 	1.258299e+00 	3.259298e-05 	1.897755e+00 
1.649400e-02 	3.304000e-05 	3.280613e-05 	4.869019e-01 	3.248180e-05 	1.162143e+00 
1.679400e-02 	3.300000e-05 	3.270520e-05 	6.470817e-01 	3.236867e-05 	1.385748e+00 
1.709400e-02 	3.181000e-05 	3.260254e-05 	-1.731077e+00 	3.225361e-05 	-9.689477e-01 
1.739400e-02 	3.199000e-05 	3.249801e-05 	-1.141083e+00 	3.213645e-05 	-3.289594e-01 
1.769300e-02 	3.173000e-05 	3.239213e-05 	-1.536041e+00 	3.201781e-05 	-6.676815e-01 
1.799300e-02 	3.264000e-05 	3.228400e-05 	8.261819e-01 	3.189670e-05 	1.725000e+00 
1.829300e-02 	3.165000e-05 	3.217398e-05 	-1.273270e+00 	3.177353e-05 	-3.001711e-01 
1.859300e-02 	3.196000e-05 	3.206210e-05 	-2.464094e-01 	3.164837e-05 	7.521070e-01 
1.889300e-02 	3.176000e-05 	3.194833e-05 	-4.704005e-01 	3.152117e-05 	5.965385e-01 
1.919300e-02 	3.166000e-05 	3.183264e-05 	-4.262410e-01 	3.139195e-05 	6.618138e-01 
1.949300e-02 	3.032000e-05 	3.171511e-05 	-3.595006e+00 	3.126083e-05 	-2.424387e+00 
1.979300e-02 	3.248000e-05 	3.159572e-05 	2.327843e+00 	3.112778e-05 	3.559704e+00 
2.009300e-02 	3.072000e-05 	3.147452e-05 	-1.988047e+00 	3.099284e-05 	-7.188922e-01 
2.039200e-02 	3.015000e-05 	3.135194e-05 	-3.199032e+00 	3.085655e-05 	-1.880513e+00 
2.069200e-02 	2.946000e-05 	3.122715e-05 	-4.917348e+00 	3.071796e-05 	-3.500457e+00 
2.099200e-02 	2.991000e-05 	3.110065e-05 	-3.462401e+00 	3.057770e-05 	-1.941658e+00 
2.129200e-02 	3.044000e-05 	3.097247e-05 	-1.587889e+00 	3.043576e-05 	1.263651e-02 
2.159200e-02 	3.049000e-05 	3.084260e-05 	-1.079775e+00 	3.029213e-05 	6.059486e-01 
2.189200e-02 	2.963000e-05 	3.071119e-05 	-3.374907e+00 	3.014701e-05 	-1.613827e+00 
2.219200e-02 	2.933000e-05 	3.057809e-05 	-3.928998e+00 	3.000021e-05 	-2.109833e+00 
2.249200e-02 	2.977000e-05 	3.044351e-05 	-2.179496e+00 	2.985202e-05 	-2.654331e-01 
2.279200e-02 	2.939000e-05 	3.030749e-05 	-2.981857e+00 	2.970242e-05 	-1.015357e+00 
2.309100e-02 	2.929000e-05 	3.017044e-05 	-2.884970e+00 	2.955191e-05 	-8.582041e-01 
2.339100e-02 	3.039000e-05 	3.003154e-05 	1.163831e+00 	2.939954e-05 	3.215785e+00 
2.369100e-02 	3.118000e-05 	2.989133e-05 	4.245198e+00 	2.924598e-05 	6.371138e+00 
2.399100e-02 	2.742000e-05 	2.974976e-05 	-7.705765e+00 	2.909113e-05 	-5.527320e+00 
2.429100e-02 	2.815000e-05 	2.960697e-05 	-4.841571e+00 	2.893520e-05 	-2.609254e+00 
2.459100e-02 	2.964000e-05 	2.946292e-05 	6.005717e-01 	2.877811e-05 	2.923140e+00 
2.489100e-02 	2.772000e-05 	2.931770e-05 	-5.451054e+00 	2.861996e-05 	-3.070485e+00 
2.519100e-02 	2.916000e-05 	2.917137e-05 	-3.867486e-02 	2.846082e-05 	2.377279e+00 
2.549100e-02 	2.803000e-05 	2.902391e-05 	-3.424082e+00 	2.830070e-05 	-9.325862e-01 
2.579000e-02 	2.840000e-05 	2.887583e-05 	-1.639370e+00 	2.814016e-05 	8.952454e-01 
2.609000e-02 	2.714000e-05 	2.872632e-05 	-5.556664e+00 	2.797829e-05 	-2.936417e+00 
2.639000e-02 	2.697000e-05 	2.857588e-05 	-5.580631e+00 	2.781565e-05 	-2.938731e+00 
2.669000e-02 	2.705000e-05 	2.842442e-05 	-4.834228e+00 	2.765217e-05 	-2.118009e+00 
2.699000e-02 	2.631000e-05 	2.827210e-05 	-7.052856e+00 	2.748798e-05 	-4.234305e+00 
2.729000e-02 	2.644000e-05 	2.811896e-05 	-6.119326e+00 	2.732317e-05 	-3.218893e+00 
2.759000e-02 	2.698000e-05 	2.796502e-05 	-3.596009e+00 	2.715773e-05 	-6.488373e-01 
2.789000e-02 	2.656000e-05 	2.781024e-05 	-4.591573e+00 	2.699165e-05 	-1.585243e+00 
2.818900e-02 	2.715000e-05 	2.765527e-05 	-1.907632e+00 	2.682557e-05 	1.224874e+00 
2.848900e-02 	2.621000e-05 	2.749915e-05 	-4.901693e+00 	2.665850e-05 	-1.705326e+00 
2.878900e-02 	2.640000e-05 	2.734231e-05 	-3.594121e+00 	2.649095e-05 	-3.468856e-01 
2.908900e-02 	2.629000e-05 	2.718489e-05 	-3.515163e+00 	2.632299e-05 	-1.295815e-01 
2.938900e-02 	2.586000e-05 	2.702694e-05 	-4.577653e+00 	2.615470e-05 	-1.156051e+00 
2.968900e-02 	2.503000e-05 	2.686838e-05 	-7.351178e+00 	2.598600e-05 	-3.822791e+00 
2.998900e-02 	2.537000e-05 	2.670933e-05 	-5.353042e+00 	2.581702e-05 	-1.786647e+00 
3.028900e-02 	2.490000e-05 	2.654981e-05 	-6.756539e+00 	2.564775e-05 	-3.062290e+00 
3.058900e-02 	2.503000e-05 	2.638986e-05 	-5.524960e+00 	2.547827e-05 	-1.821268e+00 
3.088800e-02 	2.511000e-05 	2.623003e-05 	-4.655913e+00 	2.530912e-05 	-8.277540e-01 
3.118800e-02 	2.516000e-05 	2.606931e-05 	-3.819336e+00 	2.513927e-05 	8.706670e-02 
3.148800e-02 	2.486000e-05 	2.590821e-05 	-4.439698e+00 	2.496925e-05 	-4.627112e-01 
3.178800e-02 	2.445000e-05 	2.574683e-05 	-5.522650e+00 	2.479914e-05 	-1.486853e+00 
3.208800e-02 	2.402000e-05 	2.558518e-05 	-6.836348e+00 	2.462895e-05 	-2.659770e+00 
3.238800e-02 	2.358000e-05 	2.542330e-05 	-8.054264e+00 	2.445874e-05 	-3.839653e+00 
3.268800e-02 	2.396000e-05 	2.526112e-05 	-5.665400e+00 	2.428844e-05 	-1.430123e+00 
3.298800e-02 	2.387000e-05 	2.509877e-05 	-5.339208e+00 	2.411815e-05 	-1.078251e+00 
3.328700e-02 	2.355000e-05 	2.493681e-05 	-6.148837e+00 	2.394849e-05 	-1.766826e+00 
3.358700e-02 	2.322000e-05 	2.477407e-05 	-7.010403e+00 	2.377823e-05 	-2.518175e+00 
3.388700e-02 	2.316000e-05 	2.461121e-05 	-6.456688e+00 	2.360806e-05 	-1.993520e+00 
3.418700e-02 	2.197000e-05 	2.444820e-05 	-1.111149e+01 	2.343793e-05 	-6.581775e+00 
3.448700e-02 	2.244000e-05 	2.428516e-05 	-8.276881e+00 	2.326800e-05 	-3.714163e+00 
3.478700e-02 	2.275000e-05 	2.412192e-05 	-6.263628e+00 	2.309805e-05 	-1.589070e+00 
3.508700e-02 	2.305000e-05 	2.395872e-05 	-4.158309e+00 	2.292835e-05 	5.566954e-01 
3.538700e-02 	2.248000e-05 	2.379538e-05 	-5.949529e+00 	2.275872e-05 	-1.260658e+00 
3.568600e-02 	2.280000e-05 	2.363260e-05 	-3.864118e+00 	2.258989e-05 	9.751281e-01 
3.598600e-02 	2.251000e-05 	2.346933e-05 	-4.437014e+00 	2.242070e-05 	4.130272e-01 
3.628600e-02 	2.202000e-05 	2.330603e-05 	-5.998818e+00 	2.225170e-05 	-1.080787e+00 
3.658600e-02 	2.223000e-05 	2.314277e-05 	-1.991207e+00 	2.208299e-05 	3.207128e-01 
3.688600e-02 	2.184000e-05 	2.297951e-05 	-5.350839e+00 	2.191448e-05 	-3.497420e-01 
3.718600e-02 	2.195000e-05 	2.281637e-05 	-4.132839e+00 	2.174625e-05 	9.719461e-01 
3.748600e-02 	2.150000e-05 	2.265326e-05 	-5.511650e+00 	2.157833e-05 	-3.743574e-01 
3.778600e-02 	2.095000e-05 	2.249028e-05 	-7.292284e+00 	2.141070e-05 	-2.181145e+00 
3.808500e-02 	2.113000e-05 	2.232793e-05 	-5.743558e+00 	2.124394e-05 	-5.462921e-01 
3.838500e-02 	2.096000e-05 	2.216522e-05 	-5.796010e+00 	2.107703e-05 	-5.627979e-01 
3.868500e-02 	2.047000e-05 	2.200260e-05 	-7.277996e+00 	2.091043e-05 	-2.091500e+00 
3.898500e-02 	2.076000e-05 	2.184015e-05 	-5.249029e+00 	2.074420e-05 	7.680474e-02 
3.928500e-02 	1.948000e-05 	2.167781e-05 	-1.064059e+01 	2.057829e-05 	-5.317328e+00 
3.958500e-02 	2.003000e-05 	2.151572e-05 	-7.123719e+00 	2.041287e-05 	-1.835771e+00 
3.988500e-02 	1.929000e-05 	2.135389e-05 	-1.013746e+01 	2.024791e-05 	-4.705095e+00 
4.018500e-02 	1.958000e-05 	2.119223e-05 	-7.857231e+00 	2.008332e-05 	-2.452966e+00 
4.048500e-02 	1.943000e-05 	2.103074e-05 	-7.851401e+00 	1.991916e-05 	-2.399276e+00 
4.078400e-02 	2.011000e-05 	2.087015e-05 	-3.792039e+00 	1.975611e-05 	1.765384e+00 
4.108400e-02 	1.838000e-05 	2.070923e-05 	-1.164035e+01 	1.959296e-05 	-6.061775e+00 
4.138400e-02 	1.956000e-05 	2.054858e-05 	-4.913885e+00 	1.943025e-05 	6.449666e-01 
4.168400e-02 	1.931000e-05 	2.038820e-05 	-5.402069e+00 	1.926806e-05 	2.101447e-01 
4.198400e-02 	1.982000e-05 	2.022817e-05 	-2.055540e+00 	1.910643e-05 	3.593558e+00 
4.228400e-02 	1.853000e-05 	2.006843e-05 	-7.751037e+00 	1.894531e-05 	-2.092449e+00 
4.258400e-02 	1.861000e-05 	1.990904e-05 	-6.608529e+00 	1.878472e-05 	-8.888605e-01 
4.288400e-02 	1.871000e-05 	1.974999e-05 	-5.322912e+00 	1.862474e-05 	4.363942e-01 
4.318300e-02 	1.752000e-05 	1.959182e-05 	-1.021157e+01 	1.846587e-05 	-4.661998e+00 
4.348300e-02 	1.803000e-05 	1.943350e-05 	-6.940447e+00 	1.830699e-05 	-1.369745e+00 
4.378300e-02 	1.797000e-05 	1.927563e-05 	-6.248811e+00 	1.814883e-05 	-8.558861e-01 
4.408300e-02 	1.779000e-05 	1.911808e-05 	-6.411829e+00 	1.799118e-05 	-9.712899e-01 
4.438300e-02 	1.678000e-05 	1.896098e-05 	-1.038513e+01 	1.783420e-05 	-5.019764e+00 
4.468300e-02 	1.761000e-05 	1.880433e-05 	-5.639486e+00 	1.767786e-05 	-3.204119e-01 
4.498300e-02 	1.687000e-05 	1.864817e-05 	-8.559609e+00 	1.752225e-05 	-3.139726e+00 
4.528200e-02 	1.730000e-05 	1.849294e-05 	-5.614081e+00 	1.736780e-05 	-3.190578e-01 
4.558200e-02 	1.618000e-05 	1.833761e-05 	-1.031611e+01 	1.721339e-05 	-4.940902e+00 
4.588200e-02 	1.758000e-05 	1.818282e-05 	-2.842529e+00 	1.705980e-05 	2.452983e+00 
4.618200e-02 	1.626000e-05 	1.802851e-05 	-8.330621e+00 	1.690690e-05 	-3.047230e+00 
4.648200e-02 	1.641000e-05 	1.787468e-05 	-6.903987e+00 	1.675463e-05 	-1.624446e+00 
4.678200e-02 	1.623000e-05 	1.772138e-05 	-6.989632e+00 	1.660311e-05 	-1.748647e+00 
4.708200e-02 	1.543000e-05 	1.756863e-05 	-9.910688e+00 	1.645237e-05 	-4.737778e+00 
4.738200e-02 	1.546000e-05 	1.741639e-05 	-9.222166e+00 	1.630231e-05 	-3.970547e+00 
4.768100e-02 	1.616000e-05 	1.726521e-05 	-5.225827e+00 	1.615353e-05 	3.059450e-02 
4.798100e-02 	1.578000e-05 	1.711412e-05 	-6.124320e+00 	1.600505e-05 	-1.033091e+00 
4.828100e-02 	1.573000e-05 	1.696357e-05 	-5.716517e+00 	1.585727e-05 	-5.898027e-01 
4.858100e-02 	1.499000e-05 	1.681359e-05 	-8.504352e+00 	1.571026e-05 	-3.358959e+00 
4.888100e-02 	1.543000e-05 	1.666424e-05 	-5.770962e+00 	1.556409e-05 	-6.269774e-01 
4.918100e-02 	1.542000e-05 	1.651545e-05 	-5.115565e+00 	1.541867e-05 	6.190296e-03 
4.948100e-02 	1.487000e-05 	1.636727e-05 	-7.070266e+00 	1.527404e-05 	-1.907901e+00 
4.978100e-02 	1.485000e-05 	1.621976e-05 	-6.604737e+00 	1.513027e-05 	-1.351418e+00 
5.008000e-02 	1.435000e-05 	1.607337e-05 	-8.447480e+00 	1.498779e-05 	-3.126274e+00 
5.038000e-02 	1.408000e-05 	1.592712e-05 	-8.948797e+00 	1.484562e-05 	-3.709218e+00 
5.068000e-02 	1.554000e-05 	1.578152e-05 	-1.161788e+00 	1.470433e-05 	4.019754e+00 
5.098000e-02 	1.394000e-05 	1.563663e-05 	-8.062279e+00 	1.456389e-05 	-2.964685e+00 
5.128000e-02 	1.430000e-05 	1.549232e-05 	-5.725423e+00 	1.442420e-05 	-5.964208e-01 
5.158000e-02 	1.329000e-05 	1.534879e-05 	-9.910917e+00 	1.428547e-05 	-4.792115e+00 
5.188000e-02 	1.385000e-05 	1.520592e-05 	-6.379300e+00 	1.414753e-05 	-1.399832e+00 
5.217900e-02 	1.362000e-05 	1.506425e-05 	-6.898069e+00 	1.401099e-05 	-1.867470e+00 
5.247900e-02 	1.329000e-05 	1.492279e-05 	-7.762263e+00 	1.387483e-05 	-2.780258e+00 
5.277900e-02 	1.324000e-05 	1.478210e-05 	-7.414652e+00 	1.373960e-05 	-2.402164e+00 
5.307900e-02 	1.299000e-05 	1.464211e-05 	-7.885582e+00 	1.360523e-05 	-2.936511e+00 
5.337900e-02 	1.385000e-05 	1.450280e-05 	-3.085088e+00 	1.347166e-05 	1.788009e+00 
5.367900e-02 	1.344000e-05 	1.436432e-05 	-4.428314e+00 	1.333911e-05 	4.833394e-01 
5.397900e-02 	1.267000e-05 	1.422658e-05 	-7.402419e+00 	1.320743e-05 	-2.555778e+00 
5.427900e-02 	1.248000e-05 	1.408958e-05 	-7.601332e+00 	1.307662e-05 	-2.817559e+00 
5.457800e-02 	1.324000e-05 	1.395380e-05 	-3.416965e+00 	1.294717e-05 	1.401791e+00 
5.487800e-02 	1.294000e-05 	1.381834e-05 	-4.161771e+00 	1.281819e-05 	5.771664e-01 
5.517800e-02 	1.268000e-05 	1.368365e-05 	-4.814609e+00 	1.269008e-05 	-4.837057e-02 
5.547800e-02 	1.193000e-05 	1.354983e-05 	-7.773050e+00 	1.256299e-05 	-3.037526e+00 
5.577800e-02 	1.171000e-05 	1.341669e-05 	-8.092776e+00 	1.243671e-05 	-3.445940e+00 
5.607800e-02 	1.237000e-05 	1.328442e-05 	-4.431829e+00 	1.231139e-05 	2.840424e-01 
5.637800e-02 	1.188000e-05 	1.315299e-05 	-6.126626e+00 	1.218705e-05 	-1.477773e+00 
5.667700e-02 	1.124000e-05 	1.302279e-05 	-8.760651e+00 	1.206406e-05 	-4.049458e+00 
5.697700e-02 	1.156000e-05 	1.289295e-05 	-6.353724e+00 	1.194152e-05 	-1.818604e+00 
5.727700e-02 	1.207000e-05 	1.276402e-05 	-3.325293e+00 	1.182002e-05 	1.197717e+00 
5.757700e-02 	1.163000e-05 	1.263589e-05 	-4.903420e+00 	1.169942e-05 	-3.384261e-01 
5.787700e-02 	1.091000e-05 	1.250858e-05 	-7.756726e+00 	1.157973e-05 	-3.249683e+00 
5.817700e-02 	1.227000e-05 	1.238220e-05 	-5.523926e-01 	1.146106e-05 	3.982564e+00 
5.847700e-02 	1.150000e-05 	1.225662e-05 	-3.658700e+00 	1.134330e-05 	7.577428e-01 
5.877600e-02 	1.119000e-05 	1.213232e-05 	-4.612860e+00 	1.122688e-05 	-1.805352e-01 
5.907600e-02 	1.082000e-05 	1.200843e-05 	-5.800911e+00 	1.111100e-05 	-1.420403e+00 
5.937600e-02 	1.134000e-05 	1.188550e-05 	-2.699008e+00 	1.099614e-05 	1.701345e+00 
5.967600e-02 	1.073000e-05 	1.176337e-05 	-5.036143e+00 	1.088213e-05 	-7.413885e-01 
5.997600e-02 	1.070000e-05 	1.164205e-05 	-4.594902e+00 	1.076905e-05 	-3.367826e-01 
6.027600e-02 	1.095000e-05 	1.152168e-05 	-2.837703e+00 	1.065701e-05 	1.454339e+00 
6.057600e-02 	1.072000e-05 	1.140212e-05 	-3.331622e+00 	1.054581e-05 	8.507841e-01 
6.087500e-02 	1.020000e-05 	1.128382e-05 	-5.297280e+00 	1.043593e-05 	-1.153108e+00 
6.117500e-02 	9.600000e-06 	1.116606e-05 	-7.649395e+00 	1.032666e-05 	-3.549379e+00 
6.147500e-02 	1.048000e-05 	1.104914e-05 	-2.817546e+00 	1.021829e-05 	1.295605e+00 
6.177500e-02 	1.025000e-05 	1.093304e-05 	-3.385054e+00 	1.011080e-05 	6.898677e-01 
6.207500e-02 	9.960000e-06 	1.081786e-05 	-4.227581e+00 	1.000428e-05 	-2.182303e-01 
6.237500e-02 	1.027000e-05 	1.070356e-05 	-2.159787e+00 	9.898719e-06 	1.849561e+00 
6.267500e-02 	9.570000e-06 	1.059013e-05 	-5.058666e+00 	9.794056e-06 	-1.111057e+00 
6.297400e-02 	1.014000e-05 	1.047791e-05 	-1.692102e+00 	9.690631e-06 	2.250219e+00 
6.327400e-02 	9.360000e-06 	1.036624e-05 	-5.028663e+00 	9.587796e-06 	-1.138409e+00 
6.357400e-02 	8.910000e-06 	1.025543e-05 	-6.571417e+00 	9.485910e-06 	-2.812884e+00 
6.387400e-02 	8.830000e-06 	1.014552e-05 	-6.592751e+00 	9.384906e-06 	-2.780925e+00 
6.417400e-02 	8.680000e-06 	1.003645e-05 	-6.768056e+00 	9.284782e-06 	-3.017572e+00 
6.447400e-02 	8.960000e-06 	9.928307e-06 	-4.820328e+00 	9.185613e-06 	-1.123121e+00 
6.477400e-02 	8.240000e-06 	9.821017e-06 	-7.990182e+00 	9.087317e-06 	-4.282190e+00 
6.507300e-02 	8.660000e-06 	9.714973e-06 	-5.237677e+00 	8.990231e-06 	-1.639513e+00 
6.537300e-02 	8.750000e-06 	9.609441e-06 	-4.330766e+00 	8.893786e-06 	-7.245434e-01 
6.567300e-02 	8.840000e-06 	9.504840e-06 	-3.337552e+00 	8.798204e-06 	2.098214e-01 
6.597300e-02 	8.660000e-06 	9.401094e-06 	-3.689787e+00 	8.703517e-06 	-2.166654e-01 
6.627300e-02 	8.320000e-06 	9.298265e-06 	-4.875724e+00 	8.609738e-06 	-1.444067e+00 
6.657300e-02 	9.380000e-06 	9.196324e-06 	9.279853e-01 	8.516874e-06 	4.360762e+00 
6.687200e-02 	7.940000e-06 	9.095542e-06 	-5.861232e+00 	8.425105e-06 	-2.460590e+00 
6.717200e-02 	8.910000e-06 	8.995330e-06 	-4.265633e-01 	8.333973e-06 	2.879559e+00 
6.747200e-02 	8.590000e-06 	8.895989e-06 	-1.528262e+00 	8.243701e-06 	1.729592e+00 
6.777200e-02 	8.510000e-06 	8.797555e-06 	-1.461155e+00 	8.154340e-06 	1.807216e+00 
6.807200e-02 	7.910000e-06 	8.699965e-06 	-4.033931e+00 	8.065789e-06 	-7.955310e-01 
6.837200e-02 	8.080000e-06 	8.603290e-06 	-2.682850e+00 	7.978152e-06 	5.221650e-01 
6.867200e-02 	7.900000e-06 	8.507446e-06 	-3.106822e+00 	7.891341e-06 	4.428713e-02 
6.897100e-02 	7.620000e-06 	8.412820e-06 	-4.136814e+00 	7.805714e-06 	-9.690285e-01 
6.927100e-02 	7.790000e-06 	8.318703e-06 	-2.744942e+00 	7.720584e-06 	3.603961e-01 
6.957100e-02 	7.960000e-06 	8.225478e-06 	-1.373539e+00 	7.636364e-06 	1.674439e+00 
6.987100e-02 	8.170000e-06 	8.133135e-06 	1.894296e-01 	7.552990e-06 	3.170497e+00 
7.017100e-02 	7.470000e-06 	8.041643e-06 	-2.939039e+00 	7.470455e-06 	-2.337224e-03 
7.047100e-02 	7.590000e-06 	7.951010e-06 	-1.885366e+00 	7.388742e-06 	1.051065e+00 
7.077000e-02 	7.680000e-06 	7.861538e-06 	-9.262133e-01 	7.308137e-06 	1.897262e+00 
7.107000e-02 	7.360000e-06 	7.772651e-06 	-2.098192e+00 	7.228142e-06 	6.704538e-01 
7.137000e-02 	7.580000e-06 	7.684596e-06 	-5.351278e-01 	7.148936e-06 	2.205385e+00 
7.167000e-02 	6.230000e-06 	7.597380e-06 	-6.986053e+00 	7.070518e-06 	-4.294273e+00 
7.197000e-02 	7.020000e-06 	7.511044e-06 	-2.554462e+00 	6.992967e-06 	1.406302e-01 
7.227000e-02 	7.110000e-06 	7.425551e-06 	-1.619042e+00 	6.916237e-06 	9.941674e-01 
7.257000e-02 	6.500000e-06 	7.340850e-06 	-4.352453e+00 	6.840226e-06 	-1.761094e+00 
7.286900e-02 	6.970000e-06 	7.257258e-06 	-1.495668e+00 	6.765284e-06 	1.065896e+00 
7.316900e-02 	6.820000e-06 	7.174287e-06 	-1.861632e+00 	6.690982e-06 	6.779334e-01 
7.346900e-02 	7.130000e-06 	7.092068e-06 	1.957663e-01 	6.617357e-06 	2.645763e+00 
7.376900e-02 	6.860000e-06 	7.010718e-06 	-7.775803e-01 	6.544568e-06 	1.627363e+00 
7.406900e-02 	6.500000e-06 	6.930164e-06 	-2.243594e+00 	6.472545e-06 	1.431969e-01 
7.436900e-02 	6.650000e-06 	6.850409e-06 	-1.039792e+00 	6.401251e-06 	1.290596e+00 
7.466800e-02 	5.970000e-06 	6.771789e-06 	-4.166871e+00 	6.331035e-06 	-1.876288e+00 
7.496800e-02 	6.090000e-06 	6.693596e-06 	-3.163167e+00 	6.261202e-06 	-8.971902e-01 
7.526800e-02 	5.930000e-06 	6.616302e-06 	-3.546046e+00 	6.192247e-06 	-1.355001e+00 
7.556800e-02 	5.670000e-06 	6.539764e-06 	-4.612663e+00 	6.123973e-06 	-2.407580e+00 
7.586800e-02 	5.610000e-06 	6.464051e-06 	-4.430184e+00 	6.056499e-06 	-2.316109e+00 
7.616800e-02 	6.320000e-06 	6.389063e-06 	-3.643535e-01 	5.989713e-06 	1.742478e+00 
7.646700e-02 	5.910000e-06 	6.315158e-06 	-2.101658e+00 	5.923896e-06 	-7.208434e-02 
7.676700e-02 	6.230000e-06 	6.241778e-06 	-6.260073e-02 	5.858553e-06 	1.974208e+00 
7.706700e-02 	6.330000e-06 	6.169207e-06 	8.507572e-01 	5.793998e-06 	2.835988e+00 
7.736700e-02 	5.900000e-06 	6.097321e-06 	-1.041108e+00 	5.730058e-06 	8.966514e-01 
7.766700e-02 	5.680000e-06 	6.026295e-06 	-1.831183e+00 	5.666912e-06 	6.920898e-02 
7.796700e-02 	5.320000e-06 	5.956012e-06 	-3.313942e+00 	5.604487e-06 	-1.482318e+00 
7.826600e-02 	5.420000e-06 	5.886740e-06 	-2.483321e+00 	5.542954e-06 	-6.541821e-01 
7.856600e-02 	5.760000e-06 	5.817908e-06 	-3.060353e-01 	5.481834e-06 	1.470066e+00 
7.886600e-02 	5.420000e-06 	5.749824e-06 	-1.680034e+00 	5.421353e-06 	-6.892828e-03 
7.916600e-02 	5.810000e-06 	5.682614e-06 	6.518905e-01 	5.361722e-06 	2.294036e+00 
7.946600e-02 	5.360000e-06 	5.616131e-06 	-1.280974e+00 	5.302725e-06 	2.864442e-01 
7.976600e-02 	5.030000e-06 	5.550304e-06 	-2.540793e+00 	5.244363e-06 	-1.046797e+00 
8.006500e-02 	5.520000e-06 	5.485461e-06 	1.661074e-01 	5.186871e-06 	1.602122e+00 
8.036500e-02 	5.290000e-06 	5.421192e-06 	-6.311229e-01 	5.129910e-06 	7.701461e-01 
8.066500e-02 	5.300000e-06 	5.357570e-06 	-2.817482e-01 	5.073509e-06 	1.108457e+00 
8.096500e-02 	5.330000e-06 	5.294750e-06 	1.661572e-01 	5.017822e-06 	1.471496e+00 
8.126500e-02 	5.640000e-06 	5.232614e-06 	1.910726e+00 	4.962801e-06 	3.176208e+00 
8.156500e-02 	5.670000e-06 	5.171225e-06 	2.277615e+00 	4.908434e-06 	3.477631e+00 
8.186400e-02 	4.580000e-06 	5.110710e-06 	-2.461437e+00 	4.854830e-06 	-1.274662e+00 
8.216400e-02 	4.740000e-06 	5.050714e-06 	-1.444040e+00 	4.801697e-06 	-2.867372e-01 
8.246400e-02 	5.260000e-06 	4.991415e-06 	1.256714e+00 	4.749203e-06 	2.390031e+00 
8.276400e-02 	4.740000e-06 	4.932813e-06 	-8.973473e-01 	4.697329e-06 	1.985896e-01 
8.306400e-02 	4.460000e-06 	4.874937e-06 	-1.928054e+00 	4.646085e-06 	-8.646690e-01 
8.336400e-02 	5.350000e-06 	4.817726e-06 	2.483548e+00 	4.595449e-06 	3.520676e+00 
8.366300e-02 	5.360000e-06 	4.761338e-06 	2.756142e+00 	4.545551e-06 	3.749591e+00 
8.396300e-02 	5.090000e-06 	4.705504e-06 	1.745646e+00 	4.496117e-06 	2.696281e+00 
8.426300e-02 	4.980000e-06 	4.650326e-06 	1.622173e+00 	4.447299e-06 	2.621173e+00 
8.456300e-02 	4.690000e-06 	4.595760e-06 	4.679467e-01 	4.398995e-06 	1.444984e+00 
8.486300e-02 	4.600000e-06 	4.541895e-06 	2.916909e-01 	4.351342e-06 	1.248283e+00 
8.516300e-02 	4.670000e-06 	4.488718e-06 	9.213827e-01 	4.304274e-06 	1.858839e+00 
8.546200e-02 	4.230000e-06 	4.436342e-06 	-1.041449e+00 	4.257921e-06 	-1.409236e-01 
8.576200e-02 	4.620000e-06 	4.384391e-06 	1.205653e+00 	4.211970e-06 	2.087965e+00 
8.606200e-02 	4.630000e-06 	4.333095e-06 	1.535188e+00 	4.166542e-06 	2.396370e+00 
8.636200e-02 	4.030000e-06 	4.282431e-06 	-1.318455e+00 	4.121679e-06 	-4.788409e-01 
8.666200e-02 	4.580000e-06 	4.232371e-06 	1.874210e+00 	4.077361e-06 	2.709939e+00 
8.696100e-02 	4.090000e-06 	4.183147e-06 	-4.951713e-01 	4.033795e-06 	2.987857e-01 
8.726100e-02 	4.320000e-06 	4.134332e-06 	9.895411e-01 	3.990553e-06 	1.755832e+00 
8.756100e-02 	4.170000e-06 	4.086177e-06 	4.373779e-01 	3.947915e-06 	1.158806e+00 
8.786100e-02 	4.090000e-06 	4.038538e-06 	2.720959e-01 	3.905715e-06 	9.743843e-01 
8.816100e-02 	4.040000e-06 	3.991597e-06 	2.604285e-01 	3.864106e-06 	9.463764e-01 
8.846100e-02 	4.390000e-06 	3.945165e-06 	2.408028e+00 	3.822996e-06 	3.069368e+00 
8.876000e-02 	3.930000e-06 	3.899522e-06 	1.615691e-01 	3.782562e-06 	7.815833e-01 
8.906000e-02 	3.910000e-06 	3.854273e-06 	2.980507e-01 	3.742433e-06 	8.962218e-01 
8.936000e-02 	4.130000e-06 	3.809666e-06 	1.725564e+00 	3.702879e-06 	2.300800e+00 
8.966000e-02 	3.900000e-06 	3.765531e-06 	7.260338e-01 	3.663723e-06 	1.275725e+00 
8.996000e-02 	3.800000e-06 	3.722100e-06 	4.222915e-01 	3.625210e-06 	9.475237e-01 
9.025900e-02 	3.920000e-06 	3.679299e-06 	1.287584e+00 	3.587258e-06 	1.779938e+00 
9.055900e-02 	3.540000e-06 	3.636905e-06 	-5.255745e-01 	3.549612e-06 	-5.212892e-02 
9.085900e-02 	3.550000e-06 	3.595078e-06 	-2.417318e-01 	3.512465e-06 	2.012826e-01 
9.115900e-02 	3.540000e-06 	3.553795e-06 	-7.420407e-02 	3.475842e-06 	3.451213e-01 
9.145900e-02 	3.920000e-06 	3.513078e-06 	2.216712e+00 	3.439653e-06 	2.616695e+00 
9.175900e-02 	3.680000e-06 	3.472841e-06 	1.133749e+00 	3.403888e-06 	1.511121e+00 
9.205800e-02 	3.830000e-06 	3.433302e-06 	2.195459e+00 	3.368762e-06 	2.552650e+00 
9.235800e-02 	4.100000e-06 	3.394181e-06 	3.867923e+00 	3.333961e-06 	4.197932e+00 
9.265800e-02 	3.300000e-06 	3.355559e-06 	-3.033174e-01 	3.299611e-06 	2.121308e-03 
9.295800e-02 	3.440000e-06 	3.317442e-06 	6.715126e-01 	3.265691e-06 	9.550650e-01 
9.325800e-02 	3.600000e-06 	3.279816e-06 	1.748971e+00 	3.232175e-06 	2.009206e+00 
9.355700e-02 	3.690000e-06 	3.242836e-06 	2.483005e+00 	3.199238e-06 	2.725095e+00 
9.385700e-02 	3.390000e-06 	3.206280e-06 	1.004320e+00 	3.166657e-06 	1.220923e+00 
9.415700e-02 	2.930000e-06 	3.170179e-06 	-1.309020e+00 	3.134446e-06 	-1.114269e+00 
9.445700e-02 	3.710000e-06 	3.134587e-06 	3.191950e+00 	3.102717e-06 	3.368740e+00 
9.475700e-02 	3.110000e-06 	3.099460e-06 	5.690492e-02 	3.071344e-06 	2.086904e-01 
9.505600e-02 	3.410000e-06 	3.064965e-06 	1.912293e+00 	3.040532e-06 	2.047707e+00 
9.535600e-02 	2.960000e-06 	3.030775e-06 	-3.872337e-01 	3.009964e-06 	-2.733718e-01 
9.565600e-02 	3.530000e-06 	2.997037e-06 	2.952376e+00 	2.979794e-06 	3.047894e+00 
9.595600e-02 	3.460000e-06 	2.963849e-06 	2.749367e+00 	2.950111e-06 	2.825498e+00 
9.625600e-02 	3.270000e-06 	2.931054e-06 	1.862135e+00 	2.920736e-06 	1.918820e+00 
9.655600e-02 	3.950000e-06 	2.898774e-06 	5.847943e+00 	2.891808e-06 	5.886693e+00 
9.685500e-02 	2.770000e-06 	2.866990e-06 	-5.314238e-01 	2.863283e-06 	-5.111099e-01 
9.715500e-02 	3.440000e-06 	2.835504e-06 	3.384447e+00 	2.835005e-06 	3.387241e+00 
9.745500e-02 	2.840000e-06 	2.804543e-06 	1.968307e-01 	2.807242e-06 	1.818501e-01 
9.775500e-02 	3.020000e-06 	2.773976e-06 	1.349262e+00 	2.779767e-06 	1.317498e+00 
9.805500e-02 	2.860000e-06 	2.743911e-06 	6.473132e-01 	2.752693e-06 	5.983435e-01 
9.835400e-02 	2.920000e-06 	2.714257e-06 	1.143143e+00 	2.725981e-06 	1.078005e+00 
9.865400e-02 	3.210000e-06 	2.684984e-06 	2.958834e+00 	2.699626e-06 	2.876317e+00 
9.895400e-02 	3.150000e-06 	2.656098e-06 	2.748483e+00 	2.673536e-06 	2.651439e+00 
9.925400e-02 	2.560000e-06 	2.627643e-06 	-3.776423e-01 	2.647860e-06 	-4.905116e-01 
9.955400e-02 	2.980000e-06 	2.599629e-06 	2.141244e+00 	2.622564e-06 	2.012139e+00 
9.985300e-02 	3.200000e-06 	2.572041e-06 	3.534608e+00 	2.597624e-06 	3.390612e+00 
1.001500e-01 	2.750000e-06 	2.545085e-06 	1.159153e+00 	2.573196e-06 	1.000134e+00 
1.004500e-01 	2.540000e-06 	2.518202e-06 	1.220208e-01 	2.548854e-06 	-4.956566e-02 
1.007500e-01 	2.770000e-06 	2.491737e-06 	1.554540e+00 	2.524888e-06 	1.369342e+00 
1.010500e-01 	3.070000e-06 	2.465709e-06 	3.450924e+00 	2.501236e-06 	3.248037e+00 
1.013500e-01 	2.200000e-06 	2.439958e-06 	-1.348760e+00 	2.477843e-06 	-1.561707e+00 
1.016500e-01 	2.840000e-06 	2.414629e-06 	2.414136e+00 	2.454805e-06 	2.186126e+00 
1.019500e-01 	2.720000e-06 	2.389656e-06 	1.864982e+00 	2.432068e-06 	1.625539e+00 
1.022500e-01 	2.670000e-06 	2.365094e-06 	1.742719e+00 	2.409644e-06 	1.488089e+00 
1.025500e-01 	2.540000e-06 	2.340867e-06 	1.136540e+00 	2.387576e-06 	8.699530e-01 
1.028500e-01 	2.370000e-06 	2.316943e-06 	3.039831e-01 	2.365729e-06 	2.446958e-02 
1.031500e-01 	2.990000e-06 	2.293465e-06 	3.951971e+00 	2.344258e-06 	3.663783e+00 
1.034500e-01 	2.540000e-06 	2.270313e-06 	1.527282e+00 	2.323109e-06 	1.228286e+00 
1.037500e-01 	2.850000e-06 	2.247479e-06 	3.477754e+00 	2.302156e-06 	3.162161e+00 
1.040500e-01 	2.350000e-06 	2.224959e-06 	7.061260e-01 	2.281501e-06 	3.868223e-01 
1.043500e-01 	2.640000e-06 	2.202891e-06 	2.490083e+00 	2.261262e-06 	2.157561e+00 
1.046500e-01 	1.900000e-06 	2.181034e-06 	-1.619884e+00 	2.241142e-06 	-1.966350e+00 
1.049500e-01 	2.270000e-06 	2.159553e-06 	6.453625e-01 	2.221367e-06 	2.841699e-01 
1.052500e-01 	2.820000e-06 	2.138340e-06 	4.034449e+00 	2.201810e-06 	3.658793e+00 
1.055500e-01 	2.790000e-06 	2.117535e-06 	3.909454e+00 	2.182623e-06 	3.531057e+00 
1.058500e-01 	2.710000e-06 	2.097010e-06 	3.578667e+00 	2.163647e-06 	3.189639e+00 
1.061500e-01 	2.630000e-06 	2.076815e-06 	3.210031e+00 	2.144967e-06 	2.814560e+00 
1.064500e-01 	2.250000e-06 	2.056866e-06 	1.126606e+00 	2.126476e-06 	7.205502e-01 
1.067500e-01 	2.760000e-06 	2.037246e-06 	4.221941e+00 	2.108293e-06 	3.806924e+00 
1.070500e-01 	1.740000e-06 	2.017920e-06 	-1.598157e+00 	2.090319e-06 	-2.014485e+00 
1.073500e-01 	1.970000e-06 	1.998911e-06 	-1.699423e-01 	2.072649e-06 	-6.033917e-01 
1.076500e-01 	2.320000e-06 	1.980125e-06 	1.972575e+00 	2.055164e-06 	1.537063e+00 
1.079500e-01 	2.110000e-06 	1.961675e-06 	8.566787e-01 	2.037956e-06 	4.161034e-01 
1.082500e-01 	2.080000e-06 	1.943475e-06 	7.894839e-01 	2.020962e-06 	3.413959e-01 
1.085500e-01 	2.670000e-06 	1.925502e-06 	4.284388e+00 	2.004147e-06 	3.831807e+00 
1.088500e-01 	2.030000e-06 	1.907899e-06 	7.186636e-01 	1.987618e-06 	2.494511e-01 
1.091500e-01 	2.660000e-06 	1.890542e-06 	4.476719e+00 	1.971366e-06 	4.006482e+00 
1.094500e-01 	2.400000e-06 	1.873412e-06 	3.091576e+00 	1.955267e-06 	2.611006e+00 
1.097500e-01 	2.200000e-06 	1.856553e-06 	1.992847e+00 	1.939419e-06 	1.512017e+00 
1.100500e-01 	1.870000e-06 	1.839913e-06 	1.770261e-01 	1.923740e-06 	-3.161901e-01 
1.103500e-01 	1.920000e-06 	1.823563e-06 	5.748854e-01 	1.908290e-06 	6.980429e-02 
1.106500e-01 	1.930000e-06 	1.807429e-06 	7.201189e-01 	1.893042e-06 	2.171325e-01 
1.109500e-01 	2.210000e-06 	1.791545e-06 	2.471096e+00 	1.878002e-06 	1.960541e+00 
1.112500e-01 	2.030000e-06 	1.775904e-06 	1.511934e+00 	1.863161e-06 	9.927353e-01 
1.115500e-01 	2.140000e-06 	1.760530e-06 	2.229420e+00 	1.848574e-06 	1.712155e+00 
1.118400e-01 	1.960000e-06 	1.745830e-06 	1.262946e+00 	1.834594e-06 	7.395114e-01 
1.121400e-01 	1.950000e-06 	1.730951e-06 	1.270070e+00 	1.820396e-06 	7.514580e-01 
1.124400e-01 	2.340000e-06 	1.716184e-06 	3.683373e+00 	1.806310e-06 	3.151217e+00 
1.127400e-01 	1.970000e-06 	1.701743e-06 	1.568754e+00 	1.792504e-06 	1.037990e+00 
1.130400e-01 	1.880000e-06 	1.687450e-06 	1.140026e+00 	1.778807e-06 	5.991291e-01 
1.133400e-01 	1.760000e-06 	1.673401e-06 	5.201461e-01 	1.765331e-06 	-3.202138e-02 
1.136400e-01 	1.910000e-06 	1.659517e-06 	1.507028e+00 	1.751985e-06 	9.506952e-01 
1.139400e-01 	1.980000e-06 	1.645969e-06 	1.998512e+00 	1.738934e-06 	1.442298e+00 
1.142400e-01 	1.630000e-06 	1.632531e-06 	-1.505603e-02 	1.725973e-06 	-5.709256e-01 
1.145400e-01 	1.400000e-06 	1.619369e-06 	-1.315477e+00 	1.713231e-06 	-1.878332e+00 
1.148400e-01 	1.770000e-06 	1.606353e-06 	9.917378e-01 	1.700650e-06 	4.202800e-01 
1.151400e-01 	1.850000e-06 	1.593518e-06 	1.531512e+00 	1.688185e-06 	9.662314e-01 
1.154400e-01 	1.450000e-06 	1.580965e-06 	-7.869055e-01 	1.675946e-06 	-1.357603e+00 
1.157400e-01 	2.160000e-06 	1.568532e-06 	3.563921e+00 	1.663884e-06 	2.989371e+00 
1.160400e-01 	1.580000e-06 	1.556298e-06 	1.411027e-01 	1.651909e-06 	-4.280817e-01 
1.163400e-01 	2.310000e-06 	1.544312e-06 	4.634913e+00 	1.640192e-06 	4.054527e+00 
1.166400e-01 	2.010000e-06 	1.532443e-06 	2.856885e+00 	1.628580e-06 	2.281766e+00 
1.169400e-01 	1.980000e-06 	1.520799e-06 	2.741496e+00 	1.617143e-06 	2.166308e+00 
1.172400e-01 	2.260000e-06 	1.509358e-06 	4.532586e+00 	1.605886e-06 	3.949722e+00 
1.175400e-01 	1.420000e-06 	1.498043e-06 	-4.674369e-01 	1.594716e-06 	-1.046452e+00 
1.178400e-01 	1.990000e-06 	1.486953e-06 	3.028760e+00 	1.583762e-06 	2.445891e+00 
1.181400e-01 	1.560000e-06 	1.475997e-06 	5.049803e-01 	1.572929e-06 	-7.772077e-02 
1.184400e-01 	1.420000e-06 	1.465250e-06 	-2.702767e-01 	1.562253e-06 	-8.496801e-01 
1.187400e-01 	2.000000e-06 	1.454599e-06 	3.315711e+00 	1.551631e-06 	2.725812e+00 
1.190400e-01 	1.860000e-06 	1.444144e-06 	2.504402e+00 	1.541238e-06 	1.919674e+00 
1.193400e-01 	1.410000e-06 	1.433835e-06 	-1.414712e-01 	1.530933e-06 	-7.177880e-01 
1.196400e-01 	1.760000e-06 	1.423749e-06 	2.029032e+00 	1.520843e-06 	1.443137e+00 
1.199400e-01 	1.350000e-06 	1.413798e-06 	-3.869810e-01 	1.510852e-06 	-9.756914e-01 
1.202400e-01 	1.430000e-06 	1.403971e-06 	1.596555e-01 	1.500971e-06 	-4.353245e-01 
1.205400e-01 	1.370000e-06 	1.394303e-06 	-1.458616e-01 	1.491222e-06 	-7.275329e-01 
1.208400e-01 	1.380000e-06 	1.384693e-06 	-2.820428e-02 	1.481546e-06 	-6.102909e-01 
1.211400e-01 	1.560000e-06 	1.375316e-06 	1.112892e+00 	1.472059e-06 	5.299228e-01 
1.214400e-01 	1.580000e-06 	1.366100e-06 	1.293227e+00 	1.462681e-06 	7.093052e-01 
1.217400e-01 	1.470000e-06 	1.357001e-06 	6.911273e-01 	1.453452e-06 	1.012115e-01 
1.220400e-01 	1.620000e-06 	1.348051e-06 	1.648175e+00 	1.444337e-06 	1.064624e+00 
1.223400e-01 	2.170000e-06 	1.339204e-06 	5.034214e+00 	1.435311e-06 	4.451850e+00 
1.226400e-01 	1.770000e-06 	1.330445e-06 	2.730327e+00 	1.426345e-06 	2.134637e+00 
1.229400e-01 	1.380000e-06 	1.321894e-06 	3.441304e-01 	1.417549e-06 	-2.223815e-01 
1.232400e-01 	1.310000e-06 	1.313444e-06 	-2.025352e-02 	1.408863e-06 	-5.814779e-01 
1.235400e-01 	1.550000e-06 	1.305052e-06 	1.403631e+00 	1.400239e-06 	8.581778e-01 
1.238400e-01 	1.370000e-06 	1.296814e-06 	4.211910e-01 	1.391740e-06 	-1.251162e-01 
1.241400e-01 	1.500000e-06 	1.288728e-06 	1.205750e+00 	1.383361e-06 	6.656691e-01 
1.244300e-01 	1.570000e-06 	1.280973e-06 	1.621654e+00 	1.375343e-06 	1.092166e+00 
1.247300e-01 	1.610000e-06 	1.273125e-06 	1.919081e+00 	1.367173e-06 	1.383314e+00 
1.250300e-01 	1.450000e-06 	1.265308e-06 	1.036782e+00 	1.359032e-06 	5.106535e-01 
1.253300e-01 	1.790000e-06 	1.257629e-06 	3.131228e+00 	1.351026e-06 	2.581895e+00 
1.256300e-01 	1.270000e-06 	1.250131e-06 	1.170070e-01 	1.343186e-06 	-4.309867e-01 
1.259300e-01 	1.340000e-06 	1.242639e-06 	5.670094e-01 	1.335330e-06 	2.719946e-02 
1.262300e-01 	1.190000e-06 	1.235291e-06 	-2.724749e-01 	1.327625e-06 	-8.279711e-01 
1.265300e-01 	1.450000e-06 	1.228053e-06 	1.304112e+00 	1.319997e-06 	7.638684e-01 
1.268300e-01 	1.870000e-06 	1.220913e-06 	3.850548e+00 	1.312484e-06 	3.307326e+00 
1.271300e-01 	1.430000e-06 	1.213856e-06 	1.289103e+00 	1.305007e-06 	7.454677e-01 
1.274300e-01 	1.530000e-06 	1.206888e-06 	1.920659e+00 	1.297618e-06 	1.381336e+00 
1.277300e-01 	1.280000e-06 	1.200039e-06 	4.868814e-01 	1.290346e-06 	-6.299610e-02 
1.280300e-01 	1.460000e-06 	1.193279e-06 	1.594743e+00 	1.283148e-06 	1.057409e+00 
1.283300e-01 	1.130000e-06 	1.186614e-06 	-3.373487e-01 	1.276037e-06 	-8.702016e-01 
1.286300e-01 	1.800000e-06 	1.180001e-06 	3.769223e+00 	1.268976e-06 	3.228304e+00 
1.289300e-01 	1.520000e-06 	1.173531e-06 	2.097522e+00 	1.262049e-06 	1.561636e+00 
1.292300e-01 	1.100000e-06 	1.167122e-06 	-4.068755e-01 	1.255163e-06 	-9.405514e-01 
1.295300e-01 	1.630000e-06 	1.160822e-06 	2.814508e+00 	1.248368e-06 	2.289337e+00 
1.298300e-01 	1.110000e-06 	1.154578e-06 	-2.691725e-01 	1.241633e-06 	-7.948371e-01 
1.301300e-01 	1.440000e-06 	1.148474e-06 	1.790588e+00 	1.235032e-06 	1.258941e+00 
1.304300e-01 	1.630000e-06 	1.142360e-06 	2.994777e+00 	1.228387e-06 	2.466458e+00 
1.307300e-01 	1.130000e-06 	1.136377e-06 	-3.858788e-02 	1.221916e-06 	-5.561923e-01 
1.310300e-01 	1.100000e-06 	1.130487e-06 	-1.855477e-01 	1.215502e-06 	-7.029505e-01 
1.313300e-01 	1.100000e-06 	1.124630e-06 	-1.529736e-01 	1.209110e-06 	-6.776617e-01 
1.316300e-01 	1.230000e-06 	1.118926e-06 	6.922632e-01 	1.202834e-06 	1.693117e-01 
1.319300e-01 	8.500000e-07 	1.113169e-06 	-1.625402e+00 	1.196536e-06 	-2.140303e+00 
1.322300e-01 	1.370000e-06 	1.107545e-06 	1.628534e+00 	1.190356e-06 	1.114693e+00 
1.325300e-01 	1.440000e-06 	1.102036e-06 	2.116242e+00 	1.184294e-06 	1.601166e+00 
1.328300e-01 	9.700000e-07 	1.096601e-06 	-7.897276e-01 	1.178318e-06 	-1.299470e+00 
1.331300e-01 	1.320000e-06 	1.091133e-06 	1.424811e+00 	1.172260e-06 	9.197535e-01 
1.334300e-01 	1.740000e-06 	1.085831e-06 	4.050580e+00 	1.166346e-06 	3.552037e+00 
1.337300e-01 	1.200000e-06 	1.080537e-06 	7.366995e-01 	1.160488e-06 	2.436609e-01 
1.340300e-01 	9.000000e-07 	1.075303e-06 	-1.094278e+00 	1.154671e-06 	-1.589707e+00 
1.343300e-01 	1.020000e-06 	1.070191e-06 	-3.142406e-01 	1.148960e-06 	-8.074137e-01 
1.346300e-01 	1.400000e-06 	1.065074e-06 	2.084426e+00 	1.143234e-06 	1.597999e+00 
1.349300e-01 	1.130000e-06 	1.060065e-06 	4.369589e-01 	1.137636e-06 	-4.770834e-02 
1.352300e-01 	1.090000e-06 	1.055090e-06 	2.179984e-01 	1.132053e-06 	-2.626032e-01 
1.355300e-01 	1.340000e-06 	1.050161e-06 	1.834540e+00 	1.126501e-06 	1.351343e+00 
1.358200e-01 	1.620000e-06 	1.045460e-06 	3.586394e+00 	1.121217e-06 	3.113499e+00 
1.361200e-01 	1.170000e-06 	1.040626e-06 	8.160353e-01 	1.115738e-06 	3.422618e-01 
1.364200e-01 	1.150000e-06 	1.035916e-06 	7.220963e-01 	1.110414e-06 	2.505586e-01 
1.367200e-01 	1.270000e-06 	1.031184e-06 	1.512258e+00 	1.105076e-06 	1.044351e+00 
1.370200e-01 	1.010000e-06 	1.026525e-06 	-1.043569e-01 	1.099789e-06 	-5.670298e-01 
1.373200e-01 	1.140000e-06 	1.021918e-06 	7.451829e-01 	1.094571e-06 	2.866918e-01 
1.376200e-01 	1.390000e-06 	1.017325e-06 	2.356910e+00 	1.089316e-06 	1.901617e+00 
1.379200e-01 	1.370000e-06 	1.012826e-06 	2.249205e+00 	1.084189e-06 	1.799817e+00 
1.382200e-01 	1.270000e-06 	1.008376e-06 	1.654380e+00 	1.079121e-06 	1.207025e+00 
1.385200e-01 	1.300000e-06 	1.003943e-06 	1.880444e+00 	1.074056e-06 	1.435111e+00 
1.388200e-01 	1.490000e-06 	9.995563e-07 	3.108599e+00 	1.069011e-06 	2.668370e+00 
1.391200e-01 	1.260000e-06 	9.952176e-07 	1.703438e+00 	1.064052e-06 	1.260601e+00 
1.394200e-01 	9.300000e-07 	9.908952e-07 	-3.898292e-01 	1.059101e-06 	-8.264593e-01 
1.397200e-01 	1.620000e-06 	9.866275e-07 	4.043749e+00 	1.054167e-06 	3.612548e+00 
1.400200e-01 	1.520000e-06 	9.824341e-07 	3.441964e+00 	1.049371e-06 	3.013375e+00 
1.403200e-01 	1.020000e-06 	9.782475e-07 	2.686951e-01 	1.044536e-06 	-1.579022e-01 
1.406200e-01 	1.110000e-06 	9.740798e-07 	8.624379e-01 	1.039711e-06 	4.459948e-01 
1.409200e-01 	1.240000e-06 	9.699737e-07 	1.719475e+00 	1.034987e-06 	1.305482e+00 
1.412200e-01 	8.900000e-07 	9.658660e-07 	-4.863206e-01 	1.030237e-06 	-8.989567e-01 
1.415200e-01 	1.120000e-06 	9.618810e-07 	1.015602e+00 	1.025628e-06 	6.061545e-01 
1.418200e-01 	1.360000e-06 	9.578627e-07 	2.578960e+00 	1.020956e-06 	2.174337e+00 
1.421200e-01 	1.310000e-06 	9.539177e-07 	2.312974e+00 	1.016371e-06 	1.907303e+00 
1.424200e-01 	1.000000e-06 	9.499700e-07 	3.104561e-01 	1.011798e-06 	-7.321241e-02 
1.427200e-01 	1.110000e-06 	9.460149e-07 	1.011629e+00 	1.007209e-06 	6.341184e-01 
1.430200e-01 	9.600000e-07 	9.421388e-07 	1.094904e-01 	1.002701e-06 	-2.617602e-01 
1.433200e-01 	9.700000e-07 	9.382864e-07 	1.947531e-01 	9.982052e-07 	-1.732081e-01 
1.436200e-01 	9.000000e-07 	9.344998e-07 	-2.106341e-01 	9.937821e-07 	-5.725751e-01 
1.439200e-01 	1.220000e-06 	9.307200e-07 	1.737731e+00 	9.893855e-07 	1.385321e+00 
1.442200e-01 	8.900000e-07 	9.268912e-07 	-2.200884e-01 	9.849174e-07 	-5.662652e-01 
1.445200e-01 	8.500000e-07 	9.231998e-07 	-4.317555e-01 	9.806234e-07 	-7.704578e-01 
1.448200e-01 	1.300000e-06 	9.195016e-07 	2.238884e+00 	9.762569e-07 	1.904931e+00 
1.451200e-01 	1.220000e-06 	9.158365e-07 	1.792360e+00 	9.720059e-07 	1.461368e+00 
1.454200e-01 	1.180000e-06 	9.121651e-07 	1.571801e+00 	9.676746e-07 	1.246041e+00 
1.457200e-01 	1.270000e-06 	9.085364e-07 	2.149778e+00 	9.634405e-07 	1.823240e+00 
1.460100e-01 	7.200000e-07 	9.050455e-07 	-1.089464e+00 	9.593338e-07 	-1.409089e+00 
1.463100e-01 	1.700000e-06 	9.014920e-07 	4.719593e+00 	9.551750e-07 	4.402299e+00 
1.466100e-01 	8.300000e-07 	8.978980e-07 	-3.976224e-01 	9.509379e-07 	-7.082331e-01 
1.469100e-01 	1.080000e-06 	8.943835e-07 	1.092633e+00 	9.468240e-07 	7.839417e-01 
1.472100e-01 	1.030000e-06 	8.909078e-07 	8.230305e-01 	9.427248e-07 	5.164212e-01 
1.475100e-01 	9.700000e-07 	8.874096e-07 	4.767122e-01 	9.386176e-07 	1.811392e-01 
1.478100e-01 	1.210000e-06 	8.839014e-07 	2.015816e+00 	9.344877e-07 	1.703111e+00 
1.481100e-01 	4.400000e-07 	8.805221e-07 	-2.713410e+00 	9.305018e-07 	-3.021262e+00 
1.484100e-01 	4.300000e-07 	8.770386e-07 	-2.813687e+00 	9.264066e-07 	-3.124412e+00 
1.487100e-01 	6.300000e-07 	8.736530e-07 	-1.519223e+00 	9.224454e-07 	-1.823453e+00 
1.490100e-01 	8.900000e-07 	8.703195e-07 	1.243322e-01 	9.184830e-07 	-1.799421e-01 
1.493100e-01 	7.200000e-07 	8.669317e-07 	-9.416287e-01 	9.145012e-07 	-1.246483e+00 
1.496100e-01 	9.200000e-07 	8.635856e-07 	3.597628e-01 	9.105499e-07 	6.026433e-02 
1.499100e-01 	8.400000e-07 	8.602916e-07 	-1.283058e-01 	9.066864e-07 	-4.216655e-01 
1.502100e-01 	1.030000e-06 	8.569538e-07 	1.098636e+00 	9.027434e-07 	8.079271e-01 
1.505100e-01 	8.700000e-07 	8.536382e-07 	1.034966e-01 	8.988449e-07 	-1.824590e-01 
1.508100e-01 	1.010000e-06 	8.503921e-07 	1.021491e+00 	8.950051e-07 	7.359676e-01 
1.511100e-01 	1.110000e-06 	8.471359e-07 	1.660649e+00 	8.911577e-07 	1.382540e+00 
1.514100e-01 	9.500000e-07 	8.438519e-07 	6.814850e-01 	8.873229e-07 	4.023954e-01 
1.517100e-01 	8.400000e-07 	8.406515e-07 	-4.165088e-03 	8.835376e-07 	-2.783200e-01 
1.520100e-01 	8.400000e-07 	8.374480e-07 	1.645796e-02 	8.797466e-07 	-2.563305e-01 
1.523100e-01 	6.600000e-07 	8.342829e-07 	-1.124116e+00 	8.760387e-07 	-1.393439e+00 
1.526100e-01 	1.150000e-06 	8.310589e-07 	2.019893e+00 	8.722229e-07 	1.759196e+00 
1.529100e-01 	4.700000e-07 	8.278717e-07 	-2.314225e+00 	8.684715e-07 	-2.576769e+00 
1.532100e-01 	5.200000e-07 	8.247276e-07 	-1.968906e+00 	8.647775e-07 	-2.227676e+00 
1.535100e-01 	6.300000e-07 	8.215836e-07 	-1.243565e+00 	8.610814e-07 	-1.499944e+00 
1.538100e-01 	1.080000e-06 	8.184606e-07 	1.704395e+00 	8.574046e-07 	1.450605e+00 
1.541100e-01 	6.600000e-07 	8.153350e-07 	-9.953542e-01 	8.537094e-07 	-1.241249e+00 
1.544100e-01 	6.200000e-07 	8.122241e-07 	-1.261065e+00 	8.500859e-07 	-1.509453e+00 
1.547100e-01 	1.150000e-06 	8.091511e-07 	2.210577e+00 	8.464421e-07 	1.968726e+00 
1.550100e-01 	6.700000e-07 	8.060313e-07 	-8.866592e-01 	8.427996e-07 	-1.126317e+00 
1.553100e-01 	1.380000e-06 	8.029956e-07 	3.767577e+00 	8.392263e-07 	3.531007e+00 
1.556000e-01 	9.500000e-07 	8.000121e-07 	9.769925e-01 	8.357431e-07 	7.442474e-01 
1.559000e-01 	1.080000e-06 	7.969702e-07 	1.851078e+00 	8.321591e-07 	1.620935e+00 
1.562000e-01 	5.600000e-07 	7.939166e-07 	-1.513436e+00 	8.285713e-07 	-1.737651e+00 
1.565000e-01 	1.040000e-06 	7.909184e-07 	1.637295e+00 	8.250774e-07 	1.412756e+00 
1.568000e-01 	9.800000e-07 	7.879417e-07 	1.268298e+00 	8.215682e-07 	1.046238e+00 
1.571000e-01 	9.400000e-07 	7.848997e-07 	1.019524e+00 	8.180482e-07 	8.016285e-01 
1.574000e-01 	6.300000e-07 	7.818720e-07 	-9.996183e-01 	8.144749e-07 	-1.214210e+00 
1.577000e-01 	7.100000e-07 	7.788858e-07 	-4.492067e-01 	8.110303e-07 	-6.588214e-01 
1.580000e-01 	6.900000e-07 	7.759250e-07 	-5.696808e-01 	8.075559e-07 	-7.793936e-01 
1.583000e-01 	8.000000e-07 	7.729367e-07 	1.784708e-01 	8.040689e-07 	-2.683237e-02 
1.586000e-01 	9.000000e-07 	7.699726e-07 	8.617361e-01 	8.006257e-07 	6.585876e-01 
1.589000e-01 	6.600000e-07 	7.670023e-07 	-7.073594e-01 	7.971696e-07 	-9.067865e-01 
1.592000e-01 	8.700000e-07 	7.640277e-07 	6.976912e-01 	7.936892e-07 	5.024082e-01 
1.595000e-01 	6.600000e-07 	7.611347e-07 	-6.759436e-01 	7.903457e-07 	-8.711783e-01 
1.598000e-01 	9.400000e-07 	7.581854e-07 	1.205747e+00 	7.869124e-07 	1.015237e+00 
1.601000e-01 	7.100000e-07 	7.552724e-07 	-3.010130e-01 	7.835246e-07 	-4.888601e-01 
1.604000e-01 	9.100000e-07 	7.523236e-07 	1.051246e+00 	7.801490e-07 	8.657308e-01 
1.607000e-01 	6.500000e-07 	7.494437e-07 	-6.624723e-01 	7.767891e-07 	-8.446413e-01 
1.610000e-01 	3.900000e-07 	7.465565e-07 	-2.374194e+00 	7.734394e-07 	-2.553199e+00 
1.613000e-01 	8.400000e-07 	7.436177e-07 	6.442236e-01 	7.700435e-07 	4.675924e-01 
1.616000e-01 	5.400000e-07 	7.407879e-07 	-1.352744e+00 	7.667456e-07 	-1.527627e+00 
1.619000e-01 	9.400000e-07 	7.378870e-07 	1.371746e+00 	7.634412e-07 	1.198308e+00 
1.622000e-01 	9.500000e-07 	7.349892e-07 	1.457305e+00 	7.600875e-07 	1.287193e+00 
1.625000e-01 	3.900000e-07 	7.321646e-07 	-2.287655e+00 	7.568285e-07 	-2.452554e+00 
1.628000e-01 	7.100000e-07 	7.293032e-07 	-1.290752e-01 	7.535314e-07 	-2.910823e-01 
1.631000e-01 	8.600000e-07 	7.264233e-07 	8.928921e-01 	7.502222e-07 	7.338089e-01 
1.634000e-01 	6.200000e-07 	7.235782e-07 	-6.955761e-01 	7.469470e-07 	-8.525080e-01 
1.637000e-01 	9.200000e-07 	7.207384e-07 	1.343095e+00 	7.436781e-07 	1.188473e+00 
1.640000e-01 	1.010000e-06 	7.178885e-07 	1.960743e+00 	7.404375e-07 	1.809387e+00 
1.642900e-01 	6.500000e-07 	7.151676e-07 	-4.379839e-01 	7.373198e-07 	-5.868659e-01 
1.645900e-01 	7.300000e-07 	7.123588e-07 	1.201551e-01 	7.341055e-07 	-2.796247e-02 
1.648900e-01 	5.400000e-07 	7.095384e-07 	-1.148090e+00 	7.308723e-07 	-1.292560e+00 
1.651900e-01 	9.000000e-07 	7.067544e-07 	1.318903e+00 	7.277139e-07 	1.175854e+00 
1.654900e-01 	1.100000e-07 	7.039335e-07 	-3.971737e+00 	7.244664e-07 	-4.109044e+00 
1.657900e-01 	5.000000e-07 	7.011494e-07 	-1.381331e+00 	7.213011e-07 	-1.519717e+00 
1.660900e-01 	7.500000e-07 	6.983569e-07 	3.480226e-01 	7.181404e-07 	2.147019e-01 
1.663900e-01 	1.090000e-06 	6.955797e-07 	2.664642e+00 	7.149659e-07 	2.533671e+00 
1.666900e-01 	8.200000e-07 	6.927993e-07 	8.629625e-01 	7.118099e-07 	7.339896e-01 
1.669900e-01 	8.900000e-07 	6.900521e-07 	1.358434e+00 	7.086984e-07 	1.231752e+00 
1.672900e-01 	8.000000e-07 	6.872328e-07 	7.738624e-01 	7.054765e-07 	6.486650e-01 
1.675900e-01 	7.300000e-07 	6.845103e-07 	3.070103e-01 	7.024283e-07 	1.860815e-01 
1.678900e-01 	1.020000e-06 	6.817567e-07 	2.281881e+00 	6.992894e-07 	2.163601e+00 
1.681900e-01 	4.300000e-07 	6.789916e-07 	-1.714700e+00 	6.961831e-07 	-1.833091e+00 
1.684900e-01 	8.700000e-07 	6.762649e-07 	1.320441e+00 	6.930840e-07 	1.205807e+00 
1.687900e-01 	8.000000e-07 	6.735514e-07 	8.638380e-01 	6.900429e-07 	7.511759e-01 
1.690900e-01 	5.400000e-07 	6.708294e-07 	-8.861981e-01 	6.869770e-07 	-9.955771e-01 
1.693900e-01 	5.900000e-07 	6.680538e-07 	-5.347615e-01 	6.838477e-07 	-6.429686e-01 
1.696900e-01 	1.240000e-06 	6.653566e-07 	3.958145e+00 	6.808309e-07 	3.851557e+00 
1.699900e-01 	6.200000e-07 	6.626372e-07 	-2.896748e-01 	6.778080e-07 	-3.927441e-01 
1.702900e-01 	6.200000e-07 	6.598963e-07 	-2.713851e-01 	6.746890e-07 	-3.720085e-01 
1.705900e-01 	8.000000e-07 	6.571812e-07 	9.733442e-01 	6.716681e-07 	8.746124e-01 
1.708900e-01 	4.000000e-07 	6.544919e-07 	-1.745965e+00 	6.686806e-07 	-1.843308e+00 
1.711900e-01 	4.700000e-07 	6.518325e-07 	-1.246709e+00 	6.656750e-07 	-1.341618e+00 
1.714900e-01 	4.100000e-07 	6.490827e-07 	-1.638900e+00 	6.626304e-07 	-1.731768e+00 
1.717900e-01 	7.900000e-07 	6.463744e-07 	9.920265e-01 	6.596066e-07 	9.006310e-01 
1.720900e-01 	5.300000e-07 	6.437456e-07 	-7.803087e-01 	6.567058e-07 	-8.692175e-01 
1.723800e-01 	6.500000e-07 	6.411536e-07 	6.056258e-02 	6.537891e-07 	-2.594044e-02 
1.726800e-01 	9.100000e-07 	6.384264e-07 	1.874731e+00 	6.507757e-07 	1.789482e+00 
1.729800e-01 	5.700000e-07 	6.358334e-07 	-4.529300e-01 	6.478928e-07 	-5.358980e-01 
1.732800e-01 	8.700000e-07 	6.331498e-07 	1.643423e+00 	6.449359e-07 	1.561643e+00 
1.735800e-01 	9.200000e-07 	6.304721e-07 	2.004902e+00 	6.419633e-07 	1.925328e+00 
1.738800e-01 	4.700000e-07 	6.278049e-07 	-1.094423e+00 	6.390165e-07 	-1.172179e+00 
1.741800e-01 	5.500000e-07 	6.251781e-07 	-5.177915e-01 	6.360883e-07 	-5.929353e-01 
1.744800e-01 	8.500000e-07 	6.225293e-07 	1.572559e+00 	6.331920e-07 	1.498845e+00 
1.747800e-01 	1.230000e-06 	6.198716e-07 	4.265141e+00 	6.302823e-07 	4.192364e+00 
1.750800e-01 	5.100000e-07 	6.172475e-07 	-7.497729e-01 	6.273871e-07 	-8.206595e-01 
1.753800e-01 	3.200000e-07 	6.146355e-07 	-2.055645e+00 	6.245135e-07 	-2.124562e+00 
1.756800e-01 	3.900000e-07 	6.120041e-07 	-1.539130e+00 	6.216245e-07 	-1.605827e+00 
1.759800e-01 	8.700000e-07 	6.093527e-07 	1.814840e+00 	6.187294e-07 	1.749552e+00 
1.762800e-01 	3.500000e-07 	6.067475e-07 	-1.789680e+00 	6.158810e-07 	-1.853346e+00 
1.765800e-01 	5.000000e-07 	6.041893e-07 	-7.309475e-01 	6.130667e-07 	-7.932279e-01 
1.768800e-01 	3.500000e-07 	6.015489e-07 	-1.784667e+00 	6.101831e-07 	-1.845925e+00 
1.771800e-01 	7.700000e-07 	5.989211e-07 	1.221381e+00 	6.072984e-07 	1.161574e+00 
1.774800e-01 	9.300000e-07 	5.963707e-07 	2.371042e+00 	6.045371e-07 	2.313005e+00 
1.777800e-01 	6.300000e-07 	5.937935e-07 	2.549575e-01 	6.017281e-07 	1.990835e-01 
1.780800e-01 	6.500000e-07 	5.911694e-07 	4.151185e-01 	5.988651e-07 	3.608161e-01 
1.783800e-01 	5.600000e-07 	5.886243e-07 	-2.006047e-01 	5.961047e-07 	-2.530289e-01 
1.786800e-01 	4.400000e-07 	5.860702e-07 	-1.025342e+00 	5.933161e-07 	-1.076205e+00 
1.789800e-01 	4.400000e-07 	5.835061e-07 	-1.013533e+00 	5.905208e-07 	-1.063075e+00 
1.792800e-01 	4.100000e-07 	5.809121e-07 	-1.196779e+00 	5.877327e-07 	-1.244540e+00 
1.795800e-01 	1.800000e-07 	5.783696e-07 	-2.820515e+00 	5.849963e-07 	-2.867433e+00 
1.798800e-01 	6.400000e-07 	5.758265e-07 	4.601238e-01 	5.822321e-07 	4.141960e-01 
1.801700e-01 	6.200000e-07 	5.734003e-07 	3.320956e-01 	5.795720e-07 	2.881130e-01 
1.804700e-01 	5.200000e-07 	5.708894e-07 	-3.604322e-01 	5.768656e-07 	-4.027591e-01 
1.807700e-01 	8.800000e-07 	5.683090e-07 	2.215918e+00 	5.741199e-07 	2.174606e+00 
1.810700e-01 	3.500000e-07 	5.658150e-07 	-1.538788e+00 	5.714081e-07 	-1.578667e+00 
1.813700e-01 	8.300000e-07 	5.632814e-07 	1.899299e+00 	5.686993e-07 	1.860718e+00 
1.816700e-01 	9.500000e-07 	5.608042e-07 	2.759471e+00 	5.660201e-07 	2.722489e+00 
1.819700e-01 	6.300000e-07 	5.583090e-07 	5.107285e-01 	5.633628e-07 	4.747254e-01 
1.822700e-01 	1.800000e-07 	5.558097e-07 	-2.678042e+00 	5.606682e-07 	-2.712664e+00 
1.825700e-01 	3.800000e-07 	5.533451e-07 	-1.244491e+00 	5.579953e-07 	-1.277876e+00 
1.828700e-01 	5.200000e-07 	5.508731e-07 	-2.200821e-01 	5.553553e-07 	-2.520339e-01 
1.831700e-01 	5.600000e-07 	5.483859e-07 	8.302921e-02 	5.527234e-07 	5.202059e-02 
1.834700e-01 	5.800000e-07 	5.459386e-07 	2.443602e-01 	5.501024e-07 	2.144886e-01 
1.837700e-01 	2.000000e-08 	5.434646e-07 	-3.724931e+00 	5.474492e-07 	-3.753285e+00 
1.840700e-01 	7.200000e-07 	5.411047e-07 	1.276092e+00 	5.449087e-07 	1.248957e+00 
1.843700e-01 	1.800000e-07 	5.386153e-07 	-2.561904e+00 	5.422526e-07 	-2.587888e+00 
1.846700e-01 	9.100000e-07 	5.361644e-07 	2.701710e+00 	5.396900e-07 	2.676230e+00 
1.849700e-01 	5.800000e-07 	5.337651e-07 	3.305565e-01 	5.371110e-07 	3.066347e-01 
1.852700e-01 	9.500000e-07 	5.313631e-07 	3.015899e+00 	5.345568e-07 	2.992891e+00 
1.855700e-01 	4.300000e-07 	5.289632e-07 	-7.127347e-01 	5.320083e-07 	-7.346654e-01 
1.858700e-01 	8.100000e-07 	5.265907e-07 	2.031753e+00 	5.294837e-07 	2.011014e+00 
1.861700e-01 	1.500000e-07 	5.241687e-07 	-2.681444e+00 	5.269163e-07 	-2.701134e+00 
1.864700e-01 	6.700000e-07 	5.217652e-07 	1.065594e+00 	5.243887e-07 	1.046735e+00 
1.867700e-01 	5.300000e-07 	5.194590e-07 	7.548714e-02 	5.219290e-07 	5.779877e-02 
1.870700e-01 	4.200000e-07 	5.170417e-07 	-6.975899e-01 	5.193790e-07 	-7.143914e-01 
1.873600e-01 	7.000000e-07 	5.147776e-07 	1.331768e+00 	5.169869e-07 	1.315884e+00 
1.876600e-01 	4.100000e-07 	5.124793e-07 	-7.420662e-01 	5.145623e-07 	-7.571493e-01 
1.879600e-01 	2.800000e-07 	5.101268e-07 	-1.672920e+00 	5.120902e-07 	-1.687193e+00 
1.882600e-01 	3.000000e-07 	5.077738e-07 	-1.486966e+00 	5.096035e-07 	-1.500061e+00 
1.885600e-01 	7.000000e-07 	5.054787e-07 	1.411826e+00 	5.071846e-07 	1.399444e+00 
1.888600e-01 	4.400000e-07 	5.031525e-07 	-4.531606e-01 	5.047605e-07 	-4.646995e-01 
1.891600e-01 	6.300000e-07 	5.008305e-07 	9.347917e-01 	5.023294e-07 	9.239443e-01 
1.894600e-01 	4.800000e-07 	4.985869e-07 	-1.336804e-01 	4.999676e-07 	-1.436106e-01 
1.897600e-01 	4.600000e-07 	4.962865e-07 	-2.634229e-01 	4.975508e-07 	-2.726013e-01 
1.900600e-01 	6.100000e-07 	4.939493e-07 	8.448656e-01 	4.951150e-07 	8.363791e-01 
1.903600e-01 	6.400000e-07 	4.917115e-07 	1.077052e+00 	4.927649e-07 	1.069400e+00 
1.906600e-01 	4.500000e-07 	4.894569e-07 	-2.857537e-01 	4.904465e-07 	-2.929207e-01 
1.909600e-01 	8.900000e-07 	4.871512e-07 	2.940288e+00 	4.880507e-07 	2.933723e+00 
1.912600e-01 	6.800000e-07 	4.849229e-07 	1.416888e+00 	4.856768e-07 	1.411412e+00 
1.915600e-01 	2.100000e-07 	4.827183e-07 	-1.977939e+00 	4.833893e-07 	-1.982806e+00 
1.918600e-01 	4.300000e-07 	4.804289e-07 	-3.684709e-01 	4.810285e-07 	-3.728519e-01 
1.921600e-01 	4.200000e-07 	4.781064e-07 	-4.249098e-01 	4.786082e-07 	-4.285792e-01 
1.924600e-01 	5.700000e-07 	4.759281e-07 	6.927238e-01 	4.763721e-07 	6.894542e-01 
1.927600e-01 	5.000000e-07 	4.737014e-07 	1.916110e-01 	4.740673e-07 	1.889450e-01 
1.930600e-01 	4.500000e-07 	4.714894e-07 	-1.555174e-01 	4.717532e-07 	-1.574269e-01 
1.933600e-01 	3.000000e-07 	4.692932e-07 	-1.237162e+00 	4.694726e-07 	-1.238472e+00 
1.936600e-01 	2.200000e-07 	4.670575e-07 	-1.803735e+00 	4.671750e-07 	-1.804592e+00 
1.939500e-01 	4.100000e-07 	4.649387e-07 	-4.025107e-01 	4.649583e-07 	-4.026545e-01 
1.942500e-01 	3.700000e-07 	4.627267e-07 	-6.758506e-01 	4.626875e-07 	-6.755647e-01 
1.945500e-01 	5.100000e-07 	4.604879e-07 	3.636053e-01 	4.603908e-07 	3.643178e-01 
1.948500e-01 	3.600000e-07 	4.582790e-07 	-7.233846e-01 	4.581087e-07 	-7.221308e-01 
1.951500e-01 	5.000000e-07 	4.560997e-07 	3.204871e-01 	4.558429e-07 	3.223615e-01 
1.954500e-01 	3.700000e-07 	4.539208e-07 	-6.177464e-01 	4.536152e-07 	-6.154967e-01 
1.957500e-01 	4.500000e-07 	4.517415e-07 	-1.264146e-02 	4.513672e-07 	-9.924143e-03 
1.960500e-01 	1.000000e-07 	4.495432e-07 	-2.562258e+00 	4.490963e-07 	-2.558982e+00 
1.963500e-01 	4.800000e-07 	4.473743e-07 	2.403186e-01 	4.468810e-07 	2.439529e-01 
1.966500e-01 	6.100000e-07 	4.451934e-07 	1.196939e+00 	4.445947e-07 	1.201288e+00 
1.969500e-01 	6.300000e-07 	4.430219e-07 	1.372417e+00 	4.423871e-07 	1.377076e+00 
1.972500e-01 	1.700000e-07 	4.408384e-07 	-1.990873e+00 	4.401562e-07 	-1.985858e+00 
1.975500e-01 	6.100000e-07 	4.386395e-07 	1.253551e+00 	4.379049e-07 	1.258925e+00 
1.978500e-01 	4.600000e-07 	4.364923e-07 	1.752476e-01 	4.356853e-07 	1.812636e-01 
1.981500e-01 	2.400000e-07 	4.343203e-07 	-1.438238e+00 	4.334367e-07 	-1.431698e+00 
1.984500e-01 	3.900000e-07 	4.321615e-07 	-3.133517e-01 	4.312379e-07 	-3.064878e-01 
1.987500e-01 	3.200000e-07 	4.299679e-07 	-8.199217e-01 	4.289663e-07 	-8.124540e-01 
1.990500e-01 	4.900000e-07 	4.277896e-07 	4.599661e-01 	4.267473e-07 	4.676722e-01 
1.993500e-01 	8.000000e-07 	4.256329e-07 	2.792534e+00 	4.245272e-07 	2.800782e+00 
1.996500e-01 	3.200000e-07 	4.234856e-07 	-7.665033e-01 	4.223384e-07 	-7.580060e-01 
1.999500e-01 	4.000000e-07 	4.212962e-07 	-1.593792e-01 	4.200662e-07 	-1.501740e-01 
