#q 	 Iexp 	 Ifit_avg 	 Residuals_avg 	 Ifit_weightedavg 	 Residuals_weightedavg 
5.698000e-03 	2.099600e-04 	1.901800e-04 	7.301857e-01 	1.901779e-04 	7.302629e-01 
5.998000e-03 	1.428200e-04 	1.896729e-04 	-2.358920e+00 	1.896405e-04 	-2.357290e+00 
6.298000e-03 	1.641900e-04 	1.891696e-04 	-1.698714e+00 	1.891069e-04 	-1.694448e+00 
6.598000e-03 	1.823400e-04 	1.886656e-04 	-5.412005e-01 	1.885724e-04 	-5.332290e-01 
6.897000e-03 	1.956900e-04 	1.881603e-04 	7.698323e-01 	1.880367e-04 	7.824749e-01 
7.197000e-03 	1.895800e-04 	1.876536e-04 	2.358273e-01 	1.874993e-04 	2.547159e-01 
7.497000e-03 	1.691700e-04 	1.871448e-04 	-2.474712e+00 	1.869596e-04 	-2.449218e+00 
7.797000e-03 	1.845700e-04 	1.866340e-04 	-3.380949e-01 	1.864178e-04 	-3.026838e-01 
8.097000e-03 	1.896700e-04 	1.861202e-04 	6.576795e-01 	1.858727e-04 	7.035264e-01 
8.397000e-03 	1.858300e-04 	1.856033e-04 	4.673539e-02 	1.853242e-04 	1.042756e-01 
8.697000e-03 	1.816300e-04 	1.850829e-04 	-7.998988e-01 	1.847720e-04 	-7.278604e-01 
8.997000e-03 	1.841900e-04 	1.845586e-04 	-9.528829e-02 	1.842154e-04 	-6.568372e-03 
9.297000e-03 	1.884300e-04 	1.840301e-04 	1.271070e+00 	1.836542e-04 	1.379638e+00 
9.597000e-03 	1.888700e-04 	1.834968e-04 	1.625870e+00 	1.830880e-04 	1.749581e+00 
9.896000e-03 	1.778100e-04 	1.829585e-04 	-1.710368e+00 	1.825162e-04 	-1.563413e+00 
1.019600e-02 	1.945000e-04 	1.824154e-04 	4.317166e+00 	1.819391e-04 	4.487326e+00 
1.049600e-02 	1.774200e-04 	1.818656e-04 	-1.650012e+00 	1.813547e-04 	-1.460388e+00 
1.079600e-02 	1.814900e-04 	1.813097e-04 	7.585624e-02 	1.807637e-04 	3.055337e-01 
1.109600e-02 	1.794400e-04 	1.807470e-04 	-5.620713e-01 	1.801654e-04 	-3.119437e-01 
1.139600e-02 	1.802800e-04 	1.801775e-04 	4.694862e-02 	1.795595e-04 	3.298647e-01 
1.169600e-02 	1.782600e-04 	1.796004e-04 	-6.684969e-01 	1.789454e-04 	-3.418438e-01 
1.199600e-02 	1.812000e-04 	1.790157e-04 	1.137482e+00 	1.783230e-04 	1.498188e+00 
1.229500e-02 	1.756900e-04 	1.784247e-04 	-1.510217e+00 	1.776937e-04 	-1.106539e+00 
1.259500e-02 	1.801300e-04 	1.778232e-04 	1.313361e+00 	1.770530e-04 	1.751851e+00 
1.289500e-02 	1.763900e-04 	1.772128e-04 	-4.782183e-01 	1.764026e-04 	-7.314252e-03 
1.319500e-02 	1.829000e-04 	1.765930e-04 	4.034912e+00 	1.757420e-04 	4.579378e+00 
1.349500e-02 	1.747400e-04 	1.759635e-04 	-8.355975e-01 	1.750707e-04 	-2.258281e-01 
1.379500e-02 	1.791300e-04 	1.753239e-04 	2.690022e+00 	1.743884e-04 	3.351165e+00 
1.409500e-02 	1.756900e-04 	1.746738e-04 	7.348464e-01 	1.736948e-04 	1.442765e+00 
1.439500e-02 	1.769900e-04 	1.740129e-04 	2.298776e+00 	1.729894e-04 	3.089037e+00 
1.469500e-02 	1.743100e-04 	1.733406e-04 	7.865114e-01 	1.722717e-04 	1.653781e+00 
1.499400e-02 	1.735300e-04 	1.726592e-04 	7.082601e-01 	1.715441e-04 	1.615195e+00 
1.529400e-02 	1.748100e-04 	1.719636e-04 	2.330043e+00 	1.708013e-04 	3.281499e+00 
1.559400e-02 	1.704000e-04 	1.712559e-04 	-7.212271e-01 	1.700456e-04 	2.986775e-01 
1.589400e-02 	1.705100e-04 	1.705357e-04 	-2.155372e-02 	1.692766e-04 	1.034210e+00 
1.619400e-02 	1.669400e-04 	1.698029e-04 	-2.469974e+00 	1.684944e-04 	-1.341034e+00 
1.649400e-02 	1.704700e-04 	1.690574e-04 	1.220465e+00 	1.676989e-04 	2.394260e+00 
1.679400e-02 	1.699700e-04 	1.682991e-04 	1.563049e+00 	1.668902e-04 	2.881005e+00 
1.709400e-02 	1.652700e-04 	1.675279e-04 	-2.028802e+00 	1.660683e-04 	-7.173537e-01 
1.739400e-02 	1.658500e-04 	1.667436e-04 	-8.232791e-01 	1.652333e-04 	5.681560e-01 
1.769300e-02 	1.635400e-04 	1.659493e-04 	-2.318019e+00 	1.643885e-04 	-8.163041e-01 
1.799300e-02 	1.670500e-04 	1.651398e-04 	1.848820e+00 	1.635282e-04 	3.408618e+00 
1.829300e-02 	1.677400e-04 	1.643180e-04 	3.454131e+00 	1.626559e-04 	5.131857e+00 
1.859300e-02 	1.659400e-04 	1.634840e-04 	2.452854e+00 	1.617717e-04 	4.162936e+00 
1.889300e-02 	1.667200e-04 	1.626380e-04 	4.159550e+00 	1.608759e-04 	5.955141e+00 
1.919300e-02 	1.614700e-04 	1.617805e-04 	-3.209729e-01 	1.599690e-04 	1.551450e+00 
1.949300e-02 	1.569500e-04 	1.609119e-04 	-4.169005e+00 	1.590516e-04 	-2.211467e+00 
1.979300e-02 	1.598100e-04 	1.600324e-04 	-2.447753e-01 	1.581239e-04 	1.855303e+00 
2.009300e-02 	1.543800e-04 	1.591426e-04 	-5.137195e+00 	1.571865e-04 	-3.027237e+00 
2.039200e-02 	1.543300e-04 	1.582459e-04 	-4.334648e+00 	1.562430e-04 	-2.117542e+00 
2.069200e-02 	1.545800e-04 	1.573365e-04 	-3.155888e+00 	1.552875e-04 	-8.099516e-01 
2.099200e-02 	1.606100e-04 	1.564181e-04 	5.086048e+00 	1.543237e-04 	7.627205e+00 
2.129200e-02 	1.534700e-04 	1.554908e-04 	-2.491309e+00 	1.533519e-04 	1.456282e-01 
2.159200e-02 	1.514500e-04 	1.545552e-04 	-3.894253e+00 	1.523726e-04 	-1.157077e+00 
2.189200e-02 	1.498600e-04 	1.536116e-04 	-4.820383e+00 	1.513864e-04 	-1.961190e+00 
2.219200e-02 	1.514700e-04 	1.526605e-04 	-1.539739e+00 	1.503936e-04 	1.392262e+00 
2.249200e-02 	1.480800e-04 	1.517021e-04 	-4.841143e+00 	1.493946e-04 	-1.757057e+00 
2.279200e-02 	1.471700e-04 	1.507370e-04 	-4.839148e+00 	1.483900e-04 	-1.655054e+00 
2.309100e-02 	1.450500e-04 	1.497688e-04 	-6.286031e+00 	1.473835e-04 	-3.108449e+00 
2.339100e-02 	1.424800e-04 	1.487913e-04 	-8.354274e+00 	1.463687e-04 	-5.147505e+00 
2.369100e-02 	1.432500e-04 	1.478082e-04 	-6.124765e+00 	1.453495e-04 	-2.821074e+00 
2.399100e-02 	1.404700e-04 	1.468199e-04 	-8.496267e+00 	1.443264e-04 	-5.159894e+00 
2.429100e-02 	1.407700e-04 	1.458268e-04 	-6.816915e+00 	1.432997e-04 	-3.410194e+00 
2.459100e-02 	1.416500e-04 	1.448292e-04 	-4.360148e+00 	1.422697e-04 	-8.499464e-01 
2.489100e-02 	1.396400e-04 	1.438274e-04 	-5.716321e+00 	1.412369e-04 	-2.180030e+00 
2.519100e-02 	1.391300e-04 	1.428218e-04 	-5.173208e+00 	1.402017e-04 	-1.501706e+00 
2.549100e-02 	1.404000e-04 	1.418129e-04 	-1.957708e+00 	1.391644e-04 	1.712134e+00 
2.579000e-02 	1.364500e-04 	1.408042e-04 	-6.131187e+00 	1.381287e-04 	-2.363730e+00 
2.609000e-02 	1.333900e-04 	1.397895e-04 	-9.024650e+00 	1.370882e-04 	-5.215242e+00 
2.639000e-02 	1.343800e-04 	1.387723e-04 	-6.261721e+00 	1.360466e-04 	-2.375881e+00 
2.669000e-02 	1.304400e-04 	1.377532e-04 	-1.049838e+01 	1.350043e-04 	-6.552283e+00 
2.699000e-02 	1.330100e-04 	1.367322e-04 	-5.428586e+00 	1.339615e-04 	-1.387701e+00 
2.729000e-02 	1.320300e-04 	1.357096e-04 	-5.415340e+00 	1.329185e-04 	-1.307638e+00 
2.759000e-02 	1.325100e-04 	1.346859e-04 	-3.195387e+00 	1.318755e-04 	9.317414e-01 
2.789000e-02 	1.320800e-04 	1.336612e-04 	-2.362611e+00 	1.308329e-04 	1.863454e+00 
2.818900e-02 	1.278700e-04 	1.326392e-04 	-7.147510e+00 	1.297943e-04 	-2.883931e+00 
2.848900e-02 	1.294300e-04 	1.316135e-04 	-3.357975e+00 	1.287532e-04 	1.040906e+00 
2.878900e-02 	1.249900e-04 	1.305876e-04 	-8.471240e+00 	1.277131e-04 	-4.121003e+00 
2.908900e-02 	1.276500e-04 	1.295619e-04 	-2.973981e+00 	1.266743e-04 	1.517718e+00 
2.938900e-02 	1.255700e-04 	1.285364e-04 	-4.702083e+00 	1.256371e-04 	-1.063373e-01 
2.968900e-02 	1.223300e-04 	1.275115e-04 	-8.191527e+00 	1.246015e-04 	-3.591112e+00 
2.998900e-02 	1.220500e-04 	1.264872e-04 	-7.030819e+00 	1.235678e-04 	-2.405069e+00 
3.028900e-02 	1.245300e-04 	1.254637e-04 	-1.496028e+00 	1.225362e-04 	3.194410e+00 
3.058900e-02 	1.243400e-04 	1.244413e-04 	-1.660895e-01 	1.215068e-04 	4.644582e+00 
3.088800e-02 	1.211200e-04 	1.234236e-04 	-3.732966e+00 	1.204832e-04 	1.031895e+00 
3.118800e-02 	1.185900e-04 	1.224039e-04 	-6.399879e+00 	1.194588e-04 	-1.457908e+00 
3.148800e-02 	1.190600e-04 	1.213858e-04 	-3.875090e+00 	1.184371e-04 	1.037775e+00 
3.178800e-02 	1.161000e-04 	1.203694e-04 	-7.172978e+00 	1.174184e-04 	-2.215056e+00 
3.208800e-02 	1.205200e-04 	1.193550e-04 	2.002258e+00 	1.164028e-04 	7.076463e+00 
3.238800e-02 	1.169900e-04 	1.183427e-04 	-2.301817e+00 	1.153903e-04 	2.722179e+00 
3.268800e-02 	1.144000e-04 	1.173326e-04 	-5.040517e+00 	1.143812e-04 	3.229309e-02 
3.298800e-02 	1.135900e-04 	1.163248e-04 	-4.638004e+00 	1.133756e-04 	3.636177e-01 
3.328700e-02 	1.107300e-04 	1.153228e-04 	-7.906760e+00 	1.123769e-04 	-2.835226e+00 
3.358700e-02 	1.136400e-04 	1.143201e-04 	-1.194119e+00 	1.113786e-04 	3.970710e+00 
3.388700e-02 	1.114300e-04 	1.133200e-04 	-3.255943e+00 	1.103842e-04 	1.801547e+00 
3.418700e-02 	1.067300e-04 	1.123228e-04 	-9.769927e+00 	1.093937e-04 	-4.653236e+00 
3.448700e-02 	1.059000e-04 	1.113285e-04 	-9.464127e+00 	1.084074e-04 	-4.371360e+00 
3.478700e-02 	1.063500e-04 	1.103373e-04 	-7.063488e+00 	1.074252e-04 	-1.904707e+00 
3.508700e-02 	1.055600e-04 	1.093493e-04 	-6.729590e+00 	1.064474e-04 	-1.575897e+00 
3.538700e-02 	1.035400e-04 	1.083646e-04 	-8.561919e+00 	1.054739e-04 	-3.431955e+00 
3.568600e-02 	1.041500e-04 	1.073866e-04 	-5.789290e+00 	1.045082e-04 	-6.407781e-01 
3.598600e-02 	1.044900e-04 	1.064088e-04 	-3.398757e+00 	1.035440e-04 	1.675643e+00 
3.628600e-02 	1.016100e-04 	1.054347e-04 	-6.785266e+00 	1.025845e-04 	-1.728855e+00 
3.658600e-02 	1.089300e-04 	1.044643e-04 	4.452336e+00 	1.016298e-04 	7.278319e+00 
3.688600e-02 	1.011500e-04 	1.034978e-04 	-4.261589e+00 	1.006802e-04 	8.526596e-01 
3.718600e-02 	9.932000e-05 	1.025353e-04 	-5.965829e+00 	9.973564e-05 	-7.711803e-01 
3.748600e-02 	9.835000e-05 	1.015769e-04 	-5.933325e+00 	9.879613e-05 	-8.202956e-01 
3.778600e-02 	9.544000e-05 	1.006226e-04 	-9.448698e+00 	9.786185e-05 	-4.415413e+00 
3.808500e-02 	9.682000e-05 	9.967578e-05 	-5.275782e+00 	9.693608e-05 	-2.144379e-01 
3.838500e-02 	9.691000e-05 	9.873008e-05 	-3.404057e+00 	9.601236e-05 	1.678835e+00 
3.868500e-02 	9.343000e-05 	9.778884e-05 	-7.998904e+00 	9.509422e-05 	-3.054009e+00 
3.898500e-02 	9.317000e-05 	9.685218e-05 	-6.787562e+00 	9.418158e-05 	-1.864695e+00 
3.928500e-02 	9.279000e-05 	9.592013e-05 	-5.804167e+00 	9.327455e-05 	-8.985037e-01 
3.958500e-02 	9.120000e-05 	9.499281e-05 	-6.957754e+00 	9.237324e-05 	-2.152254e+00 
3.988500e-02 	9.123000e-05 	9.407035e-05 	-5.464737e+00 	9.147771e-05 	-4.765875e-01 
4.018500e-02 	9.159000e-05 	9.315281e-05 	-2.899792e+00 	9.058803e-05 	1.859149e+00 
4.048500e-02 	8.883000e-05 	9.224029e-05 	-6.421304e+00 	8.970430e-05 	-1.646231e+00 
4.078400e-02 	8.897000e-05 	9.133579e-05 	-4.500267e+00 	8.882933e-05 	2.675790e-01 
4.108400e-02 	9.039000e-05 	9.043348e-05 	-8.292021e-02 	8.795759e-05 	4.638734e+00 
4.138400e-02 	8.708000e-05 	8.953630e-05 	-4.676524e+00 	8.709175e-05 	-2.237906e-02 
4.168400e-02 	8.535000e-05 	8.864440e-05 	-6.237267e+00 	8.623214e-05 	-1.670143e+00 
4.198400e-02 	8.765000e-05 	8.775787e-05 	-2.063454e-01 	8.537871e-05 	4.344727e+00 
4.228400e-02 	8.671000e-05 	8.687674e-05 	-3.232367e-01 	8.453146e-05 	4.223130e+00 
4.258400e-02 	8.433000e-05 	8.600104e-05 	-3.237944e+00 	8.369039e-05 	1.239365e+00 
4.288400e-02 	8.426000e-05 	8.513090e-05 	-1.689096e+00 	8.285574e-05 	2.723540e+00 
4.318300e-02 	8.297000e-05 	8.426922e-05 	-2.431635e+00 	8.203018e-05 	1.758970e+00 
4.348300e-02 	8.464000e-05 	8.341029e-05 	2.317984e+00 	8.120816e-05 	6.468937e+00 
4.378300e-02 	8.010000e-05 	8.255708e-05 	-4.559428e+00 	8.039259e-05 	-5.429450e-01 
4.408300e-02 	8.122000e-05 	8.170969e-05 	-9.007567e-01 	7.958350e-05 	3.010273e+00 
4.438300e-02 	7.875000e-05 	8.086809e-05 	-3.905113e+00 	7.878099e-05 	-5.713806e-02 
4.468300e-02 	7.755000e-05 	8.003235e-05 	-4.496676e+00 	7.798482e-05 	-7.876595e-01 
4.498300e-02 	7.666000e-05 	7.920261e-05 	-4.706962e+00 	7.719534e-05 	-9.910464e-01 
4.528200e-02 	7.687000e-05 	7.838151e-05 	-2.753202e+00 	7.641500e-05 	8.287706e-01 
4.558200e-02 	7.471000e-05 	7.756368e-05 	-5.210767e+00 	7.563855e-05 	-1.695512e+00 
4.588200e-02 	7.313000e-05 	7.675196e-05 	-6.473224e+00 	7.486888e-05 	-3.107753e+00 
4.618200e-02 	7.497000e-05 	7.594629e-05 	-1.732737e+00 	7.410576e-05 	1.533867e+00 
4.648200e-02 	7.293000e-05 	7.514683e-05 	-4.038023e+00 	7.334932e-05 	-7.638026e-01 
4.678200e-02 	7.224000e-05 	7.435353e-05 	-3.837752e+00 	7.259959e-05 	-6.529444e-01 
4.708200e-02 	7.104000e-05 	7.356645e-05 	-4.471593e+00 	7.185654e-05 	-1.445197e+00 
4.738200e-02 	7.267000e-05 	7.278566e-05 	-2.084663e-01 	7.112025e-05 	2.793254e+00 
4.768100e-02 	7.109000e-05 	7.201365e-05 	-1.641920e+00 	7.039299e-05 	1.239048e+00 
4.798100e-02 	6.855000e-05 	7.124538e-05 	-4.777770e+00 	6.967003e-05 	-1.985347e+00 
4.828100e-02 	6.804000e-05 	7.048334e-05 	-4.288143e+00 	6.895367e-05 	-1.603523e+00 
4.858100e-02 	6.865000e-05 	6.972769e-05 	-1.894104e+00 	6.824402e-05 	7.135357e-01 
4.888100e-02 	6.873000e-05 	6.897836e-05 	-4.445836e-01 	6.754101e-05 	2.128371e+00 
4.918100e-02 	6.575000e-05 	6.823548e-05 	-4.427519e+00 	6.684477e-05 	-1.950176e+00 
4.948100e-02 	6.756000e-05 	6.749891e-05 	1.102494e-01 	6.615506e-05 	2.535299e+00 
4.978100e-02 	6.629000e-05 	6.676875e-05 	-8.822752e-01 	6.547203e-05 	1.507426e+00 
5.008000e-02 	6.316000e-05 	6.604745e-05 	-5.356161e+00 	6.479788e-05 	-3.038229e+00 
5.038000e-02 	6.285000e-05 	6.533018e-05 	-4.649939e+00 	6.412810e-05 	-2.396235e+00 
5.068000e-02 	6.548000e-05 	6.461938e-05 	1.581495e+00 	6.346498e-05 	3.702852e+00 
5.098000e-02 	6.233000e-05 	6.391507e-05 	-2.891730e+00 	6.280845e-05 	-8.728631e-01 
5.128000e-02 	6.198000e-05 	6.321736e-05 	-2.254294e+00 	6.215861e-05 	-3.253969e-01 
5.158000e-02 	6.074000e-05 	6.252608e-05 	-3.290195e+00 	6.151532e-05 	-1.428235e+00 
5.188000e-02 	6.096000e-05 	6.184143e-05 	-1.581344e+00 	6.087869e-05 	1.458837e-01 
5.217900e-02 	5.965000e-05 	6.116546e-05 	-2.763680e+00 	6.025058e-05 	-1.095244e+00 
5.247900e-02 	5.853000e-05 	6.049375e-05 	-3.540203e+00 	5.962690e-05 	-1.977466e+00 
5.277900e-02 	5.923000e-05 	5.982855e-05 	-1.098385e+00 	5.900978e-05 	4.041155e-01 
5.307900e-02 	5.795000e-05 	5.916982e-05 	-2.222949e+00 	5.839904e-05 	-8.183063e-01 
5.337900e-02 	5.686000e-05 	5.851755e-05 	-2.990623e+00 	5.779469e-05 	-1.686405e+00 
5.367900e-02 	5.871000e-05 	5.787175e-05 	1.536406e+00 	5.719673e-05 	2.773637e+00 
5.397900e-02 	5.621000e-05 	5.723233e-05 	-1.891024e+00 	5.660506e-05 	-7.307534e-01 
5.427900e-02 	5.569000e-05 	5.659925e-05 	-1.674581e+00 	5.601962e-05 	-6.070678e-01 
5.457800e-02 	5.649000e-05 	5.597476e-05 	9.616368e-01 	5.544248e-05 	1.955058e+00 
5.487800e-02 	5.527000e-05 	5.535454e-05 	-1.550628e-01 	5.486962e-05 	7.344057e-01 
5.517800e-02 	5.452000e-05 	5.474062e-05 	-4.122052e-01 	5.430284e-05 	4.057342e-01 
5.547800e-02 	5.387000e-05 	5.413310e-05 	-4.774807e-01 	5.374232e-05 	2.317100e-01 
5.577800e-02 	5.448000e-05 	5.353186e-05 	1.778408e+00 	5.318778e-05 	2.423789e+00 
5.607800e-02 	5.261000e-05 	5.293700e-05 	-6.066421e-01 	5.263942e-05 	-5.457393e-02 
5.637800e-02 	5.032000e-05 	5.234838e-05 	-3.740119e+00 	5.209702e-05 	-3.276633e+00 
5.667700e-02 	5.326000e-05 	5.176799e-05 	2.773247e+00 	5.156241e-05 	3.155378e+00 
5.697700e-02 	5.131000e-05 	5.119194e-05 	2.167515e-01 	5.103204e-05 	5.103284e-01 
5.727700e-02 	5.176000e-05 	5.062212e-05 	2.115957e+00 	5.050745e-05 	2.329198e+00 
5.757700e-02 	4.797000e-05 	5.005854e-05 	-3.894280e+00 	4.998885e-05 	-3.764336e+00 
5.787700e-02 	4.744000e-05 	4.950117e-05 	-3.850998e+00 	4.947612e-05 	-3.804189e+00 
5.817700e-02 	4.827000e-05 	4.895000e-05 	-1.272600e+00 	4.896918e-05 	-1.308502e+00 
5.847700e-02 	4.812000e-05 	4.840494e-05 	-5.322683e-01 	4.846794e-05 	-6.499565e-01 
5.877600e-02 	5.069000e-05 	4.786777e-05 	5.280041e+00 	4.797405e-05 	5.081200e+00 
5.907600e-02 	4.768000e-05 	4.733483e-05 	6.359205e-01 	4.748420e-05 	3.607314e-01 
5.937600e-02 	4.748000e-05 	4.680791e-05 	1.240907e+00 	4.699989e-05 	8.864441e-01 
5.967600e-02 	4.598000e-05 	4.628694e-05 	-5.711520e-01 	4.652118e-05 	-1.007021e+00 
5.997600e-02 	4.623000e-05 	4.577186e-05 	8.576410e-01 	4.604784e-05 	3.410021e-01 
6.027600e-02 	4.542000e-05 	4.526271e-05 	2.974281e-01 	4.558003e-05 	-3.026145e-01 
6.057600e-02 	4.559000e-05 	4.475936e-05 	1.537712e+00 	4.511749e-05 	8.747287e-01 
6.087500e-02 	4.551000e-05 	4.426340e-05 	2.331841e+00 	4.466181e-05 	1.586593e+00 
6.117500e-02 	4.404000e-05 	4.377166e-05 	4.997404e-01 	4.420999e-05 	-3.165825e-01 
6.147500e-02 	4.582000e-05 	4.328555e-05 	4.818530e+00 	4.376325e-05 	3.910310e+00 
6.177500e-02 	4.382000e-05 	4.280515e-05 	1.930656e+00 	4.332177e-05 	9.478449e-01 
6.207500e-02 	4.357000e-05 	4.233029e-05 	2.325598e+00 	4.288530e-05 	1.284453e+00 
6.237500e-02 	4.397000e-05 	4.186113e-05 	4.023405e+00 	4.245402e-05 	2.892265e+00 
6.267500e-02 	4.137000e-05 	4.139744e-05 	-5.130438e-02 	4.202770e-05 	-1.229663e+00 
6.297400e-02 	4.060000e-05 	4.094083e-05 	-6.463662e-01 	4.160780e-05 	-1.911238e+00 
6.327400e-02 	4.256000e-05 	4.048820e-05 	3.990529e+00 	4.119141e-05 	2.636057e+00 
6.357400e-02 	3.950000e-05 	4.004090e-05 	-1.023906e+00 	4.077984e-05 	-2.422707e+00 
6.387400e-02 	4.206000e-05 	3.959906e-05 	4.754071e+00 	4.037320e-05 	3.258576e+00 
6.417400e-02 	4.053000e-05 	3.916252e-05 	2.633612e+00 	3.997125e-05 	1.076096e+00 
6.447400e-02 	3.888000e-05 	3.873126e-05 	2.806390e-01 	3.957403e-05 	-1.309450e+00 
6.477400e-02 	3.859000e-05 	3.830529e-05 	5.430985e-01 	3.918156e-05 	-1.128416e+00 
6.507300e-02 	3.968000e-05 	3.788585e-05 	3.417560e+00 	3.879492e-05 	1.685930e+00 
6.537300e-02 	3.810000e-05 	3.747019e-05 	1.216832e+00 	3.841163e-05 	-6.020973e-01 
6.567300e-02 	3.919000e-05 	3.705961e-05 	4.009998e+00 	3.803276e-05 	2.178261e+00 
6.597300e-02 	3.825000e-05 	3.665409e-05 	3.057182e+00 	3.765838e-05 	1.133331e+00 
6.627300e-02 	3.681000e-05 	3.625360e-05 	1.059849e+00 	3.728844e-05 	-9.113496e-01 
6.657300e-02 	3.696000e-05 	3.585801e-05 	2.099903e+00 	3.692282e-05 	7.084776e-02 
6.687200e-02 	3.724000e-05 	3.546870e-05 	3.483048e+00 	3.656273e-05 	1.331761e+00 
6.717200e-02 	3.517000e-05 	3.508296e-05 	1.649174e-01 	3.620572e-05 	-1.962368e+00 
6.747200e-02 	3.528000e-05 	3.470197e-05 	1.117942e+00 	3.585285e-05 	-1.107910e+00 
6.777200e-02 	3.531000e-05 	3.432583e-05 	1.894374e+00 	3.550420e-05 	-3.738151e-01 
6.807200e-02 	3.518000e-05 	3.395445e-05 	2.434017e+00 	3.515970e-05 	4.031541e-02 
6.837200e-02 	3.518000e-05 	3.358774e-05 	3.158816e+00 	3.481926e-05 	7.156598e-01 
6.867200e-02 	3.523000e-05 	3.322567e-05 	3.897419e+00 	3.448284e-05 	1.452865e+00 
6.897100e-02 	3.429000e-05 	3.286946e-05 	2.807508e+00 	3.415153e-05 	2.736610e-01 
6.927100e-02 	3.412000e-05 	3.251664e-05 	3.181590e+00 	3.382311e-05 	5.891352e-01 
6.957100e-02 	3.464000e-05 	3.216833e-05 	4.882217e+00 	3.349857e-05 	2.254626e+00 
6.987100e-02 	3.250000e-05 	3.182457e-05 	1.318041e+00 	3.317795e-05 	-1.322951e+00 
7.017100e-02 	3.573000e-05 	3.148524e-05 	8.375950e+00 	3.286113e-05 	5.660974e+00 
7.047100e-02 	3.402000e-05 	3.115028e-05 	5.723300e+00 	3.254807e-05 	2.935585e+00 
7.077000e-02 	3.321000e-05 	3.082090e-05 	4.675351e+00 	3.223990e-05 	1.898437e+00 
7.107000e-02 	3.191000e-05 	3.049474e-05 	2.747341e+00 	3.193437e-05 	-4.731654e-02 
7.137000e-02 	3.224000e-05 	3.017283e-05 	4.070508e+00 	3.163244e-05 	1.196368e+00 
7.167000e-02 	3.130000e-05 	2.985518e-05 	2.838885e+00 	3.133422e-05 	-6.724341e-02 
7.197000e-02 	3.090000e-05 	2.954174e-05 	2.711693e+00 	3.103952e-05 	-2.785393e-01 
7.227000e-02 	3.042000e-05 	2.923241e-05 	2.333416e+00 	3.074836e-05 	-6.451791e-01 
7.257000e-02 	3.126000e-05 	2.892721e-05 	4.629660e+00 	3.046071e-05 	1.586267e+00 
7.286900e-02 	3.146000e-05 	2.862704e-05 	5.633798e+00 	3.017747e-05 	2.550531e+00 
7.316900e-02 	3.061000e-05 	2.832989e-05 	4.622619e+00 	2.989663e-05 	1.446259e+00 
7.346900e-02 	3.044000e-05 	2.803663e-05 	4.774563e+00 	2.961914e-05 	1.630721e+00 
7.376900e-02 	2.888000e-05 	2.774733e-05 	2.280673e+00 	2.934501e-05 	-9.363040e-01 
7.406900e-02 	2.849000e-05 	2.746187e-05 	2.072421e+00 	2.907410e-05 	-1.177382e+00 
7.436900e-02 	2.919000e-05 	2.718026e-05 	3.971200e+00 	2.880648e-05 	7.578276e-01 
7.466800e-02 	2.842000e-05 	2.690330e-05 	3.028004e+00 	2.854285e-05 	-2.452691e-01 
7.496800e-02 	2.883000e-05 	2.662914e-05 	4.412139e+00 	2.828152e-05 	1.099551e+00 
7.526800e-02 	2.760000e-05 	2.635868e-05 	2.450240e+00 	2.802332e-05 	-8.355913e-01 
7.556800e-02 	2.895000e-05 	2.609182e-05 	5.845196e+00 	2.776813e-05 	2.417006e+00 
7.586800e-02 	2.619000e-05 	2.582863e-05 	7.165710e-01 	2.751603e-05 	-2.629453e+00 
7.616800e-02 	2.798000e-05 	2.556890e-05 	4.879974e+00 	2.726683e-05 	1.443422e+00 
7.646700e-02 	2.763000e-05 	2.531359e-05 	4.622551e+00 	2.702151e-05 	1.214294e+00 
7.676700e-02 	2.653000e-05 	2.506085e-05 	2.922401e+00 	2.677815e-05 	-4.936086e-01 
7.706700e-02 	2.711000e-05 	2.481159e-05 	4.649838e+00 	2.653779e-05 	1.157623e+00 
7.736700e-02 	2.613000e-05 	2.456572e-05 	3.159194e+00 	2.630024e-05 	-3.438198e-01 
7.766700e-02 	2.671000e-05 	2.432318e-05 	4.839855e+00 	2.606550e-05 	1.306869e+00 
7.796700e-02 	2.570000e-05 	2.408391e-05 	3.236328e+00 	2.583346e-05 	-2.672545e-01 
7.826600e-02 	2.632000e-05 	2.384875e-05 	4.998594e+00 	2.560502e-05 	1.446195e+00 
7.856600e-02 	2.657000e-05 	2.361602e-05 	5.981291e+00 	2.537852e-05 	2.412546e+00 
7.886600e-02 	2.660000e-05 	2.338644e-05 	6.375226e+00 	2.515460e-05 	2.867463e+00 
7.916600e-02 	2.488000e-05 	2.316006e-05 	3.339747e+00 	2.493340e-05 	-1.036927e-01 
7.946600e-02 	2.493000e-05 	2.293684e-05 	3.778505e+00 	2.471487e-05 	4.078224e-01 
7.976600e-02 	2.446000e-05 	2.271664e-05 	3.331658e+00 	2.449885e-05 	-7.424500e-02 
8.006500e-02 	2.298000e-05 	2.250025e-05 	8.827057e-01 	2.428614e-05 	-2.403208e+00 
8.036500e-02 	2.364000e-05 	2.228613e-05 	2.507485e+00 	2.407523e-05 	-8.060950e-01 
8.066500e-02 	2.338000e-05 	2.207500e-05 	2.432929e+00 	2.386688e-05 	-9.077001e-01 
8.096500e-02 	2.407000e-05 	2.186685e-05 	4.013235e+00 	2.366100e-05 	7.450242e-01 
8.126500e-02 	2.337000e-05 	2.166149e-05 	3.111644e+00 	2.345746e-05 	-1.592930e-01 
8.156500e-02 	2.564000e-05 	2.145912e-05 	7.491281e+00 	2.325644e-05 	4.270849e+00 
8.186400e-02 	2.291000e-05 	2.126019e-05 	2.960687e+00 	2.305843e-05 	-2.663737e-01 
8.216400e-02 	2.249000e-05 	2.106336e-05 	2.548980e+00 	2.286213e-05 	-6.648911e-01 
8.246400e-02 	2.335000e-05 	2.086935e-05 	4.370269e+00 	2.266819e-05 	1.201171e+00 
8.276400e-02 	2.206000e-05 	2.067801e-05 	2.461418e+00 	2.247643e-05 	-7.416825e-01 
8.306400e-02 	2.384000e-05 	2.048935e-05 	6.070686e+00 	2.228701e-05 	2.813702e+00 
8.336400e-02 	2.116000e-05 	2.030335e-05 	1.514405e+00 	2.209985e-05 	-1.661483e+00 
8.366300e-02 	2.182000e-05 	2.012059e-05 	2.991820e+00 	2.191545e-05 	-1.680400e-01 
8.396300e-02 	2.240000e-05 	1.993975e-05 	4.217965e+00 	2.173267e-05 	1.144104e+00 
8.426300e-02 	2.318000e-05 	1.976143e-05 	6.491908e+00 	2.155193e-05 	3.091718e+00 
8.456300e-02 	2.271000e-05 	1.958564e-05 	5.949917e+00 	2.137339e-05 	2.545395e+00 
8.486300e-02 	2.166000e-05 	1.941239e-05 	4.242846e+00 	2.119701e-05 	8.740039e-01 
8.516300e-02 	2.251000e-05 	1.924151e-05 	6.316418e+00 	2.102266e-05 	2.874300e+00 
8.546200e-02 	2.226000e-05 	1.907355e-05 	6.178401e+00 	2.085081e-05 	2.732359e+00 
8.576200e-02 	2.095000e-05 	1.890738e-05 	4.007568e+00 	2.068039e-05 	5.289641e-01 
8.606200e-02 	2.017000e-05 	1.874353e-05 	2.831302e+00 	2.051200e-05 	-6.788117e-01 
8.636200e-02 	1.898000e-05 	1.858197e-05 	7.937984e-01 	2.034551e-05 	-2.723235e+00 
8.666200e-02 	2.151000e-05 	1.842270e-05 	6.360324e+00 	2.018102e-05 	2.737915e+00 
8.696100e-02 	1.882000e-05 	1.826620e-05 	1.131992e+00 	2.001898e-05 	-2.450741e+00 
8.726100e-02 	2.157000e-05 	1.811133e-05 	7.070781e+00 	1.985817e-05 	3.499598e+00 
8.756100e-02 	2.203000e-05 	1.795868e-05 	8.243200e+00 	1.969933e-05 	4.718903e+00 
8.786100e-02 	2.153000e-05 	1.780822e-05 	7.586326e+00 	1.954236e-05 	4.051538e+00 
8.816100e-02 	2.004000e-05 	1.765983e-05 	4.865441e+00 	1.938715e-05 	1.334523e+00 
8.846100e-02 	1.900000e-05 	1.751354e-05 	3.079462e+00 	1.923373e-05 	-4.842125e-01 
8.876000e-02 	2.036000e-05 	1.736987e-05 	6.023639e+00 	1.908268e-05 	2.573171e+00 
8.906000e-02 	1.791000e-05 	1.722770e-05 	1.384741e+00 	1.893285e-05 	-2.075878e+00 
8.936000e-02 	1.750000e-05 	1.708759e-05 	8.350924e-01 	1.878479e-05 	-2.601580e+00 
8.966000e-02 	1.802000e-05 	1.694944e-05 	2.203986e+00 	1.863837e-05 	-1.273048e+00 
8.996000e-02 	1.718000e-05 	1.681335e-05 	7.672249e-01 	1.849378e-05 	-2.749131e+00 
9.025900e-02 	1.843000e-05 	1.667953e-05 	3.574797e+00 	1.835125e-05 	1.608227e-01 
9.055900e-02 	1.812000e-05 	1.654723e-05 	3.279950e+00 	1.820997e-05 	-1.876262e-01 
9.085900e-02 	1.860000e-05 	1.641685e-05 	4.492735e+00 	1.807039e-05 	1.089892e+00 
9.115900e-02 	1.709000e-05 	1.628826e-05 	1.667486e+00 	1.793229e-05 	-1.751813e+00 
9.145900e-02 	1.939000e-05 	1.616157e-05 	6.745421e+00 	1.779591e-05 	3.330668e+00 
9.175900e-02 	1.929000e-05 	1.603662e-05 	6.670728e+00 	1.766105e-05 	3.340000e+00 
9.205800e-02 	1.838000e-05 	1.591388e-05 	5.182772e+00 	1.752820e-05 	1.790132e+00 
9.235800e-02 	1.779000e-05 	1.579253e-05 	4.169391e+00 	1.739650e-05 	8.213562e-01 
9.265800e-02 	1.701000e-05 	1.567285e-05 	2.779591e+00 	1.726630e-05 	-5.327768e-01 
9.295800e-02 	1.629000e-05 	1.555490e-05 	1.540191e+00 	1.713761e-05 	-1.775913e+00 
9.325800e-02 	1.692000e-05 	1.543866e-05 	3.070962e+00 	1.701042e-05 	-1.874532e-01 
9.355700e-02 	1.671000e-05 	1.532442e-05 	2.948921e+00 	1.688515e-05 	-3.727688e-01 
9.385700e-02 	1.854000e-05 	1.521141e-05 	7.014495e+00 	1.676084e-05 	3.749316e+00 
9.415700e-02 	1.779000e-05 	1.510002e-05 	5.648600e+00 	1.663801e-05 	2.419022e+00 
9.445700e-02 	1.715000e-05 	1.499015e-05 	4.603657e+00 	1.651654e-05 	1.350206e+00 
9.475700e-02 	1.689000e-05 	1.488184e-05 	4.212361e+00 	1.639644e-05 	1.035312e+00 
9.505600e-02 	1.680000e-05 	1.477544e-05 	4.266092e+00 	1.627816e-05 	1.099607e+00 
9.535600e-02 	1.650000e-05 	1.467010e-05 	3.875264e+00 	1.616081e-05 	7.183191e-01 
9.565600e-02 	1.747000e-05 	1.456628e-05 	6.158729e+00 	1.604478e-05 	3.022865e+00 
9.595600e-02 	1.641000e-05 	1.446387e-05 	4.087047e+00 	1.593005e-05 	1.007930e+00 
9.625600e-02 	1.743000e-05 	1.436291e-05 	6.478991e+00 	1.581663e-05 	3.408115e+00 
9.655600e-02 	1.627000e-05 	1.426322e-05 	4.286974e+00 	1.570441e-05 	1.208244e+00 
9.685500e-02 	1.669000e-05 	1.416530e-05 	5.312370e+00 	1.559383e-05 	2.306508e+00 
9.715500e-02 	1.619000e-05 	1.406837e-05 	4.547199e+00 	1.548414e-05 	1.512833e+00 
9.745500e-02 	1.436000e-05 	1.397275e-05 	8.173561e-01 	1.537569e-05 	-2.143796e+00 
9.775500e-02 	1.702000e-05 	1.387845e-05 	6.649623e+00 	1.526841e-05 	3.707550e+00 
9.805500e-02 	1.485000e-05 	1.378544e-05 	2.262477e+00 	1.516236e-05 	-6.638368e-01 
9.835400e-02 	1.552000e-05 	1.369400e-05 	3.892817e+00 	1.505782e-05 	9.853185e-01 
9.865400e-02 	1.488000e-05 	1.360346e-05 	2.743836e+00 	1.495407e-05 	-1.591982e-01 
9.895400e-02 	1.544000e-05 	1.351421e-05 	4.103265e+00 	1.485146e-05 	1.254001e+00 
9.925400e-02 	1.520000e-05 	1.342615e-05 	3.792131e+00 	1.475008e-05 	9.618311e-01 
9.955400e-02 	1.609000e-05 	1.333932e-05 	5.940484e+00 	1.464979e-05 	3.110330e+00 
9.985300e-02 	1.423000e-05 	1.325394e-05 	2.094688e+00 	1.455091e-05 	-6.886933e-01 
1.001500e-01 	1.449000e-05 	1.317030e-05 	2.862386e+00 	1.445386e-05 	7.839362e-02 
1.004500e-01 	1.255000e-05 	1.308696e-05 	-1.149668e+00 	1.435687e-05 	-3.868610e+00 
1.007500e-01 	1.526000e-05 	1.300474e-05 	4.889765e+00 	1.426093e-05 	2.166156e+00 
1.010500e-01 	1.307000e-05 	1.292366e-05 	3.194446e-01 	1.416608e-05 	-2.392672e+00 
1.013500e-01 	1.472000e-05 	1.284366e-05 	4.074933e+00 	1.407229e-05 	1.406669e+00 
1.016500e-01 	1.522000e-05 	1.276475e-05 	5.279091e+00 	1.397951e-05 	2.667196e+00 
1.019500e-01 	1.443000e-05 	1.268693e-05 	3.750630e+00 	1.388784e-05 	1.166585e+00 
1.022500e-01 	1.475000e-05 	1.261018e-05 	4.652295e+00 	1.379714e-05 	2.071662e+00 
1.025500e-01 	1.599000e-05 	1.253440e-05 	7.519376e+00 	1.370738e-05 	4.966978e+00 
1.028500e-01 	1.415000e-05 	1.245967e-05 	3.662060e+00 	1.361865e-05 	1.151148e+00 
1.031500e-01 	1.331000e-05 	1.238601e-05 	2.009636e+00 	1.353097e-05 	-4.806053e-01 
1.034500e-01 	1.379000e-05 	1.231326e-05 	3.203822e+00 	1.344417e-05 	7.502881e-01 
1.037500e-01 	1.292000e-05 	1.224153e-05 	1.477544e+00 	1.335838e-05 	-9.546862e-01 
1.040500e-01 	1.412000e-05 	1.217080e-05 	4.228289e+00 	1.327357e-05 	1.836118e+00 
1.043500e-01 	1.314000e-05 	1.210094e-05 	2.270973e+00 	1.318959e-05 	-1.083832e-01 
1.046500e-01 	1.482000e-05 	1.203196e-05 	6.145255e+00 	1.310647e-05 	3.776876e+00 
1.049500e-01 	1.423000e-05 	1.196401e-05 	5.107613e+00 	1.302443e-05 	2.717392e+00 
1.052500e-01 	1.153000e-05 	1.189685e-05 	-8.194036e-01 	1.294319e-05 	-3.156546e+00 
1.055500e-01 	1.256000e-05 	1.183061e-05 	1.615024e+00 	1.286281e-05 	-6.704893e-01 
1.058500e-01 	1.245000e-05 	1.176523e-05 	1.524785e+00 	1.278335e-05 	-7.422773e-01 
1.061500e-01 	1.331000e-05 	1.170071e-05 	3.538150e+00 	1.270470e-05 	1.330793e+00 
1.064500e-01 	1.298000e-05 	1.163696e-05 	2.957006e+00 	1.262685e-05 	7.775358e-01 
1.067500e-01 	1.190000e-05 	1.157407e-05 	7.260918e-01 	1.254992e-05 	-1.447863e+00 
1.070500e-01 	1.379000e-05 	1.151195e-05 	5.034591e+00 	1.247373e-05 	2.909023e+00 
1.073500e-01 	1.210000e-05 	1.145057e-05 	1.452857e+00 	1.239835e-05 	-6.674585e-01 
1.076500e-01 	1.292000e-05 	1.138998e-05 	3.452602e+00 	1.232378e-05 	1.345423e+00 
1.079500e-01 	1.389000e-05 	1.133018e-05 	5.648441e+00 	1.225001e-05 	3.618771e+00 
1.082500e-01 	1.328000e-05 	1.127107e-05 	4.525644e+00 	1.217700e-05 	2.484800e+00 
1.085500e-01 	1.340000e-05 	1.121266e-05 	4.868976e+00 	1.210473e-05 	2.883245e+00 
1.088500e-01 	1.297000e-05 	1.115496e-05 	4.016276e+00 	1.203313e-05 	2.073080e+00 
1.091500e-01 	1.185000e-05 	1.109791e-05 	1.654877e+00 	1.196235e-05 	-2.472033e-01 
1.094500e-01 	1.124000e-05 	1.104158e-05 	4.431941e-01 	1.189226e-05 	-1.456911e+00 
1.097500e-01 	1.255000e-05 	1.098590e-05 	3.456876e+00 	1.182286e-05 	1.607083e+00 
1.100500e-01 	1.295000e-05 	1.093083e-05 	4.519277e+00 	1.175417e-05 	2.676482e+00 
1.103500e-01 	1.103000e-05 	1.087640e-05 	3.479723e-01 	1.168616e-05 	-1.486469e+00 
1.106500e-01 	1.227000e-05 	1.082263e-05 	3.228584e+00 	1.161887e-05 	1.452433e+00 
1.109500e-01 	1.253000e-05 	1.076942e-05 	3.915442e+00 	1.155219e-05 	2.174597e+00 
1.112500e-01 	1.162000e-05 	1.071689e-05 	2.026269e+00 	1.148626e-05 	3.000640e-01 
1.115500e-01 	1.083000e-05 	1.066491e-05 	3.731300e-01 	1.142090e-05 	-1.335548e+00 
1.118400e-01 	1.167000e-05 	1.061525e-05 	2.371232e+00 	1.135838e-05 	7.005579e-01 
1.121400e-01 	1.215000e-05 	1.056445e-05 	3.582432e+00 	1.129438e-05 	1.933215e+00 
1.124400e-01 	1.089000e-05 	1.051421e-05 	8.545784e-01 	1.123095e-05 	-7.753524e-01 
1.127400e-01 	1.180000e-05 	1.046451e-05 	3.003336e+00 	1.116812e-05 	1.421004e+00 
1.130400e-01 	1.188000e-05 	1.041545e-05 	3.334359e+00 	1.110604e-05 	1.762095e+00 
1.133400e-01 	1.152000e-05 	1.036685e-05 	2.656844e+00 	1.104445e-05 	1.095658e+00 
1.136400e-01 	1.078000e-05 	1.031878e-05 	1.060932e+00 	1.098347e-05 	-4.680337e-01 
1.139400e-01 	1.158000e-05 	1.027128e-05 	3.017420e+00 	1.092316e-05 	1.514440e+00 
1.142400e-01 	1.161000e-05 	1.022426e-05 	3.162706e+00 	1.086340e-05 	1.703990e+00 
1.145400e-01 	1.060000e-05 	1.017778e-05 	9.648427e-01 	1.080416e-05 	-4.665394e-01 
1.148400e-01 	1.104000e-05 	1.013179e-05 	2.100777e+00 	1.074557e-05 	6.810517e-01 
1.151400e-01 	1.022000e-05 	1.008630e-05 	3.082486e-01 	1.068752e-05 	-1.077915e+00 
1.154400e-01 	1.097000e-05 	1.004125e-05 	2.122383e+00 	1.063000e-05 	7.769752e-01 
1.157400e-01 	1.000000e-05 	9.996715e-06 	7.506717e-03 	1.057308e-05 	-1.309740e+00 
1.160400e-01 	1.090000e-05 	9.952652e-06 	2.138048e+00 	1.051668e-05 	8.651002e-01 
1.163400e-01 	9.410000e-06 	9.909060e-06 	-1.152483e+00 	1.046082e-05 	-2.426665e+00 
1.166400e-01 	1.130000e-05 	9.865863e-06 	3.316307e+00 	1.040549e-05 	2.068468e+00 
1.169400e-01 	1.200000e-05 	9.823115e-06 	4.999622e+00 	1.035065e-05 	3.788042e+00 
1.172400e-01 	1.209000e-05 	9.780762e-06 	5.258068e+00 	1.029629e-05 	4.084214e+00 
1.175400e-01 	1.014000e-05 	9.738872e-06 	9.224735e-01 	1.024249e-05 	-2.356970e-01 
1.178400e-01 	1.072000e-05 	9.697365e-06 	2.369021e+00 	1.018915e-05 	1.229770e+00 
1.181400e-01 	1.026000e-05 	9.656229e-06 	1.399432e+00 	1.013630e-05 	2.867069e-01 
1.184400e-01 	8.880000e-06 	9.615539e-06 	-1.675793e+00 	1.008391e-05 	-2.742885e+00 
1.187400e-01 	9.630000e-06 	9.575219e-06 	1.282274e-01 	1.003208e-05 	-9.411515e-01 
1.190400e-01 	1.047000e-05 	9.535284e-06 	2.135273e+00 	9.980626e-06 	1.117930e+00 
1.193400e-01 	1.038000e-05 	9.495678e-06 	2.031056e+00 	9.929632e-06 	1.034379e+00 
1.196400e-01 	1.124000e-05 	9.456485e-06 	4.172452e+00 	9.879214e-06 	3.183497e+00 
1.199400e-01 	1.102000e-05 	9.417602e-06 	3.733541e+00 	9.829124e-06 	2.774707e+00 
1.202400e-01 	1.097000e-05 	9.379092e-06 	3.735754e+00 	9.779492e-06 	2.795539e+00 
1.205400e-01 	9.820000e-06 	9.340839e-06 	1.113086e+00 	9.730241e-06 	2.085092e-01 
1.208400e-01 	1.066000e-05 	9.302959e-06 	3.129562e+00 	9.681484e-06 	2.256621e+00 
1.211400e-01 	9.210000e-06 	9.265394e-06 	-1.290464e-01 	9.633090e-06 	-9.856274e-01 
1.214400e-01 	9.640000e-06 	9.228202e-06 	9.554707e-01 	9.585225e-06 	1.270907e-01 
1.217400e-01 	9.630000e-06 	9.191230e-06 	1.030604e+00 	9.537685e-06 	2.168345e-01 
1.220400e-01 	9.810000e-06 	9.154588e-06 	1.507874e+00 	9.490495e-06 	7.350694e-01 
1.223400e-01 	9.410000e-06 	9.118258e-06 	6.743765e-01 	9.443792e-06 	-7.811223e-02 
1.226400e-01 	1.077000e-05 	9.082167e-06 	4.013585e+00 	9.397381e-06 	3.264023e+00 
1.229400e-01 	1.092000e-05 	9.046417e-06 	4.218166e+00 	9.351460e-06 	3.531395e+00 
1.232400e-01 	1.114000e-05 	9.010875e-06 	4.810494e+00 	9.305861e-06 	4.144010e+00 
1.235400e-01 	9.700000e-06 	8.975645e-06 	1.601137e+00 	9.260638e-06 	9.711806e-01 
1.238400e-01 	1.043000e-05 	8.940647e-06 	3.286232e+00 	9.215771e-06 	2.679174e+00 
1.241400e-01 	9.220000e-06 	8.905941e-06 	6.859424e-01 	9.171233e-06 	1.065134e-01 
1.244300e-01 	8.950000e-06 	8.872653e-06 	1.649506e-01 	9.128646e-06 	-3.809815e-01 
1.247300e-01 	9.910000e-06 	8.838411e-06 	2.332940e+00 	9.084829e-06 	1.796467e+00 
1.250300e-01 	1.013000e-05 	8.804436e-06 	2.844559e+00 	9.041357e-06 	2.336143e+00 
1.253300e-01 	9.610000e-06 	8.770724e-06 	1.882164e+00 	8.998290e-06 	1.371823e+00 
1.256300e-01 	9.690000e-06 	8.737237e-06 	2.147604e+00 	8.955519e-06 	1.655578e+00 
1.259300e-01 	8.570000e-06 	8.703960e-06 	-2.978142e-01 	8.913112e-06 	-7.627934e-01 
1.262300e-01 	1.054000e-05 	8.670923e-06 	4.270518e+00 	8.871014e-06 	3.813345e+00 
1.265300e-01 	9.070000e-06 	8.638140e-06 	9.668433e-01 	8.829251e-06 	5.389862e-01 
1.268300e-01 	9.770000e-06 	8.605548e-06 	2.660935e+00 	8.787795e-06 	2.244476e+00 
1.271300e-01 	9.150000e-06 	8.573145e-06 	1.311004e+00 	8.746641e-06 	9.167035e-01 
1.274300e-01 	8.830000e-06 	8.541022e-06 	6.575015e-01 	8.705929e-06 	2.822944e-01 
1.277300e-01 	9.650000e-06 	8.509037e-06 	2.622482e+00 	8.665349e-06 	2.263201e+00 
1.280300e-01 	9.130000e-06 	8.477290e-06 	1.481715e+00 	8.625157e-06 	1.146042e+00 
1.283300e-01 	9.570000e-06 	8.445701e-06 	2.617510e+00 	8.585271e-06 	2.292574e+00 
1.286300e-01 	9.580000e-06 	8.414365e-06 	2.686909e+00 	8.545686e-06 	2.384200e+00 
1.289300e-01 	8.630000e-06 	8.383240e-06 	5.752253e-01 	8.506421e-06 	2.880774e-01 
1.292300e-01 	9.410000e-06 	8.352155e-06 	2.453486e+00 	8.467320e-06 	2.186382e+00 
1.295300e-01 	1.066000e-05 	8.321382e-06 	5.422758e+00 	8.428603e-06 	5.174134e+00 
1.298300e-01 	7.870000e-06 	8.290748e-06 	-9.802159e-01 	8.390123e-06 	-1.211730e+00 
1.301300e-01 	1.024000e-05 	8.260251e-06 	4.615984e+00 	8.351952e-06 	4.402172e+00 
1.304300e-01 	7.590000e-06 	8.229963e-06 	-1.497549e+00 	8.314019e-06 	-1.694245e+00 
1.307300e-01 	9.350000e-06 	8.199844e-06 	2.696731e+00 	8.276376e-06 	2.517290e+00 
1.310300e-01 	8.970000e-06 	8.169903e-06 	1.877589e+00 	8.239009e-06 	1.715418e+00 
1.313300e-01 	8.910000e-06 	8.140036e-06 	1.825641e+00 	8.201848e-06 	1.679081e+00 
1.316300e-01 	7.260000e-06 	8.110379e-06 	-2.008976e+00 	8.164935e-06 	-2.137860e+00 
1.319300e-01 	9.540000e-06 	8.080887e-06 	3.455811e+00 	8.128378e-06 	3.343332e+00 
1.322300e-01 	9.800000e-06 	8.051536e-06 	4.148983e+00 	8.092042e-06 	4.052865e+00 
1.325300e-01 	8.920000e-06 	8.022293e-06 	2.119034e+00 	8.055864e-06 	2.039789e+00 
1.328300e-01 	9.500000e-06 	7.993216e-06 	3.607162e+00 	8.020014e-06 	3.543009e+00 
1.331300e-01 	1.008000e-05 	7.964305e-06 	5.050839e+00 	7.984399e-06 	5.002866e+00 
1.334300e-01 	8.930000e-06 	7.935458e-06 	2.368240e+00 	7.948924e-06 	2.336173e+00 
1.337300e-01 	8.350000e-06 	7.906818e-06 	1.044698e+00 	7.913821e-06 	1.028190e+00 
1.340300e-01 	8.500000e-06 	7.878290e-06 	1.509519e+00 	7.878900e-06 	1.508037e+00 
1.343300e-01 	7.080000e-06 	7.849853e-06 	-1.835123e+00 	7.844160e-06 	-1.821553e+00 
1.346300e-01 	8.560000e-06 	7.821585e-06 	1.777772e+00 	7.809710e-06 	1.806360e+00 
1.349300e-01 	8.270000e-06 	7.793398e-06 	1.147498e+00 	7.775411e-06 	1.190805e+00 
1.352300e-01 	7.950000e-06 	7.765376e-06 	4.425323e-01 	7.741417e-06 	4.999598e-01 
1.355300e-01 	7.530000e-06 	7.737459e-06 	-5.034180e-01 	7.707591e-06 	-4.309422e-01 
1.358200e-01 	8.670000e-06 	7.710594e-06 	2.305931e+00 	7.675162e-06 	2.391092e+00 
1.361200e-01 	6.980000e-06 	7.682881e-06 	-1.694832e+00 	7.641711e-06 	-1.595560e+00 
1.364200e-01 	7.860000e-06 	7.655291e-06 	5.018477e-01 	7.608552e-06 	6.164310e-01 
1.367200e-01 	7.660000e-06 	7.627802e-06 	7.854969e-02 	7.575588e-06 	2.059285e-01 
1.370200e-01 	7.320000e-06 	7.600437e-06 	-6.781535e-01 	7.542781e-06 	-5.387288e-01 
1.373200e-01 	7.640000e-06 	7.573200e-06 	1.600081e-01 	7.510258e-06 	3.107749e-01 
1.376200e-01 	7.130000e-06 	7.546024e-06 	-1.004282e+00 	7.477906e-06 	-8.398445e-01 
1.379200e-01 	7.260000e-06 	7.518992e-06 	-6.329541e-01 	7.445737e-06 	-4.539237e-01 
1.382200e-01 	8.060000e-06 	7.492025e-06 	1.369969e+00 	7.413750e-06 	1.558770e+00 
1.385200e-01 	7.820000e-06 	7.465160e-06 	8.604262e-01 	7.381974e-06 	1.062140e+00 
1.388200e-01 	8.930000e-06 	7.438384e-06 	3.602675e+00 	7.350359e-06 	3.815281e+00 
1.391200e-01 	7.300000e-06 	7.411729e-06 	-2.732826e-01 	7.318980e-06 	-4.642288e-02 
1.394200e-01 	6.930000e-06 	7.385199e-06 	-1.107029e+00 	7.287759e-06 	-8.700572e-01 
1.397200e-01 	9.080000e-06 	7.358661e-06 	4.212566e+00 	7.256726e-06 	4.462029e+00 
1.400200e-01 	7.060000e-06 	7.332265e-06 	-6.608685e-01 	7.225855e-06 	-4.025800e-01 
1.403200e-01 	7.860000e-06 	7.305966e-06 	1.362468e+00 	7.195191e-06 	1.634884e+00 
1.406200e-01 	6.760000e-06 	7.279753e-06 	-1.272564e+00 	7.164698e-06 	-9.908627e-01 
1.409200e-01 	8.880000e-06 	7.253596e-06 	3.964035e+00 	7.134347e-06 	4.254681e+00 
1.412200e-01 	6.500000e-06 	7.227597e-06 	-1.777011e+00 	7.104218e-06 	-1.475681e+00 
1.415200e-01 	8.170000e-06 	7.201586e-06 	2.405520e+00 	7.074238e-06 	2.721850e+00 
1.418200e-01 	7.400000e-06 	7.175743e-06 	5.501610e-01 	7.044483e-06 	8.721776e-01 
1.421200e-01 	6.770000e-06 	7.149889e-06 	-9.334569e-01 	7.014725e-06 	-6.013342e-01 
1.424200e-01 	7.210000e-06 	7.124167e-06 	2.040433e-01 	6.985315e-06 	5.341255e-01 
1.427200e-01 	8.240000e-06 	7.098460e-06 	2.691676e+00 	6.955913e-06 	3.027793e+00 
1.430200e-01 	7.660000e-06 	7.072918e-06 	1.391883e+00 	6.926805e-06 	1.738295e+00 
1.433200e-01 	7.970000e-06 	7.047375e-06 	2.166702e+00 	6.897753e-06 	2.518076e+00 
1.436200e-01 	6.760000e-06 	7.021909e-06 	-6.103110e-01 	6.868843e-06 	-2.536312e-01 
1.439200e-01 	6.330000e-06 	6.996572e-06 	-1.537546e+00 	6.840195e-06 	-1.176838e+00 
1.442200e-01 	6.790000e-06 	6.971290e-06 	-4.139524e-01 	6.811671e-06 	-4.948387e-02 
1.445200e-01 	6.280000e-06 	6.946043e-06 	-1.493068e+00 	6.783279e-06 	-1.128201e+00 
1.448200e-01 	6.570000e-06 	6.920832e-06 	-7.947794e-01 	6.754934e-06 	-4.189522e-01 
1.451200e-01 	6.440000e-06 	6.895750e-06 	-1.028109e+00 	6.726859e-06 	-6.471125e-01 
1.454200e-01 	7.590000e-06 	6.870732e-06 	1.624658e+00 	6.698899e-06 	2.012788e+00 
1.457200e-01 	5.630000e-06 	6.845753e-06 	-2.758499e+00 	6.671091e-06 	-2.362197e+00 
1.460100e-01 	7.290000e-06 	6.821635e-06 	1.035290e+00 	6.644324e-06 	1.427224e+00 
1.463100e-01 	6.960000e-06 	6.796785e-06 	3.698674e-01 	6.616789e-06 	7.777622e-01 
1.466100e-01 	6.010000e-06 	6.772059e-06 	-1.725325e+00 	6.589408e-06 	-1.311798e+00 
1.469100e-01 	6.580000e-06 	6.747327e-06 	-3.733644e-01 	6.562169e-06 	3.978684e-02 
1.472100e-01 	7.270000e-06 	6.722662e-06 	1.239387e+00 	6.535038e-06 	1.664240e+00 
1.475100e-01 	7.230000e-06 	6.698079e-06 	1.169186e+00 	6.508053e-06 	1.586871e+00 
1.478100e-01 	5.560000e-06 	6.673522e-06 	-2.616296e+00 	6.481171e-06 	-2.164355e+00 
1.481100e-01 	6.140000e-06 	6.649073e-06 	-1.214855e+00 	6.454519e-06 	-7.505709e-01 
1.484100e-01 	7.590000e-06 	6.624666e-06 	2.322134e+00 	6.427944e-06 	2.795353e+00 
1.487100e-01 	6.600000e-06 	6.600278e-06 	-6.677053e-04 	6.401439e-06 	4.762111e-01 
1.490100e-01 	7.900000e-06 	6.575960e-06 	3.232677e+00 	6.375094e-06 	3.723096e+00 
1.493100e-01 	6.940000e-06 	6.551747e-06 	9.523948e-01 	6.348932e-06 	1.449904e+00 
1.496100e-01 	5.950000e-06 	6.527526e-06 	-1.402955e+00 	6.322818e-06 	-9.056683e-01 
1.499100e-01 	6.100000e-06 	6.503481e-06 	-9.815859e-01 	6.296977e-06 	-4.792037e-01 
1.502100e-01 	6.190000e-06 	6.479413e-06 	-7.023556e-01 	6.271145e-06 	-1.969251e-01 
1.505100e-01 	6.130000e-06 	6.455374e-06 	-7.911443e-01 	6.245380e-06 	-2.805466e-01 
1.508100e-01 	6.380000e-06 	6.431432e-06 	-1.259742e-01 	6.219813e-06 	3.923551e-01 
1.511100e-01 	6.300000e-06 	6.407518e-06 	-2.625785e-01 	6.194350e-06 	2.580157e-01 
1.514100e-01 	6.780000e-06 	6.383658e-06 	9.724998e-01 	6.169004e-06 	1.499194e+00 
1.517100e-01 	6.600000e-06 	6.359863e-06 	5.905840e-01 	6.143776e-06 	1.122017e+00 
1.520100e-01 	6.100000e-06 	6.336154e-06 	-5.788937e-01 	6.118755e-06 	-4.597527e-02 
1.523100e-01 	4.850000e-06 	6.312434e-06 	-3.595677e+00 	6.093677e-06 	-3.057822e+00 
1.526100e-01 	6.640000e-06 	6.288844e-06 	8.473017e-01 	6.068875e-06 	1.378065e+00 
1.529100e-01 	5.420000e-06 	6.265287e-06 	-2.108737e+00 	6.044084e-06 	-1.556902e+00 
1.532100e-01 	5.730000e-06 	6.241723e-06 	-1.262515e+00 	6.019423e-06 	-7.140612e-01 
1.535100e-01 	6.260000e-06 	6.218256e-06 	1.028877e-01 	5.994899e-06 	6.534090e-01 
1.538100e-01 	6.110000e-06 	6.194858e-06 	-2.109260e-01 	5.970453e-06 	3.468645e-01 
1.541100e-01 	5.730000e-06 	6.171453e-06 	-1.091057e+00 	5.946120e-06 	-5.341431e-01 
1.544100e-01 	5.770000e-06 	6.148181e-06 	-9.411471e-01 	5.921944e-06 	-3.781292e-01 
1.547100e-01 	4.780000e-06 	6.124883e-06 	-3.326202e+00 	5.897786e-06 	-2.764538e+00 
1.550100e-01 	6.130000e-06 	6.101653e-06 	7.098577e-02 	5.873805e-06 	6.415462e-01 
1.553100e-01 	5.800000e-06 	6.078526e-06 	-6.983412e-01 	5.849913e-06 	-1.251442e-01 
1.556000e-01 	6.370000e-06 	6.056154e-06 	7.792372e-01 	5.826934e-06 	1.348361e+00 
1.559000e-01 	6.710000e-06 	6.033097e-06 	1.712595e+00 	5.803213e-06 	2.294212e+00 
1.562000e-01 	6.260000e-06 	6.010077e-06 	6.197569e-01 	5.779595e-06 	1.191303e+00 
1.565000e-01 	5.980000e-06 	5.987121e-06 	-1.787630e-02 	5.756120e-06 	5.620035e-01 
1.568000e-01 	5.230000e-06 	5.964192e-06 	-1.869790e+00 	5.732711e-06 	-1.280271e+00 
1.571000e-01 	6.010000e-06 	5.941315e-06 	1.707656e-01 	5.709390e-06 	7.473774e-01 
1.574000e-01 	5.360000e-06 	5.918499e-06 	-1.406053e+00 	5.686186e-06 	-8.211918e-01 
1.577000e-01 	4.820000e-06 	5.895768e-06 	-2.690093e+00 	5.663144e-06 	-2.108387e+00 
1.580000e-01 	5.930000e-06 	5.873030e-06 	1.439040e-01 	5.640102e-06 	7.322686e-01 
1.583000e-01 	6.130000e-06 	5.850411e-06 	7.083774e-01 	5.617248e-06 	1.299125e+00 
1.586000e-01 	5.560000e-06 	5.827771e-06 	-6.772159e-01 	5.594377e-06 	-8.694335e-02 
1.589000e-01 	5.400000e-06 	5.805200e-06 	-1.020551e+00 	5.571633e-06 	-4.322807e-01 
1.592000e-01 	5.730000e-06 	5.782701e-06 	-1.322927e-01 	5.549029e-06 	4.542779e-01 
1.595000e-01 	4.900000e-06 	5.760268e-06 	-2.167085e+00 	5.526535e-06 	-1.578292e+00 
1.598000e-01 	4.950000e-06 	5.737842e-06 	-2.005810e+00 	5.504070e-06 	-1.410638e+00 
1.601000e-01 	7.200000e-06 	5.715431e-06 	3.718021e+00 	5.481683e-06 	4.303432e+00 
1.604000e-01 	6.280000e-06 	5.693159e-06 	1.493233e+00 	5.459440e-06 	2.087940e+00 
1.607000e-01 	4.940000e-06 	5.670867e-06 	-1.842831e+00 	5.437218e-06 	-1.253700e+00 
1.610000e-01 	5.220000e-06 	5.648699e-06 	-1.086552e+00 	5.415217e-06 	-4.947839e-01 
1.613000e-01 	5.880000e-06 	5.626505e-06 	6.484909e-01 	5.393168e-06 	1.245414e+00 
1.616000e-01 	4.900000e-06 	5.604458e-06 	-1.826109e+00 	5.371333e-06 	-1.221797e+00 
1.619000e-01 	5.670000e-06 	5.582379e-06 	2.275343e-01 	5.349478e-06 	8.323295e-01 
1.622000e-01 	4.810000e-06 	5.560386e-06 	-1.934135e+00 	5.327761e-06 	-1.334539e+00 
1.625000e-01 	6.340000e-06 	5.538452e-06 	2.066006e+00 	5.306136e-06 	2.664804e+00 
1.628000e-01 	5.570000e-06 	5.516530e-06 	1.372992e-01 	5.284553e-06 	7.329670e-01 
1.631000e-01 	5.390000e-06 	5.494704e-06 	-2.704341e-01 	5.263131e-06 	3.276834e-01 
1.634000e-01 	6.520000e-06 	5.472918e-06 	2.711595e+00 	5.241734e-06 	3.310284e+00 
1.637000e-01 	5.970000e-06 	5.451146e-06 	1.349601e+00 	5.220414e-06 	1.949762e+00 
1.640000e-01 	5.300000e-06 	5.429472e-06 	-3.337241e-01 	5.199165e-06 	2.599113e-01 
1.642900e-01 	5.880000e-06 	5.408592e-06 	1.215846e+00 	5.178791e-06 	1.808546e+00 
1.645900e-01 	4.660000e-06 	5.386925e-06 	-1.876855e+00 	5.157626e-06 	-1.284825e+00 
1.648900e-01 	4.880000e-06 	5.365451e-06 	-1.245129e+00 	5.136734e-06 	-6.584937e-01 
1.651900e-01 	4.960000e-06 	5.343940e-06 	-1.002638e+00 	5.115834e-06 	-4.069521e-01 
1.654900e-01 	4.240000e-06 	5.322527e-06 	-2.772228e+00 	5.095015e-06 	-2.189594e+00 
1.657900e-01 	5.800000e-06 	5.301164e-06 	1.302341e+00 	5.074326e-06 	1.894561e+00 
1.660900e-01 	4.960000e-06 	5.279812e-06 	-8.337981e-01 	5.053608e-06 	-2.440501e-01 
1.663900e-01 	5.560000e-06 	5.258566e-06 	7.849438e-01 	5.033076e-06 	1.372127e+00 
1.666900e-01 	5.470000e-06 	5.237381e-06 	6.068844e-01 	5.012590e-06 	1.193347e+00 
1.669900e-01 	5.490000e-06 	5.216153e-06 	7.107929e-01 	4.992108e-06 	1.292319e+00 
1.672900e-01 	4.010000e-06 	5.195099e-06 	-3.061955e+00 	4.971867e-06 	-2.485189e+00 
1.675900e-01 	4.960000e-06 	5.174019e-06 	-5.517951e-01 	4.951590e-06 	2.168280e-02 
1.678900e-01 	6.070000e-06 	5.153055e-06 	2.369122e+00 	4.931427e-06 	2.941746e+00 
1.681900e-01 	5.450000e-06 	5.132117e-06 	8.354796e-01 	4.911350e-06 	1.415712e+00 
1.684900e-01 	4.450000e-06 	5.111225e-06 	-1.717156e+00 	4.891334e-06 	-1.146115e+00 
1.687900e-01 	4.710000e-06 	5.090348e-06 	-1.002076e+00 	4.871333e-06 	-4.250539e-01 
1.690900e-01 	4.830000e-06 	5.069607e-06 	-6.239437e-01 	4.851535e-06 	-5.607700e-02 
1.693900e-01 	4.500000e-06 	5.048888e-06 	-1.443416e+00 	4.831750e-06 	-8.724057e-01 
1.696900e-01 	4.870000e-06 	5.028240e-06 	-4.167489e-01 	4.812017e-06 	1.527076e-01 
1.699900e-01 	4.230000e-06 	5.007643e-06 	-2.013733e+00 	4.792377e-06 	-1.456293e+00 
1.702900e-01 	5.230000e-06 	4.987059e-06 	6.420058e-01 	4.772821e-06 	1.208158e+00 
1.705900e-01 	4.350000e-06 	4.966561e-06 	-1.600460e+00 	4.753352e-06 	-1.047015e+00 
1.708900e-01 	4.680000e-06 	4.946065e-06 	-7.014076e-01 	4.733862e-06 	-1.419917e-01 
1.711900e-01 	4.160000e-06 	4.925734e-06 	-2.006484e+00 	4.714590e-06 	-1.453214e+00 
1.714900e-01 	5.220000e-06 	4.905437e-06 	8.312328e-01 	4.695352e-06 	1.386381e+00 
1.717900e-01 	5.460000e-06 	4.885123e-06 	1.534109e+00 	4.676107e-06 	2.091887e+00 
1.720900e-01 	5.180000e-06 	4.864904e-06 	8.333008e-01 	4.656972e-06 	1.383197e+00 
1.723800e-01 	5.470000e-06 	4.845405e-06 	1.664521e+00 	4.638571e-06 	2.215726e+00 
1.726800e-01 	4.880000e-06 	4.825324e-06 	1.445563e-01 	4.619658e-06 	6.883160e-01 
1.729800e-01 	3.880000e-06 	4.805251e-06 	-2.426187e+00 	4.600697e-06 	-1.889807e+00 
1.732800e-01 	4.260000e-06 	4.785240e-06 	-1.388790e+00 	4.581886e-06 	-8.510990e-01 
1.735800e-01 	4.410000e-06 	4.765312e-06 	-9.411749e-01 	4.563125e-06 	-4.056081e-01 
1.738800e-01 	5.000000e-06 	4.745371e-06 	6.740503e-01 	4.544346e-06 	1.206201e+00 
1.741800e-01 	3.910000e-06 	4.725601e-06 	-2.133630e+00 	4.525793e-06 	-1.610928e+00 
1.744800e-01 	4.900000e-06 	4.705814e-06 	5.159995e-01 	4.507231e-06 	1.043682e+00 
1.747800e-01 	4.480000e-06 	4.686152e-06 	-5.493572e-01 	4.488793e-06 	-2.343087e-02 
1.750800e-01 	5.010000e-06 	4.666452e-06 	9.111463e-01 	4.470319e-06 	1.431325e+00 
1.753800e-01 	5.150000e-06 	4.646882e-06 	1.347324e+00 	4.452030e-06 	1.869128e+00 
1.756800e-01 	3.340000e-06 	4.627349e-06 	-3.392849e+00 	4.433730e-06 	-2.882560e+00 
1.759800e-01 	4.190000e-06 	4.607873e-06 	-1.102828e+00 	4.415527e-06 	-5.952000e-01 
1.762800e-01 	4.510000e-06 	4.588419e-06 	-2.097719e-01 	4.397375e-06 	3.012732e-01 
1.765800e-01 	2.200000e-06 	4.569083e-06 	-6.322445e+00 	4.379327e-06 	-5.816036e+00 
1.768800e-01 	4.290000e-06 	4.549848e-06 	-7.140262e-01 	4.361377e-06 	-1.961345e-01 
1.771800e-01 	4.380000e-06 	4.530559e-06 	-4.116458e-01 	4.343406e-06 	1.000512e-01 
1.774800e-01 	3.670000e-06 	4.511385e-06 	-2.261787e+00 	4.325543e-06 	-1.762212e+00 
1.777800e-01 	4.770000e-06 	4.492259e-06 	7.512595e-01 	4.307744e-06 	1.250355e+00 
1.780800e-01 	4.670000e-06 	4.473250e-06 	5.317428e-01 	4.290083e-06 	1.026776e+00 
1.783800e-01 	3.590000e-06 	4.454226e-06 	-2.322439e+00 	4.272399e-06 	-1.833814e+00 
1.786800e-01 	3.380000e-06 	4.435352e-06 	-2.821419e+00 	4.254845e-06 	-2.338845e+00 
1.789800e-01 	3.260000e-06 	4.416469e-06 	-3.140702e+00 	4.237325e-06 	-2.654189e+00 
1.792800e-01 	3.640000e-06 	4.397637e-06 	-2.022091e+00 	4.219818e-06 	-1.547502e+00 
1.795800e-01 	4.440000e-06 	4.378937e-06 	1.648394e-01 	4.202513e-06 	6.410956e-01 
1.798800e-01 	4.360000e-06 	4.360277e-06 	-7.571662e-04 	4.185207e-06 	4.780852e-01 
1.801700e-01 	4.340000e-06 	4.342290e-06 	-6.223682e-03 	4.168560e-06 	4.659581e-01 
1.804700e-01 	3.270000e-06 	4.323795e-06 	-2.867548e+00 	4.151440e-06 	-2.398540e+00 
1.807700e-01 	4.930000e-06 	4.305293e-06 	1.700900e+00 	4.134320e-06 	2.166412e+00 
1.810700e-01 	5.640000e-06 	4.286905e-06 	3.694558e+00 	4.117281e-06 	4.157707e+00 
1.813700e-01 	3.300000e-06 	4.268626e-06 	-2.631778e+00 	4.100409e-06 	-2.174730e+00 
1.816700e-01 	3.690000e-06 	4.250335e-06 	-1.506764e+00 	4.083481e-06 	-1.058086e+00 
1.819700e-01 	3.460000e-06 	4.232196e-06 	-2.084594e+00 	4.066723e-06 	-1.637888e+00 
1.822700e-01 	4.610000e-06 	4.214062e-06 	1.082862e+00 	4.049982e-06 	1.531609e+00 
1.825700e-01 	2.800000e-06 	4.196019e-06 	-3.777313e+00 	4.033346e-06 	-3.337155e+00 
1.828700e-01 	4.230000e-06 	4.178064e-06 	1.420031e-01 	4.016723e-06 	5.831381e-01 
1.831700e-01 	2.820000e-06 	4.160183e-06 	-3.632523e+00 	4.000247e-06 	-3.199022e+00 
1.834700e-01 	3.960000e-06 	4.142421e-06 	-5.003743e-01 	3.983877e-06 	-6.549231e-02 
1.837700e-01 	5.440000e-06 	4.124651e-06 	3.562315e+00 	3.967502e-06 	3.987917e+00 
1.840700e-01 	3.880000e-06 	4.106980e-06 	-6.189622e-01 	3.951197e-06 	-1.941519e-01 
1.843700e-01 	3.960000e-06 	4.089426e-06 	-3.508045e-01 	3.935039e-06 	6.765580e-02 
1.846700e-01 	3.190000e-06 	4.071923e-06 	-2.417088e+00 	3.918943e-06 	-1.997816e+00 
1.849700e-01 	3.910000e-06 	4.054487e-06 	-3.950420e-01 	3.902840e-06 	1.957504e-02 
1.852700e-01 	4.030000e-06 	4.037195e-06 	-1.940891e-02 	3.886943e-06 	3.859111e-01 
1.855700e-01 	4.530000e-06 	4.019908e-06 	1.406879e+00 	3.871025e-06 	1.817512e+00 
1.858700e-01 	3.610000e-06 	4.002755e-06 	-1.079441e+00 	3.855233e-06 	-6.739949e-01 
1.861700e-01 	4.450000e-06 	3.985651e-06 	1.282696e+00 	3.839513e-06 	1.686381e+00 
1.864700e-01 	3.600000e-06 	3.968660e-06 	-1.012328e+00 	3.823899e-06 	-6.148190e-01 
1.867700e-01 	3.700000e-06 	3.951758e-06 	-6.876952e-01 	3.808312e-06 	-2.958616e-01 
1.870700e-01 	4.920000e-06 	3.934920e-06 	2.709912e+00 	3.792846e-06 	3.100752e+00 
1.873600e-01 	4.650000e-06 	3.918733e-06 	2.003416e+00 	3.777966e-06 	2.389067e+00 
1.876600e-01 	4.090000e-06 	3.902059e-06 	5.162779e-01 	3.762646e-06 	8.992488e-01 
1.879600e-01 	4.660000e-06 	3.885499e-06 	2.138324e+00 	3.747420e-06 	2.519547e+00 
1.882600e-01 	2.100000e-06 	3.868966e-06 	-4.847280e+00 	3.732206e-06 	-4.472533e+00 
1.885600e-01 	3.110000e-06 	3.852570e-06 	-2.047847e+00 	3.717174e-06 	-1.674454e+00 
1.888600e-01 	3.790000e-06 	3.836271e-06 	-1.272432e-01 	3.702184e-06 	2.414918e-01 
1.891600e-01 	3.530000e-06 	3.820065e-06 	-7.990984e-01 	3.687293e-06 	-4.333266e-01 
1.894600e-01 	4.010000e-06 	3.803863e-06 	5.696754e-01 	3.672410e-06 	9.329546e-01 
1.897600e-01 	3.640000e-06 	3.787829e-06 	-4.084790e-01 	3.657703e-06 	-4.891677e-02 
1.900600e-01 	3.780000e-06 	3.771805e-06 	2.281539e-02 	3.642975e-06 	3.814953e-01 
1.903600e-01 	3.740000e-06 	3.755907e-06 	-4.380541e-02 	3.628400e-06 	3.073284e-01 
1.906600e-01 	3.460000e-06 	3.740102e-06 	-7.791421e-01 	3.613918e-06 	-4.281439e-01 
1.909600e-01 	4.120000e-06 	3.724346e-06 	1.107251e+00 	3.599430e-06 	1.456833e+00 
1.912600e-01 	3.150000e-06 	3.708667e-06 	-1.543493e+00 	3.585086e-06 	-1.202061e+00 
1.915600e-01 	3.440000e-06 	3.693035e-06 	-7.080861e-01 	3.570760e-06 	-3.659154e-01 
1.918600e-01 	3.430000e-06 	3.677458e-06 	-6.928671e-01 	3.556494e-06 	-3.541770e-01 
1.921600e-01 	3.470000e-06 	3.661966e-06 	-5.348425e-01 	3.542306e-06 	-2.014532e-01 
1.924600e-01 	2.980000e-06 	3.646541e-06 	-1.871149e+00 	3.528190e-06 	-1.538907e+00 
1.927600e-01 	4.090000e-06 	3.631218e-06 	1.281658e+00 	3.514157e-06 	1.608679e+00 
1.930600e-01 	3.130000e-06 	3.615865e-06 	-1.340429e+00 	3.500086e-06 	-1.021011e+00 
1.933600e-01 	3.240000e-06 	3.600637e-06 	-9.988833e-01 	3.486169e-06 	-6.818327e-01 
1.936600e-01 	2.830000e-06 	3.585451e-06 	-2.116466e+00 	3.472320e-06 	-1.799518e+00 
1.939500e-01 	3.380000e-06 	3.570796e-06 	-5.309335e-01 	3.458912e-06 	-2.195897e-01 
1.942500e-01 	3.100000e-06 	3.555680e-06 	-1.259410e+00 	3.445072e-06 	-9.537110e-01 
1.945500e-01 	3.300000e-06 	3.540637e-06 	-6.675085e-01 	3.431294e-06 	-3.642008e-01 
1.948500e-01 	2.980000e-06 	3.525575e-06 	-1.544577e+00 	3.417557e-06 	-1.238766e+00 
1.951500e-01 	2.350000e-06 	3.510669e-06 	-3.248262e+00 	3.403969e-06 	-2.949652e+00 
1.954500e-01 	2.810000e-06 	3.495768e-06 	-1.918446e+00 	3.390344e-06 	-1.623523e+00 
1.957500e-01 	2.180000e-06 	3.480805e-06 	-3.624623e+00 	3.376699e-06 	-3.334537e+00 
1.960500e-01 	3.240000e-06 	3.465970e-06 	-6.296349e-01 	3.363172e-06 	-3.432029e-01 
1.963500e-01 	3.790000e-06 	3.451148e-06 	9.618270e-01 	3.349630e-06 	1.249986e+00 
1.966500e-01 	4.280000e-06 	3.436311e-06 	2.355490e+00 	3.336079e-06 	2.635326e+00 
1.969500e-01 	2.520000e-06 	3.421580e-06 	-2.536591e+00 	3.322581e-06 	-2.258057e+00 
1.972500e-01 	2.680000e-06 	3.406796e-06 	-2.042079e+00 	3.309128e-06 	-1.767662e+00 
1.975500e-01 	2.570000e-06 	3.392038e-06 	-2.287187e+00 	3.295708e-06 	-2.019165e+00 
1.978500e-01 	4.240000e-06 	3.377350e-06 	2.474685e+00 	3.282286e-06 	2.747395e+00 
1.981500e-01 	3.430000e-06 	3.362636e-06 	1.917667e-01 	3.268863e-06 	4.587134e-01 
1.984500e-01 	2.910000e-06 	3.348014e-06 	-1.245667e+00 	3.255538e-06 	-9.826745e-01 
1.987500e-01 	3.760000e-06 	3.333329e-06 	1.218991e+00 	3.242151e-06 	1.479485e+00 
1.990500e-01 	2.740000e-06 	3.318660e-06 	-1.628467e+00 	3.228779e-06 	-1.375524e+00 
1.993500e-01 	3.150000e-06 	3.304020e-06 	-4.373450e-01 	3.215393e-06 	-1.856851e-01 
1.996500e-01 	3.750000e-06 	3.289377e-06 	1.308403e+00 	3.202071e-06 	1.556395e+00 
1.999500e-01 	2.240000e-06 	3.274723e-06 	-2.960582e+00 	3.188675e-06 	-2.714376e+00 
