#q 	 Iexp 	 Ifit_avg 	 Residuals_avg 	 Ifit_weightedavg 	 Residuals_weightedavg 
5.698000e-03 	5.221900e-04 	5.350300e-04 	-8.084395e-02 	5.350541e-04 	-8.099554e-02 
5.998000e-03 	5.292800e-04 	5.334981e-04 	-3.107804e-02 	5.336013e-04 	-3.183851e-02 
6.298000e-03 	5.042800e-04 	5.319640e-04 	-3.183670e-01 	5.321463e-04 	-3.204641e-01 
6.598000e-03 	5.179700e-04 	5.304274e-04 	-1.969128e-01 	5.306891e-04 	-2.010494e-01 
6.897000e-03 	5.063400e-04 	5.288872e-04 	-3.926295e-01 	5.292284e-04 	-3.985714e-01 
7.197000e-03 	5.285600e-04 	5.273421e-04 	2.672025e-02 	5.277632e-04 	1.748116e-02 
7.497000e-03 	5.243600e-04 	5.257909e-04 	-3.543573e-02 	5.262923e-04 	-4.785308e-02 
7.797000e-03 	5.105600e-04 	5.242323e-04 	-4.026763e-01 	5.248145e-04 	-4.198204e-01 
8.097000e-03 	5.382500e-04 	5.226653e-04 	5.386576e-01 	5.233287e-04 	5.157284e-01 
8.397000e-03 	5.149500e-04 	5.210885e-04 	-2.463677e-01 	5.218338e-04 	-2.762814e-01 
8.697000e-03 	5.136500e-04 	5.195006e-04 	-2.621624e-01 	5.203285e-04 	-2.992596e-01 
8.997000e-03 	5.285300e-04 	5.179006e-04 	5.252472e-01 	5.188119e-04 	4.802158e-01 
9.297000e-03 	5.046100e-04 	5.162872e-04 	-6.851179e-01 	5.172827e-04 	-7.435260e-01 
9.596000e-03 	5.130300e-04 	5.146591e-04 	-1.074952e-01 	5.157397e-04 	-1.787999e-01 
9.896000e-03 	5.249600e-04 	5.130152e-04 	8.626756e-01 	5.141820e-04 	7.784075e-01 
1.019600e-02 	5.235800e-04 	5.113541e-04 	9.243711e-01 	5.126081e-04 	8.295564e-01 
1.049600e-02 	5.284800e-04 	5.096748e-04 	1.509988e+00 	5.110172e-04 	1.402194e+00 
1.079600e-02 	5.218500e-04 	5.079760e-04 	1.183317e+00 	5.094080e-04 	1.061175e+00 
1.109600e-02 	5.175400e-04 	5.062564e-04 	1.055971e+00 	5.077795e-04 	9.134348e-01 
1.139600e-02 	5.091700e-04 	5.045148e-04 	5.005124e-01 	5.061302e-04 	3.268270e-01 
1.169600e-02 	5.117800e-04 	5.027501e-04 	1.024577e+00 	5.044594e-04 	8.306389e-01 
1.199600e-02 	5.085200e-04 	5.009610e-04 	9.009087e-01 	5.027656e-04 	6.858286e-01 
1.229500e-02 	5.081700e-04 	4.991463e-04 	1.166831e+00 	5.010479e-04 	9.209379e-01 
1.259500e-02 	5.019100e-04 	4.973047e-04 	5.932606e-01 	4.993050e-04 	3.355761e-01 
1.289500e-02 	5.037000e-04 	4.954351e-04 	1.132981e+00 	4.975359e-04 	8.449920e-01 
1.319500e-02 	5.011100e-04 	4.935362e-04 	1.069677e+00 	4.957394e-04 	7.585147e-01 
1.349500e-02 	5.135700e-04 	4.916068e-04 	3.453040e+00 	4.939143e-04 	3.090264e+00 
1.379500e-02 	4.990500e-04 	4.896458e-04 	1.486164e+00 	4.920596e-04 	1.104705e+00 
1.409500e-02 	4.931400e-04 	4.876520e-04 	8.895269e-01 	4.901741e-04 	4.807335e-01 
1.439500e-02 	4.959700e-04 	4.856241e-04 	1.808931e+00 	4.882567e-04 	1.348638e+00 
1.469500e-02 	4.973100e-04 	4.835616e-04 	2.527330e+00 	4.863066e-04 	2.022712e+00 
1.499400e-02 	4.946000e-04 	4.814633e-04 	2.301785e+00 	4.843230e-04 	1.800709e+00 
1.529400e-02 	4.872100e-04 	4.793286e-04 	1.372828e+00 	4.823051e-04 	8.543626e-01 
1.559400e-02 	4.867600e-04 	4.771571e-04 	1.779526e+00 	4.802522e-04 	1.205963e+00 
1.589400e-02 	4.779400e-04 	4.749483e-04 	5.501947e-01 	4.781640e-04 	-4.120378e-02 
1.619400e-02 	4.806800e-04 	4.727019e-04 	1.472535e+00 	4.760400e-04 	8.564190e-01 
1.649400e-02 	4.755100e-04 	4.704180e-04 	9.465676e-01 	4.738800e-04 	3.030101e-01 
1.679400e-02 	4.720000e-04 	4.680968e-04 	7.661097e-01 	4.716841e-04 	6.199427e-02 
1.709400e-02 	4.754100e-04 	4.657385e-04 	1.910202e+00 	4.694524e-04 	1.176662e+00 
1.739400e-02 	4.695500e-04 	4.633433e-04 	1.221083e+00 	4.671851e-04 	4.652563e-01 
1.769300e-02 	4.715400e-04 	4.609120e-04 	2.185502e+00 	4.648826e-04 	1.368999e+00 
1.799300e-02 	4.644300e-04 	4.584456e-04 	1.232998e+00 	4.625458e-04 	3.882099e-01 
1.829300e-02 	4.718800e-04 	4.559448e-04 	3.453456e+00 	4.601753e-04 	2.536626e+00 
1.859300e-02 	4.631800e-04 	4.534106e-04 	2.070376e+00 	4.577719e-04 	1.146111e+00 
1.889300e-02 	4.569400e-04 	4.508439e-04 	1.329335e+00 	4.553363e-04 	3.497012e-01 
1.919300e-02 	4.529200e-04 	4.482459e-04 	9.940626e-01 	4.528696e-04 	1.071332e-02 
1.949300e-02 	4.593100e-04 	4.456178e-04 	3.052373e+00 	4.503731e-04 	1.992284e+00 
1.979300e-02 	4.415900e-04 	4.429610e-04 	-3.148520e-01 	4.478479e-04 	-1.437093e+00 
2.009300e-02 	4.422000e-04 	4.402770e-04 	4.318915e-01 	4.452953e-04 	-6.951758e-01 
2.039200e-02 	4.462400e-04 	4.375668e-04 	2.014688e+00 	4.427163e-04 	8.185106e-01 
2.069200e-02 	4.423700e-04 	4.348320e-04 	1.788732e+00 	4.401125e-04 	5.357032e-01 
2.099200e-02 	4.390500e-04 	4.320737e-04 	1.730931e+00 	4.374847e-04 	3.883772e-01 
2.129200e-02 	4.368000e-04 	4.292933e-04 	1.927595e+00 	4.348344e-04 	5.047297e-01 
2.159200e-02 	4.266900e-04 	4.264922e-04 	5.239365e-02 	4.321627e-04 	-1.449742e+00 
2.189200e-02 	4.284800e-04 	4.236716e-04 	1.278702e+00 	4.294707e-04 	-2.634618e-01 
2.219200e-02 	4.269000e-04 	4.208327e-04 	1.624432e+00 	4.267598e-04 	3.753160e-02 
2.249200e-02 	4.234200e-04 	4.179770e-04 	1.488057e+00 	4.240312e-04 	-1.670928e-01 
2.279200e-02 	4.150100e-04 	4.151056e-04 	-2.690107e-02 	4.212858e-04 	-1.765986e+00 
2.309100e-02 	4.200700e-04 	4.122198e-04 	2.150928e+00 	4.185250e-04 	4.233252e-01 
2.339100e-02 	4.084400e-04 	4.093207e-04 	-2.373160e-01 	4.157498e-04 	-1.969679e+00 
2.369100e-02 	4.042200e-04 	4.064095e-04 	-6.060292e-01 	4.129613e-04 	-2.419447e+00 
2.399100e-02 	4.115400e-04 	4.034874e-04 	2.192671e+00 	4.101606e-04 	3.756105e-01 
2.429100e-02 	4.076600e-04 	4.005555e-04 	1.962602e+00 	4.073488e-04 	8.595602e-02 
2.459100e-02 	4.012400e-04 	3.976149e-04 	1.024910e+00 	4.045269e-04 	-9.293158e-01 
2.489100e-02 	4.011200e-04 	3.946667e-04 	1.839979e+00 	4.016960e-04 	-1.642407e-01 
2.519100e-02 	3.947000e-04 	3.917118e-04 	8.509520e-01 	3.988570e-04 	-1.183770e+00 
2.549100e-02 	3.931300e-04 	3.887511e-04 	1.195396e+00 	3.960107e-04 	-7.864138e-01 
2.579000e-02 	3.926600e-04 	3.857857e-04 	1.953619e+00 	3.931583e-04 	-1.416236e-01 
2.609000e-02 	3.911800e-04 	3.828166e-04 	2.413579e+00 	3.903006e-04 	2.537729e-01 
2.639000e-02 	3.843300e-04 	3.798447e-04 	1.291134e+00 	3.874386e-04 	-8.948222e-01 
2.669000e-02 	3.832400e-04 	3.768708e-04 	1.828609e+00 	3.845731e-04 	-3.827269e-01 
2.699000e-02 	3.819800e-04 	3.738957e-04 	2.310745e+00 	3.817047e-04 	7.867639e-02 
2.729000e-02 	3.796600e-04 	3.709201e-04 	2.626265e+00 	3.788344e-04 	2.480767e-01 
2.759000e-02 	3.707200e-04 	3.679449e-04 	8.100839e-01 	3.759628e-04 	-1.530450e+00 
2.789000e-02 	3.773800e-04 	3.649708e-04 	3.757693e+00 	3.730907e-04 	1.298856e+00 
2.818900e-02 	3.690600e-04 	3.619985e-04 	2.124105e+00 	3.702188e-04 	-3.485739e-01 
2.848900e-02 	3.661200e-04 	3.590288e-04 	2.262851e+00 	3.673480e-04 	-3.918727e-01 
2.878900e-02 	3.674100e-04 	3.560623e-04 	3.604582e+00 	3.644789e-04 	9.310699e-01 
2.908900e-02 	3.618100e-04 	3.530998e-04 	2.799771e+00 	3.616119e-04 	6.367254e-02 
2.938900e-02 	3.617600e-04 	3.501417e-04 	3.795862e+00 	3.587479e-04 	9.841011e-01 
2.968900e-02 	3.592200e-04 	3.471886e-04 	3.982130e+00 	3.558872e-04 	1.103069e+00 
2.998900e-02 	3.547600e-04 	3.442409e-04 	3.463571e+00 	3.530304e-04 	5.695090e-01 
3.028900e-02 	3.538000e-04 	3.412994e-04 	4.209116e+00 	3.501780e-04 	1.219585e+00 
3.058900e-02 	3.482300e-04 	3.383643e-04 	3.327596e+00 	3.473304e-04 	3.034280e-01 
3.088800e-02 	3.403900e-04 	3.354363e-04 	1.659093e+00 	3.444883e-04 	-1.372608e+00 
3.118800e-02 	3.340400e-04 	3.325159e-04 	5.318437e-01 	3.416520e-04 	-2.656242e+00 
3.148800e-02 	3.403400e-04 	3.296037e-04 	3.770642e+00 	3.388224e-04 	5.329895e-01 
3.178800e-02 	3.362800e-04 	3.266998e-04 	3.388244e+00 	3.359995e-04 	9.920370e-02 
3.208800e-02 	3.363600e-04 	3.238052e-04 	4.531137e+00 	3.331841e-04 	1.146217e+00 
3.238800e-02 	3.368100e-04 	3.209197e-04 	5.658096e+00 	3.303762e-04 	2.290894e+00 
3.268800e-02 	3.265500e-04 	3.180440e-04 	3.119879e+00 	3.275764e-04 	-3.764838e-01 
3.298800e-02 	3.217100e-04 	3.151785e-04 	2.368455e+00 	3.247851e-04 	-1.115075e+00 
3.328700e-02 	3.173000e-04 	3.123233e-04 	1.838597e+00 	3.220024e-04 	-1.737248e+00 
3.358700e-02 	3.214300e-04 	3.094788e-04 	4.311615e+00 	3.192287e-04 	7.941468e-01 
3.388700e-02 	3.179300e-04 	3.066456e-04 	4.114870e+00 	3.164645e-04 	5.343824e-01 
3.418700e-02 	3.107100e-04 	3.038237e-04 	2.546997e+00 	3.137100e-04 	-1.109572e+00 
3.448700e-02 	3.091900e-04 	3.010135e-04 	3.020218e+00 	3.109655e-04 	-6.558281e-01 
3.478700e-02 	3.076900e-04 	2.982155e-04 	3.543303e+00 	3.082313e-04 	-2.024530e-01 
3.508700e-02 	3.073300e-04 	2.954297e-04 	4.419707e+00 	3.055077e-04 	6.767760e-01 
3.538700e-02 	3.052100e-04 	2.926566e-04 	4.737881e+00 	3.027951e-04 	9.114284e-01 
3.568600e-02 	2.964000e-04 	2.898964e-04 	2.498607e+00 	3.000937e-04 	-1.419062e+00 
3.598600e-02 	2.946800e-04 	2.871495e-04 	2.847102e+00 	2.974038e-04 	-1.029790e+00 
3.628600e-02 	2.911800e-04 	2.844161e-04 	2.595724e+00 	2.947257e-04 	-1.360704e+00 
3.658600e-02 	2.826000e-04 	2.816965e-04 	2.217909e-01 	2.920598e-04 	-2.322182e+00 
3.688600e-02 	2.871000e-04 	2.789911e-04 	3.119084e+00 	2.894062e-04 	-8.870705e-01 
3.718600e-02 	2.909400e-04 	2.763000e-04 	5.684066e+00 	2.867653e-04 	1.620862e+00 
3.748600e-02 	2.845700e-04 	2.736234e-04 	4.273467e+00 	2.841371e-04 	1.689849e-01 
3.778600e-02 	2.805700e-04 	2.709616e-04 	3.799987e+00 	2.815221e-04 	-3.765402e-01 
3.808500e-02 	2.814100e-04 	2.683148e-04 	5.173699e+00 	2.789204e-04 	9.836062e-01 
3.838500e-02 	2.762000e-04 	2.656832e-04 	4.257727e+00 	2.763322e-04 	-5.353000e-02 
3.868500e-02 	2.716100e-04 	2.630671e-04 	3.511274e+00 	2.737578e-04 	-8.827958e-01 
3.898500e-02 	2.728100e-04 	2.604666e-04 	5.004545e+00 	2.711974e-04 	6.538195e-01 
3.928500e-02 	2.688000e-04 	2.578820e-04 	4.430330e+00 	2.686512e-04 	6.037298e-02 
3.958500e-02 	2.661600e-04 	2.553136e-04 	4.363877e+00 	2.661195e-04 	1.630461e-02 
3.988500e-02 	2.653600e-04 	2.527614e-04 	5.145065e+00 	2.636024e-04 	7.177821e-01 
4.018500e-02 	2.601600e-04 	2.502258e-04 	4.045838e+00 	2.611003e-04 	-3.829441e-01 
4.048500e-02 	2.568600e-04 	2.477069e-04 	3.736368e+00 	2.586132e-04 	-7.156563e-01 
4.078400e-02 	2.554200e-04 	2.452048e-04 	4.207824e+00 	2.561412e-04 	-2.970901e-01 
4.108400e-02 	2.531500e-04 	2.427195e-04 	4.304547e+00 	2.536846e-04 	-2.206206e-01 
4.138400e-02 	2.544800e-04 	2.402515e-04 	5.914675e+00 	2.512435e-04 	1.345379e+00 
4.168400e-02 	2.505400e-04 	2.378006e-04 	5.354329e+00 	2.488181e-04 	7.237017e-01 
4.198400e-02 	2.485000e-04 	2.353671e-04 	5.569314e+00 	2.464084e-04 	8.869882e-01 
4.228400e-02 	2.489300e-04 	2.329510e-04 	6.648902e+00 	2.440147e-04 	2.045283e+00 
4.258400e-02 	2.439300e-04 	2.305526e-04 	5.690362e+00 	2.416370e-04 	9.753748e-01 
4.288400e-02 	2.375700e-04 	2.281719e-04 	3.962718e+00 	2.392755e-04 	-7.191329e-01 
4.318300e-02 	2.397800e-04 	2.258091e-04 	5.756916e+00 	2.369303e-04 	1.174254e+00 
4.348300e-02 	2.327200e-04 	2.234642e-04 	3.824344e+00 	2.346016e-04 	-7.774605e-01 
4.378300e-02 	2.308800e-04 	2.211373e-04 	3.956443e+00 	2.322894e-04 	-5.723652e-01 
4.408300e-02 	2.285000e-04 	2.188286e-04 	4.034622e+00 	2.299940e-04 	-6.232353e-01 
4.438300e-02 	2.282700e-04 	2.165381e-04 	4.755125e+00 	2.277152e-04 	2.248762e-01 
4.468300e-02 	2.221400e-04 	2.142658e-04 	3.108694e+00 	2.254533e-04 	-1.308098e+00 
4.498300e-02 	2.251600e-04 	2.120120e-04 	5.333418e+00 	2.232085e-04 	7.916310e-01 
4.528200e-02 	2.208000e-04 	2.097766e-04 	4.401679e+00 	2.209807e-04 	-7.213691e-02 
4.558200e-02 	2.172100e-04 	2.075596e-04 	3.941232e+00 	2.187699e-04 	-6.370582e-01 
4.588200e-02 	2.178500e-04 	2.053611e-04 	5.039552e+00 	2.165763e-04 	5.139735e-01 
4.618200e-02 	2.143600e-04 	2.031813e-04 	4.528795e+00 	2.144001e-04 	-1.623186e-02 
4.648200e-02 	2.130300e-04 	2.010202e-04 	4.930474e+00 	2.122411e-04 	3.238584e-01 
4.678200e-02 	2.132000e-04 	1.988777e-04 	5.711637e+00 	2.100996e-04 	1.236420e+00 
4.708200e-02 	2.089300e-04 	1.967539e-04 	4.900903e+00 	2.079755e-04 	3.841728e-01 
4.738200e-02 	2.095100e-04 	1.946489e-04 	6.028163e+00 	2.058689e-04 	1.476939e+00 
4.768100e-02 	2.045600e-04 	1.925626e-04 	4.734005e+00 	2.037798e-04 	3.078432e-01 
4.798100e-02 	1.970900e-04 	1.904949e-04 	2.674018e+00 	2.017082e-04 	-1.872457e+00 
4.828100e-02 	1.946500e-04 	1.884459e-04 	2.481940e+00 	1.996539e-04 	-2.001814e+00 
4.858100e-02 	1.939500e-04 	1.864154e-04 	3.062494e+00 	1.976172e-04 	-1.490544e+00 
4.888100e-02 	1.920600e-04 	1.844037e-04 	3.153974e+00 	1.955980e-04 	-1.457464e+00 
4.918100e-02 	1.982700e-04 	1.824106e-04 	6.197998e+00 	1.935963e-04 	1.826541e+00 
4.948100e-02 	1.915900e-04 	1.804361e-04 	4.516933e+00 	1.916121e-04 	-8.932314e-03 
4.978100e-02 	1.889700e-04 	1.784801e-04 	4.215083e+00 	1.896453e-04 	-2.713486e-01 
5.008000e-02 	1.877600e-04 	1.765428e-04 	4.801758e+00 	1.876962e-04 	2.730764e-02 
5.038000e-02 	1.845700e-04 	1.746241e-04 	4.191953e+00 	1.857646e-04 	-5.035105e-01 
5.068000e-02 	1.815500e-04 	1.727239e-04 	3.714335e+00 	1.838506e-04 	-9.681639e-01 
5.098000e-02 	1.792500e-04 	1.708423e-04 	3.429003e+00 	1.819542e-04 	-1.102868e+00 
5.128000e-02 	1.785000e-04 	1.689793e-04 	3.980891e+00 	1.800753e-04 	-6.586662e-01 
5.158000e-02 	1.802300e-04 	1.671348e-04 	5.574898e+00 	1.782140e-04 	8.582627e-01 
5.188000e-02 	1.768200e-04 	1.653089e-04 	4.889292e+00 	1.763703e-04 	1.910064e-01 
5.217900e-02 	1.769200e-04 	1.635012e-04 	5.697015e+00 	1.745440e-04 	1.008755e+00 
5.247900e-02 	1.730500e-04 	1.617119e-04 	4.769698e+00 	1.727351e-04 	1.324743e-01 
5.277900e-02 	1.711500e-04 	1.599407e-04 	4.808802e+00 	1.709436e-04 	8.856577e-02 
5.307900e-02 	1.716500e-04 	1.581878e-04 	5.763560e+00 	1.691693e-04 	1.062076e+00 
5.337900e-02 	1.681400e-04 	1.564528e-04 	4.855436e+00 	1.674121e-04 	3.023902e-01 
5.367900e-02 	1.703400e-04 	1.547357e-04 	6.459946e+00 	1.656721e-04 	1.932438e+00 
5.397900e-02 	1.638700e-04 	1.530366e-04 	4.664406e+00 	1.639492e-04 	-3.409401e-02 
5.427900e-02 	1.614600e-04 	1.513552e-04 	4.375330e+00 	1.622432e-04 	-3.391381e-01 
5.457800e-02 	1.576800e-04 	1.496915e-04 	3.373915e+00 	1.605542e-04 	-1.213919e+00 
5.487800e-02 	1.593600e-04 	1.480453e-04 	4.833289e+00 	1.588820e-04 	2.042033e-01 
5.517800e-02 	1.580100e-04 	1.464167e-04 	5.056302e+00 	1.572265e-04 	3.417353e-01 
5.547800e-02 	1.572100e-04 	1.448056e-04 	5.350242e+00 	1.555878e-04 	6.997025e-01 
5.577800e-02 	1.566900e-04 	1.432117e-04 	5.845566e+00 	1.539655e-04 	1.181603e+00 
5.607800e-02 	1.541900e-04 	1.416351e-04 	5.371618e+00 	1.523600e-04 	7.829694e-01 
5.637800e-02 	1.506900e-04 	1.400757e-04 	4.555649e+00 	1.507709e-04 	-3.474193e-02 
5.667700e-02 	1.494200e-04 	1.385333e-04 	4.759545e+00 	1.491982e-04 	9.697252e-02 
5.697700e-02 	1.557800e-04 	1.370081e-04 	8.284023e+00 	1.476420e-04 	3.591304e+00 
5.727700e-02 	1.478300e-04 	1.354997e-04 	5.384280e+00 	1.461020e-04 	7.545753e-01 
5.757700e-02 	1.433300e-04 	1.340081e-04 	3.996360e+00 	1.445782e-04 	-5.351017e-01 
5.787700e-02 	1.452200e-04 	1.325334e-04 	5.565101e+00 	1.430706e-04 	9.428429e-01 
5.817700e-02 	1.433400e-04 	1.310753e-04 	5.424149e+00 	1.415790e-04 	7.788046e-01 
5.847700e-02 	1.405800e-04 	1.296337e-04 	4.804557e+00 	1.401034e-04 	2.091739e-01 
5.877600e-02 	1.391500e-04 	1.282084e-04 	4.799658e+00 	1.386435e-04 	2.221665e-01 
5.907600e-02 	1.386000e-04 	1.267994e-04 	5.112531e+00 	1.371994e-04 	6.068123e-01 
5.937600e-02 	1.333600e-04 	1.254065e-04 	3.515913e+00 	1.357707e-04 	-1.065652e+00 
5.967600e-02 	1.353000e-04 	1.240294e-04 	4.899985e+00 	1.343573e-04 	4.098465e-01 
5.997600e-02 	1.365000e-04 	1.226683e-04 	6.125482e+00 	1.329593e-04 	1.568009e+00 
6.027600e-02 	1.308100e-04 	1.213227e-04 	4.267645e+00 	1.315765e-04 	-3.447808e-01 
6.057600e-02 	1.298900e-04 	1.199928e-04 	4.458337e+00 	1.302087e-04 	-1.435496e-01 
6.087500e-02 	1.290700e-04 	1.186782e-04 	4.572931e+00 	1.288556e-04 	9.432801e-02 
6.117500e-02 	1.293400e-04 	1.173789e-04 	5.268384e+00 	1.275174e-04 	8.027810e-01 
6.147500e-02 	1.268400e-04 	1.160948e-04 	4.874433e+00 	1.261939e-04 	2.931027e-01 
6.177500e-02 	1.267000e-04 	1.148257e-04 	5.315481e+00 	1.248848e-04 	8.125434e-01 
6.207500e-02 	1.221800e-04 	1.135714e-04 	3.895511e+00 	1.235902e-04 	-6.381356e-01 
6.237500e-02 	1.215000e-04 	1.123320e-04 	4.241070e+00 	1.223099e-04 	-3.746614e-01 
6.267500e-02 	1.262400e-04 	1.111072e-04 	6.751418e+00 	1.210438e-04 	2.318274e+00 
6.297400e-02 	1.236300e-04 	1.098970e-04 	6.200380e+00 	1.197917e-04 	1.732978e+00 
6.327400e-02 	1.189300e-04 	1.087013e-04 	4.751497e+00 	1.185536e-04 	1.748290e-01 
6.357400e-02 	1.209600e-04 	1.075198e-04 	6.187457e+00 	1.173294e-04 	1.671437e+00 
6.387400e-02 	1.160800e-04 	1.063526e-04 	4.413432e+00 	1.161189e-04 	-1.765699e-02 
6.417400e-02 	1.163400e-04 	1.051994e-04 	5.293886e+00 	1.149219e-04 	6.738545e-01 
6.447400e-02 	1.140700e-04 	1.040601e-04 	4.573091e+00 	1.137385e-04 	1.514470e-01 
6.477400e-02 	1.118500e-04 	1.029345e-04 	4.200045e+00 	1.125683e-04 	-3.384004e-01 
6.507300e-02 	1.122000e-04 	1.018226e-04 	4.834551e+00 	1.114114e-04 	3.673939e-01 
6.537300e-02 	1.090600e-04 	1.007243e-04 	3.991674e+00 	1.102675e-04 	-5.782403e-01 
6.567300e-02 	1.133100e-04 	9.963925e-05 	6.191901e+00 	1.091367e-04 	1.890232e+00 
6.597300e-02 	1.066800e-04 	9.856755e-05 	3.817903e+00 	1.080186e-04 	-6.299702e-01 
6.627300e-02 	1.103600e-04 	9.750889e-05 	6.060510e+00 	1.069132e-04 	1.625482e+00 
6.657300e-02 	1.102500e-04 	9.646326e-05 	6.374562e+00 	1.058204e-04 	2.048105e+00 
6.687200e-02 	1.076000e-04 	9.543049e-05 	5.654600e+00 	1.047401e-04 	1.328869e+00 
6.717200e-02 	1.073800e-04 	9.441047e-05 	6.066283e+00 	1.036721e-04 	1.734313e+00 
6.747200e-02 	1.062000e-04 	9.340310e-05 	5.998696e+00 	1.026163e-04 	1.679882e+00 
6.777200e-02 	1.047300e-04 	9.240815e-05 	6.021916e+00 	1.015727e-04 	1.543045e+00 
6.807200e-02 	1.000600e-04 	9.142565e-05 	4.182450e+00 	1.005410e-04 	-2.330190e-01 
6.837200e-02 	1.061400e-04 	9.045544e-05 	7.538786e+00 	9.952130e-05 	3.181281e+00 
6.867200e-02 	9.964000e-05 	8.949740e-05 	4.754586e+00 	9.851338e-05 	5.281289e-01 
6.897100e-02 	1.039700e-04 	8.855149e-05 	7.478908e+00 	9.751724e-05 	3.129981e+00 
6.927100e-02 	1.026300e-04 	8.761751e-05 	7.278208e+00 	9.653265e-05 	2.956059e+00 
6.957100e-02 	9.815000e-05 	8.669533e-05 	5.674493e+00 	9.555947e-05 	1.283316e+00 
6.987100e-02 	9.918000e-05 	8.578498e-05 	6.493210e+00 	9.459781e-05 	2.221205e+00 
7.017100e-02 	9.595000e-05 	8.488628e-05 	5.413723e+00 	9.364744e-05 	1.126691e+00 
7.047100e-02 	9.921000e-05 	8.399912e-05 	7.236835e+00 	9.270829e-05 	3.093298e+00 
7.077000e-02 	9.660000e-05 	8.312339e-05 	6.419074e+00 	9.178021e-05 	2.295726e+00 
7.107000e-02 	8.902000e-05 	8.225890e-05 	3.291666e+00 	9.086309e-05 	-8.973152e-01 
7.137000e-02 	8.910000e-05 	8.140570e-05 	3.644741e+00 	8.995687e-05 	-4.058931e-01 
7.167000e-02 	9.218000e-05 	8.056352e-05 	5.753390e+00 	8.906139e-05 	1.544578e+00 
7.197000e-02 	9.057000e-05 	7.973223e-05 	5.336149e+00 	8.817648e-05 	1.178489e+00 
7.227000e-02 	8.792000e-05 	7.891183e-05 	4.467920e+00 	8.730212e-05 	3.064583e-01 
7.257000e-02 	8.739000e-05 	7.810214e-05 	4.644787e+00 	8.643814e-05 	4.760171e-01 
7.286900e-02 	9.081000e-05 	7.730296e-05 	6.564999e+00 	8.558432e-05 	2.539906e+00 
7.316900e-02 	8.722000e-05 	7.651433e-05 	5.285110e+00 	8.474081e-05 	1.223910e+00 
7.346900e-02 	8.366000e-05 	7.573600e-05 	4.000517e+00 	8.390725e-05 	-1.248293e-01 
7.376900e-02 	8.153000e-05 	7.496780e-05 	3.320914e+00 	8.308353e-05 	-7.861894e-01 
7.406900e-02 	8.647000e-05 	7.420979e-05 	6.144896e+00 	8.226969e-05 	2.105221e+00 
7.436900e-02 	8.316000e-05 	7.346178e-05 	4.634902e+00 	8.146550e-05 	8.098236e-01 
7.466800e-02 	8.234000e-05 	7.272355e-05 	4.683514e+00 	8.067085e-05 	8.129303e-01 
7.496800e-02 	8.350000e-05 	7.199504e-05 	5.712352e+00 	7.988553e-05 	1.794627e+00 
7.526800e-02 	7.984000e-05 	7.127624e-05 	3.953916e+00 	7.910976e-05 	3.371543e-01 
7.556800e-02 	7.948000e-05 	7.056692e-05 	4.748091e+00 	7.834312e-05 	6.056282e-01 
7.586800e-02 	7.855000e-05 	6.986705e-05 	4.231220e+00 	7.758565e-05 	4.699284e-01 
7.616800e-02 	7.595000e-05 	6.917645e-05 	3.428951e+00 	7.683720e-05 	-4.491225e-01 
7.646700e-02 	7.932000e-05 	6.849507e-05 	5.308188e+00 	7.609761e-05 	1.580151e+00 
7.676700e-02 	7.594000e-05 	6.782283e-05 	4.107915e+00 	7.536701e-05 	2.899781e-01 
7.706700e-02 	7.867000e-05 	6.715953e-05 	5.657798e+00 	7.464508e-05 	1.978389e+00 
7.736700e-02 	7.996000e-05 	6.650507e-05 	6.573028e+00 	7.393171e-05 	2.944952e+00 
7.766700e-02 	7.523000e-05 	6.585943e-05 	4.855077e+00 	7.322689e-05 	1.037850e+00 
7.796700e-02 	7.640000e-05 	6.522241e-05 	5.349293e+00 	7.253045e-05 	1.851860e+00 
7.826600e-02 	7.357000e-05 	6.459405e-05 	4.571308e+00 	7.184246e-05 	8.798072e-01 
7.856600e-02 	7.531000e-05 	6.397414e-05 	5.623135e+00 	7.116274e-05 	2.057240e+00 
7.886600e-02 	7.279000e-05 	6.336269e-05 	4.471132e+00 	7.049117e-05 	1.090276e+00 
7.916600e-02 	7.430000e-05 	6.275946e-05 	5.521779e+00 	6.982762e-05 	2.139890e+00 
7.946600e-02 	7.232000e-05 	6.216450e-05 	4.773597e+00 	6.917218e-05 	1.479632e+00 
7.976600e-02 	7.443000e-05 	6.157769e-05 	6.134425e+00 	6.852466e-05 	2.818626e+00 
8.006500e-02 	6.903000e-05 	6.099891e-05 	3.795502e+00 	6.788500e-05 	5.411288e-01 
8.036500e-02 	6.761000e-05 	6.042809e-05 	3.405247e+00 	6.725308e-05 	1.692310e-01 
8.066500e-02 	7.019000e-05 	5.986508e-05 	4.870528e+00 	6.662879e-05 	1.679915e+00 
8.096500e-02 	6.692000e-05 	5.930989e-05 	3.269945e+00 	6.601215e-05 	3.900880e-01 
8.126500e-02 	6.819000e-05 	5.876236e-05 	4.048634e+00 	6.540300e-05 	1.196857e+00 
8.156500e-02 	7.099000e-05 	5.822236e-05 	5.748731e+00 	6.480123e-05 	2.786543e+00 
8.186400e-02 	6.684000e-05 	5.768979e-05 	4.049288e+00 	6.420666e-05 	1.165345e+00 
8.216400e-02 	6.865000e-05 	5.716475e-05 	5.029472e+00 	6.361954e-05 	2.202874e+00 
8.246400e-02 	6.687000e-05 	5.664692e-05 	4.592945e+00 	6.303948e-05 	1.720947e+00 
8.276400e-02 	6.657000e-05 	5.613630e-05 	4.745438e+00 	6.246649e-05 	1.866352e+00 
8.306400e-02 	6.012000e-05 	5.563275e-05 	2.141486e+00 	6.190045e-05 	-8.496971e-01 
8.336400e-02 	6.367000e-05 	5.513628e-05 	3.850797e+00 	6.134130e-05 	1.050811e+00 
8.366300e-02 	6.132000e-05 	5.464665e-05 	3.028038e+00 	6.078894e-05 	2.409670e-01 
8.396300e-02 	6.450000e-05 	5.416385e-05 	4.488096e+00 	6.024333e-05 	1.848305e+00 
8.426300e-02 	6.591000e-05 	5.368782e-05 	5.914135e+00 	5.970430e-05 	3.002849e+00 
8.456300e-02 	6.303000e-05 	5.321837e-05 	4.726039e+00 	5.917183e-05 	1.858391e+00 
8.486300e-02 	6.346000e-05 	5.275543e-05 	4.978880e+00 	5.864575e-05 	2.239190e+00 
8.516300e-02 	6.131000e-05 	5.229898e-05 	4.165920e+00 	5.812603e-05 	1.471992e+00 
8.546200e-02 	5.654000e-05 	5.184887e-05 	2.399151e+00 	5.761265e-05 	-5.485790e-01 
8.576200e-02 	5.935000e-05 	5.140499e-05 	3.912509e+00 	5.710539e-05 	1.105353e+00 
8.606200e-02 	5.803000e-05 	5.096731e-05 	3.496347e+00 	5.660429e-05 	7.057919e-01 
8.636200e-02 	5.792000e-05 	5.053569e-05 	3.782952e+00 	5.610921e-05 	9.276604e-01 
8.666200e-02 	6.181000e-05 	5.011017e-05 	5.840459e+00 	5.562014e-05 	3.089925e+00 
8.696100e-02 	6.105000e-05 	4.969048e-05 	5.803198e+00 	5.513694e-05 	3.020783e+00 
8.726100e-02 	5.905000e-05 	4.927674e-05 	5.187064e+00 	5.465957e-05 	2.330180e+00 
8.756100e-02 	5.484000e-05 	4.886882e-05 	3.206089e+00 	5.418808e-05 	3.500314e-01 
8.786100e-02 	5.531000e-05 	4.846663e-05 	3.620602e+00 	5.372225e-05 	8.400261e-01 
8.816100e-02 	5.600000e-05 	4.807007e-05 	4.063901e+00 	5.326208e-05 	1.403118e+00 
8.846100e-02 	5.751000e-05 	4.767918e-05 	5.037912e+00 	5.280751e-05 	2.409843e+00 
8.876000e-02 	5.624000e-05 	4.729378e-05 	4.681907e+00 	5.235848e-05 	2.031349e+00 
8.906000e-02 	5.643000e-05 	4.691382e-05 	5.014654e+00 	5.191496e-05 	2.379252e+00 
8.936000e-02 	5.412000e-05 	4.653927e-05 	3.864924e+00 	5.147679e-05 	1.347600e+00 
8.966000e-02 	5.638000e-05 	4.617011e-05 	5.243686e+00 	5.104414e-05 	2.740440e+00 
8.996000e-02 	5.470000e-05 	4.580619e-05 	4.875210e+00 	5.061667e-05 	2.238309e+00 
9.025900e-02 	5.201000e-05 	4.544741e-05 	3.565454e+00 	5.019444e-05 	9.863910e-01 
9.055900e-02 	5.130000e-05 	4.509381e-05 	3.431865e+00 	4.977747e-05 	8.419213e-01 
9.085900e-02 	5.198000e-05 	4.474525e-05 	3.772822e+00 	4.936559e-05 	1.363379e+00 
9.115900e-02 	5.157000e-05 	4.440158e-05 	3.781423e+00 	4.895869e-05 	1.377497e+00 
9.145900e-02 	4.967000e-05 	4.406292e-05 	2.916804e+00 	4.855678e-05 	5.790954e-01 
9.175900e-02 	4.957000e-05 	4.372904e-05 	3.175867e+00 	4.815984e-05 	7.667367e-01 
9.205800e-02 	5.234000e-05 	4.339991e-05 	4.757596e+00 	4.776772e-05 	2.433202e+00 
9.235800e-02 	5.044000e-05 	4.307552e-05 	3.809255e+00 	4.738049e-05 	1.582526e+00 
9.265800e-02 	4.646000e-05 	4.275574e-05 	1.974151e+00 	4.699788e-05 	-2.866603e-01 
9.295800e-02 	4.688000e-05 	4.244054e-05 	2.499759e+00 	4.662008e-05 	1.463573e-01 
9.325800e-02 	5.158000e-05 	4.212983e-05 	4.875410e+00 	4.624684e-05 	2.751414e+00 
9.355700e-02 	4.713000e-05 	4.182350e-05 	3.007769e+00 	4.587808e-05 	7.096000e-01 
9.385700e-02 	4.613000e-05 	4.152153e-05 	2.433108e+00 	4.551386e-05 	3.252981e-01 
9.415700e-02 	4.694000e-05 	4.122386e-05 	3.095994e+00 	4.515414e-05 	9.672644e-01 
9.445700e-02 	4.638000e-05 	4.093035e-05 	2.760584e+00 	4.479868e-05 	8.010378e-01 
9.475700e-02 	4.679000e-05 	4.064102e-05 	3.386458e+00 	4.444760e-05 	1.290040e+00 
9.505600e-02 	4.645000e-05 	4.035578e-05 	3.147736e+00 	4.410074e-05 	1.213421e+00 
9.535600e-02 	4.575000e-05 	4.007447e-05 	3.133415e+00 	4.375803e-05 	1.099753e+00 
9.565600e-02 	4.734000e-05 	3.979714e-05 	4.083197e+00 	4.341951e-05 	2.122290e+00 
9.595600e-02 	4.486000e-05 	3.952366e-05 	2.784340e+00 	4.308501e-05 	9.261333e-01 
9.625600e-02 	4.336000e-05 	3.925403e-05 	2.288628e+00 	4.275450e-05 	3.375011e-01 
9.655600e-02 	4.516000e-05 	3.898805e-05 	3.437907e+00 	4.242797e-05 	1.521801e+00 
9.685500e-02 	4.810000e-05 	3.872574e-05 	5.176497e+00 	4.210528e-05 	3.310307e+00 
9.715500e-02 	4.120000e-05 	3.846706e-05 	1.464546e+00 	4.178647e-05 	-3.142815e-01 
9.745500e-02 	4.673000e-05 	3.821189e-05 	4.609765e+00 	4.147138e-05 	2.845821e+00 
9.775500e-02 	4.084000e-05 	3.796025e-05 	1.638923e+00 	4.116004e-05 	-1.821416e-01 
9.805500e-02 	4.387000e-05 	3.771210e-05 	3.390953e+00 	4.085248e-05 	1.661648e+00 
9.835400e-02 	4.431000e-05 	3.746731e-05 	3.752670e+00 	4.054852e-05 	2.062870e+00 
9.865400e-02 	4.510000e-05 	3.722598e-05 	4.548760e+00 	4.024835e-05 	2.802759e+00 
9.895400e-02 	4.175000e-05 	3.698791e-05 	2.604955e+00 	3.995166e-05 	9.837282e-01 
9.925400e-02 	4.261000e-05 	3.675314e-05 	3.183613e+00 	3.965855e-05 	1.604321e+00 
9.955400e-02 	4.279000e-05 	3.652160e-05 	3.374890e+00 	3.936891e-05 	1.841905e+00 
9.985300e-02 	4.137000e-05 	3.629328e-05 	2.585871e+00 	3.908279e-05 	1.165011e+00 
1.001530e-01 	4.339000e-05 	3.606805e-05 	4.096204e+00 	3.880010e-05 	2.567783e+00 
1.004530e-01 	4.061000e-05 	3.584599e-05 	2.618929e+00 	3.852081e-05 	1.148495e+00 
1.007530e-01 	4.142000e-05 	3.562697e-05 	3.127405e+00 	3.824493e-05 	1.714083e+00 
1.010530e-01 	4.359000e-05 	3.541099e-05 	4.562479e+00 	3.797236e-05 	3.133674e+00 
1.013520e-01 	3.905000e-05 	3.519797e-05 	2.279176e+00 	3.770302e-05 	7.969815e-01 
1.016520e-01 	4.156000e-05 	3.498786e-05 	3.547372e+00 	3.743697e-05 	2.225445e+00 
1.019520e-01 	3.943000e-05 	3.478067e-05 	2.514734e+00 	3.717412e-05 	1.220164e+00 
1.022520e-01 	3.850000e-05 	3.457631e-05 	2.402543e+00 	3.691445e-05 	9.708603e-01 
1.025520e-01 	3.727000e-05 	3.437479e-05 	1.649432e+00 	3.665799e-05 	3.486691e-01 
1.028510e-01 	3.914000e-05 	3.417598e-05 	2.981567e+00 	3.640452e-05 	1.643029e+00 
1.031510e-01 	3.610000e-05 	3.397986e-05 	1.154424e+00 	3.615409e-05 	-2.945323e-02 
1.034510e-01 	4.035000e-05 	3.378648e-05 	3.400961e+00 	3.590674e-05 	2.302325e+00 
1.037510e-01 	3.515000e-05 	3.359568e-05 	8.815240e-01 	3.566232e-05 	-2.905588e-01 
1.040500e-01 	3.777000e-05 	3.340747e-05 	2.385919e+00 	3.542090e-05 	1.284751e+00 
1.043500e-01 	3.700000e-05 	3.322179e-05 	2.162760e+00 	3.518236e-05 	1.040472e+00 
1.046500e-01 	3.450000e-05 	3.303863e-05 	8.665913e-01 	3.494669e-05 	-2.648860e-01 
1.049500e-01 	3.707000e-05 	3.285792e-05 	2.385336e+00 	3.471384e-05 	1.334313e+00 
1.052500e-01 	3.411000e-05 	3.267956e-05 	8.272369e-01 	3.448372e-05 	-2.161255e-01 
1.055490e-01 	3.703000e-05 	3.250362e-05 	2.677600e+00 	3.425638e-05 	1.640748e+00 
1.058490e-01 	3.397000e-05 	3.232998e-05 	9.381804e-01 	3.403181e-05 	-3.535662e-02 
1.061490e-01 	3.330000e-05 	3.215863e-05 	6.428326e-01 	3.380984e-05 	-2.871476e-01 
1.064490e-01 	3.761000e-05 	3.198947e-05 	3.149991e+00 	3.359049e-05 	2.252708e+00 
1.067490e-01 	3.313000e-05 	3.182258e-05 	6.754849e-01 	3.337388e-05 	-1.260013e-01 
1.070480e-01 	3.753000e-05 	3.165772e-05 	3.463465e+00 	3.315955e-05 	2.577683e+00 
1.073480e-01 	3.597000e-05 	3.149506e-05 	2.682863e+00 	3.294796e-05 	1.811806e+00 
1.076480e-01 	3.760000e-05 	3.133441e-05 	3.714325e+00 	3.273875e-05 	2.881809e+00 
1.079480e-01 	3.604000e-05 	3.117575e-05 	2.810776e+00 	3.253201e-05 	2.027067e+00 
1.082480e-01 	3.149000e-05 	3.101910e-05 	2.901626e-01 	3.232771e-05 	-5.161874e-01 
1.085470e-01 	3.351000e-05 	3.086441e-05 	1.599384e+00 	3.212576e-05 	8.368395e-01 
1.088470e-01 	3.425000e-05 	3.071160e-05 	1.994612e+00 	3.192608e-05 	1.310004e+00 
1.091470e-01 	3.557000e-05 	3.056065e-05 	2.662741e+00 	3.172880e-05 	2.041803e+00 
1.094470e-01 	3.746000e-05 	3.041146e-05 	3.927928e+00 	3.153362e-05 	3.302585e+00 
1.097460e-01 	3.344000e-05 	3.026413e-05 	1.804001e+00 	3.134081e-05 	1.192411e+00 
1.100460e-01 	3.122000e-05 	3.011854e-05 	6.266674e-01 	3.115014e-05 	3.974816e-02 
1.103460e-01 	3.416000e-05 	2.997469e-05 	2.637346e+00 	3.096171e-05 	2.015384e+00 
1.106460e-01 	3.160000e-05 	2.983256e-05 	9.816986e-01 	3.077538e-05 	4.580228e-01 
1.109460e-01 	3.295000e-05 	2.969215e-05 	1.950876e+00 	3.059122e-05 	1.412492e+00 
1.112450e-01 	3.274000e-05 	2.955327e-05 	1.846710e+00 	3.040905e-05 	1.350785e+00 
1.115450e-01 	3.001000e-05 	2.941614e-05 	3.860167e-01 	3.022904e-05 	-1.423803e-01 
1.118450e-01 	3.200000e-05 	2.928054e-05 	1.553008e+00 	3.005106e-05 	1.112986e+00 
1.121450e-01 	3.022000e-05 	2.914654e-05 	6.131204e-01 	2.987508e-05 	1.970053e-01 
1.124440e-01 	3.073000e-05 	2.901415e-05 	1.013478e+00 	2.970116e-05 	6.076910e-01 
1.127440e-01 	3.087000e-05 	2.888329e-05 	1.103088e+00 	2.952927e-05 	7.444215e-01 
1.130440e-01 	3.070000e-05 	2.875390e-05 	1.167083e+00 	2.935927e-05 	8.040427e-01 
1.133440e-01 	3.141000e-05 	2.862598e-05 	1.699353e+00 	2.919114e-05 	1.354382e+00 
1.136440e-01 	2.827000e-05 	2.849956e-05 	-1.416689e-01 	2.902502e-05 	-4.659355e-01 
1.139430e-01 	2.910000e-05 	2.837457e-05 	4.212281e-01 	2.886073e-05 	1.389352e-01 
1.142430e-01 	3.201000e-05 	2.825096e-05 	2.092379e+00 	2.869836e-05 	1.843345e+00 
1.145430e-01 	2.804000e-05 	2.812875e-05 	-5.206819e-02 	2.853772e-05 	-2.920177e-01 
1.148430e-01 	3.448000e-05 	2.800788e-05 	3.830776e+00 	2.837898e-05 	3.611126e+00 
1.151420e-01 	3.336000e-05 	2.788833e-05 	3.159996e+00 	2.822194e-05 	2.967328e+00 
1.154420e-01 	3.113000e-05 	2.777007e-05 	1.940177e+00 	2.806667e-05 	1.768909e+00 
1.157420e-01 	3.012000e-05 	2.765313e-05 	1.310902e+00 	2.791321e-05 	1.172695e+00 
1.160420e-01 	2.727000e-05 	2.753744e-05 	-1.608684e-01 	2.776142e-05 	-2.955958e-01 
1.163410e-01 	2.860000e-05 	2.742302e-05 	7.850308e-01 	2.761139e-05 	6.593887e-01 
1.166410e-01 	2.731000e-05 	2.730970e-05 	1.857079e-04 	2.746291e-05 	-9.351391e-02 
1.169410e-01 	2.926000e-05 	2.719761e-05 	1.132490e+00 	2.731610e-05 	1.067428e+00 
1.172410e-01 	3.210000e-05 	2.708673e-05 	2.945198e+00 	2.717096e-05 	2.895710e+00 
1.175400e-01 	2.910000e-05 	2.697691e-05 	1.216754e+00 	2.702737e-05 	1.187836e+00 
1.178400e-01 	3.006000e-05 	2.686822e-05 	1.651197e+00 	2.688540e-05 	1.642309e+00 
1.181400e-01 	2.782000e-05 	2.676059e-05 	5.840770e-01 	2.674486e-05 	5.927522e-01 
1.184400e-01 	2.858000e-05 	2.665404e-05 	1.105355e+00 	2.660594e-05 	1.132962e+00 
1.187400e-01 	2.795000e-05 	2.654855e-05 	8.957810e-01 	2.646846e-05 	9.469721e-01 
1.190390e-01 	2.760000e-05 	2.644406e-05 	6.396185e-01 	2.633249e-05 	7.013551e-01 
1.193390e-01 	3.018000e-05 	2.634057e-05 	2.351256e+00 	2.619799e-05 	2.438572e+00 
1.196390e-01 	2.572000e-05 	2.623809e-05 	-3.119128e-01 	2.606499e-05 	-2.076954e-01 
1.199390e-01 	2.823000e-05 	2.613652e-05 	1.390370e+00 	2.593331e-05 	1.525330e+00 
1.202380e-01 	2.618000e-05 	2.603587e-05 	9.060761e-02 	2.580300e-05 	2.370020e-01 
1.205380e-01 	2.533000e-05 	2.593620e-05 	-3.793282e-01 	2.567419e-05 	-2.153753e-01 
1.208380e-01 	2.590000e-05 	2.583733e-05 	4.123834e-02 	2.554666e-05 	2.325241e-01 
1.211380e-01 	2.834000e-05 	2.573940e-05 	1.486458e+00 	2.542042e-05 	1.668779e+00 
1.214370e-01 	2.431000e-05 	2.564234e-05 	-7.829602e-01 	2.529560e-05 	-5.791968e-01 
1.217370e-01 	3.004000e-05 	2.554603e-05 	2.886093e+00 	2.517192e-05 	3.126357e+00 
1.220370e-01 	2.760000e-05 	2.545062e-05 	1.301498e+00 	2.504966e-05 	1.544288e+00 
1.223370e-01 	2.667000e-05 	2.535597e-05 	8.386395e-01 	2.492855e-05 	1.111426e+00 
1.226360e-01 	2.450000e-05 	2.526205e-05 	-4.265002e-01 	2.480866e-05 	-1.727490e-01 
1.229360e-01 	2.901000e-05 	2.516899e-05 	2.290872e+00 	2.469007e-05 	2.576512e+00 
1.232360e-01 	2.986000e-05 	2.507663e-05 	2.911529e+00 	2.457254e-05 	3.218356e+00 
1.235360e-01 	2.644000e-05 	2.498499e-05 	7.646402e-01 	2.445631e-05 	1.042477e+00 
1.238350e-01 	2.690000e-05 	2.489408e-05 	1.291842e+00 	2.434115e-05 	1.647934e+00 
1.241350e-01 	2.477000e-05 	2.480388e-05 	-2.060688e-02 	2.422719e-05 	3.301566e-01 
1.244350e-01 	2.402000e-05 	2.471434e-05 	-3.840017e-01 	2.411424e-05 	-5.211937e-02 
1.247350e-01 	2.614000e-05 	2.462549e-05 	8.571908e-01 	2.400246e-05 	1.209817e+00 
1.250340e-01 	2.735000e-05 	2.453729e-05 	1.250734e+00 	2.389178e-05 	1.537774e+00 
1.253340e-01 	2.339000e-05 	2.444979e-05 	-6.252567e-01 	2.378223e-05 	-2.314086e-01 
1.256340e-01 	2.639000e-05 	2.436286e-05 	1.187699e+00 	2.367364e-05 	1.591515e+00 
1.259340e-01 	2.633000e-05 	2.427657e-05 	1.143374e+00 	2.356618e-05 	1.538931e+00 
1.262330e-01 	2.182000e-05 	2.419091e-05 	-1.526887e+00 	2.345972e-05 	-1.055992e+00 
1.265330e-01 	2.412000e-05 	2.410587e-05 	9.071317e-03 	2.335426e-05 	4.916775e-01 
1.268330e-01 	2.663000e-05 	2.402135e-05 	1.567663e+00 	2.324978e-05 	2.031333e+00 
1.271330e-01 	2.237000e-05 	2.393741e-05 	-7.720183e-01 	2.314632e-05 	-3.823749e-01 
1.274320e-01 	2.285000e-05 	2.385406e-05 	-5.889575e-01 	2.304382e-05 	-1.136871e-01 
1.277320e-01 	2.172000e-05 	2.377124e-05 	-1.181073e+00 	2.294225e-05 	-7.037562e-01 
1.280320e-01 	2.470000e-05 	2.368894e-05 	5.385859e-01 	2.284164e-05 	9.899354e-01 
1.283320e-01 	2.746000e-05 	2.360715e-05 	2.190645e+00 	2.274191e-05 	2.682596e+00 
1.286310e-01 	2.140000e-05 	2.352586e-05 	-1.331961e+00 	2.264310e-05 	-7.788700e-01 
1.289310e-01 	2.610000e-05 	2.344513e-05 	1.639187e+00 	2.254526e-05 	2.194789e+00 
1.292310e-01 	2.457000e-05 	2.336483e-05 	7.635539e-01 	2.244824e-05 	1.344273e+00 
1.295310e-01 	2.532000e-05 	2.328499e-05 	1.101558e+00 	2.235206e-05 	1.606553e+00 
1.298300e-01 	2.231000e-05 	2.320557e-05 	-5.582352e-01 	2.225669e-05 	3.322751e-02 
1.301300e-01 	2.199000e-05 	2.312664e-05 	-6.957077e-01 	2.216214e-05 	-1.053653e-01 
1.304300e-01 	2.161000e-05 	2.304817e-05 	-8.285389e-01 	2.206855e-05 	-2.641712e-01 
1.307290e-01 	2.163000e-05 	2.297011e-05 	-2.356792e-01 	2.197565e-05 	-6.078837e-02 
1.310290e-01 	2.280000e-05 	2.289253e-05 	-1.931068e-04 	2.188367e-05 	1.912282e-03 
1.313290e-01 	2.414000e-05 	2.281524e-05 	8.624951e-01 	2.179228e-05 	1.528499e+00 
1.316290e-01 	2.415000e-05 	2.273843e-05 	8.813348e-01 	2.170184e-05 	1.528545e+00 
1.319280e-01 	2.040000e-05 	2.266198e-05 	-1.395442e+00 	2.161208e-05 	-7.477500e-01 
1.322280e-01 	2.326000e-05 	2.258587e-05 	4.005208e-01 	2.152308e-05 	1.031966e+00 
1.325280e-01 	2.447000e-05 	2.251017e-05 	1.266015e+00 	2.143476e-05 	1.960711e+00 
1.328280e-01 	2.359000e-05 	2.243482e-05 	6.104246e-01 	2.134724e-05 	1.185125e+00 
1.331270e-01 	2.058000e-05 	2.235985e-05 	-1.062510e+00 	2.126037e-05 	-4.061603e-01 
1.334270e-01 	2.029000e-05 	2.228514e-05 	-1.024455e+00 	2.117418e-05 	-4.540042e-01 
1.337270e-01 	2.239000e-05 	2.221086e-05 	1.037318e-01 	2.108875e-05 	7.534852e-01 
1.340270e-01 	1.897000e-05 	2.213687e-05 	-1.772055e+00 	2.100398e-05 	-1.138133e+00 
1.343260e-01 	1.941000e-05 	2.206316e-05 	-1.688573e+00 	2.091986e-05 	-9.609348e-01 
1.346260e-01 	2.285000e-05 	2.198975e-05 	4.809541e-01 	2.083633e-05 	1.125817e+00 
1.349260e-01 	1.824000e-05 	2.191667e-05 	-2.626892e+00 	2.075348e-05 	-1.795821e+00 
1.352250e-01 	2.190000e-05 	2.184384e-05 	3.562864e-02 	2.067123e-05 	7.795298e-01 
1.355250e-01 	2.167000e-05 	2.177134e-05 	-5.873223e-02 	2.058964e-05 	6.261321e-01 
1.358250e-01 	2.186000e-05 	2.169910e-05 	9.763634e-02 	2.050861e-05 	8.200643e-01 
1.361250e-01 	2.165000e-05 	2.162709e-05 	1.317383e-02 	2.042818e-05 	7.025471e-01 
1.364240e-01 	2.261000e-05 	2.155534e-05 	6.874696e-01 	2.034832e-05 	1.474257e+00 
1.367240e-01 	2.183000e-05 	2.148390e-05 	2.060606e-01 	2.026910e-05 	9.293315e-01 
1.370240e-01 	2.021000e-05 	2.141266e-05 	-7.100853e-01 	2.019042e-05 	1.156093e-02 
1.373230e-01 	2.041000e-05 	2.134170e-05 	-6.034752e-01 	2.011229e-05 	1.928277e-01 
1.376230e-01 	2.195000e-05 	2.127098e-05 	3.634808e-01 	2.003473e-05 	1.025248e+00 
1.379230e-01 	2.229000e-05 	2.120050e-05 	6.065701e-01 	1.995773e-05 	1.298472e+00 
1.382230e-01 	2.238000e-05 	2.113014e-05 	7.709126e-01 	1.988111e-05 	1.541311e+00 
1.385220e-01 	2.077000e-05 	2.106008e-05 	-1.767543e-01 	1.980508e-05 	5.879469e-01 
1.388220e-01 	1.955000e-05 	2.099020e-05 	-9.599056e-01 	1.972958e-05 	-1.196931e-01 
1.391220e-01 	1.872000e-05 	2.092058e-05 	-1.249380e+00 	1.965460e-05 	-5.306223e-01 
1.394210e-01 	2.203000e-05 	2.085110e-05 	8.236035e-01 	1.958006e-05 	1.711575e+00 
1.397210e-01 	2.147000e-05 	2.078186e-05 	4.669248e-01 	1.950605e-05 	1.332602e+00 
1.400210e-01 	2.123000e-05 	2.071276e-05 	2.637238e-01 	1.943245e-05 	9.165118e-01 
1.403210e-01 	2.096000e-05 	2.064386e-05 	2.014796e-01 	1.935935e-05 	1.020111e+00 
1.406200e-01 	2.184000e-05 	2.057516e-05 	8.246163e-01 	1.928665e-05 	1.664661e+00 
1.409200e-01 	2.122000e-05 	2.050665e-05 	4.382033e-01 	1.921453e-05 	1.231941e+00 
1.412200e-01 	1.722000e-05 	2.043823e-05 	-2.095300e+00 	1.914266e-05 	-1.251791e+00 
1.415190e-01 	1.826000e-05 	2.037004e-05 	-1.459905e+00 	1.907135e-05 	-5.613593e-01 
1.418190e-01 	1.977000e-05 	2.030201e-05 	-3.459055e-01 	1.900047e-05 	5.003350e-01 
1.421190e-01 	1.904000e-05 	2.023409e-05 	-6.940219e-01 	1.892991e-05 	6.398385e-02 
1.424190e-01 	1.928000e-05 	2.016633e-05 	-5.086155e-01 	1.885976e-05 	2.411496e-01 
1.427180e-01 	2.305000e-05 	2.009874e-05 	1.796499e+00 	1.879004e-05 	2.593139e+00 
1.430180e-01 	1.880000e-05 	2.003124e-05 	-7.637956e-01 	1.872068e-05 	4.920605e-02 
1.433180e-01 	1.799000e-05 	1.996391e-05 	-1.256399e+00 	1.865172e-05 	-4.211869e-01 
1.436170e-01 	1.728000e-05 	1.989671e-05 	-1.663614e+00 	1.858309e-05 	-8.284573e-01 
1.439170e-01 	1.909000e-05 	1.982962e-05 	-4.275272e-01 	1.851485e-05 	3.324573e-01 
1.442170e-01 	1.842000e-05 	1.976270e-05 	-8.751148e-01 	1.844698e-05 	-1.758268e-02 
1.445160e-01 	1.984000e-05 	1.969587e-05 	7.911329e-02 	1.837943e-05 	8.017096e-01 
1.448160e-01 	2.068000e-05 	1.962912e-05 	6.149839e-01 	1.831222e-05 	1.385647e+00 
1.451160e-01 	1.855000e-05 	1.956253e-05 	-6.823464e-01 	1.824534e-05 	2.053081e-01 
1.454160e-01 	1.619000e-05 	1.949609e-05 	-1.829305e+00 	1.817890e-05 	-1.100487e+00 
1.457150e-01 	1.922000e-05 	1.942974e-05 	-1.279106e-01 	1.811272e-05 	6.752693e-01 
1.460150e-01 	2.074000e-05 	1.936347e-05 	6.598956e-01 	1.804686e-05 	1.291068e+00 
1.463150e-01 	1.812000e-05 	1.929729e-05 	-5.672792e-01 	1.798123e-05 	6.686641e-02 
1.466140e-01 	1.860000e-05 	1.923128e-05 	-3.303897e-01 	1.791608e-05 	3.579435e-01 
1.469140e-01 	1.788000e-05 	1.916529e-05 	-7.395329e-01 	1.785108e-05 	1.663920e-02 
1.472140e-01 	1.591000e-05 	1.909945e-05 	-1.971855e+00 	1.778646e-05 	-1.160109e+00 
1.475130e-01 	1.758000e-05 	1.903373e-05 	-8.222232e-01 	1.772215e-05 	-8.040203e-02 
1.478130e-01 	1.707000e-05 	1.896806e-05 	-1.023500e+00 	1.765810e-05 	-3.171257e-01 
1.481130e-01 	1.693000e-05 	1.890247e-05 	-1.446917e+00 	1.759432e-05 	-4.873152e-01 
1.484130e-01 	1.749000e-05 	1.883705e-05 	-7.737718e-01 	1.753086e-05 	-2.346893e-02 
1.487120e-01 	1.982000e-05 	1.877165e-05 	6.514678e-01 	1.746766e-05 	1.461800e+00 
1.490120e-01 	1.841000e-05 	1.870634e-05 	-1.374307e-01 	1.740472e-05 	4.662143e-01 
1.493120e-01 	1.661000e-05 	1.864110e-05 	-1.199777e+00 	1.734196e-05 	-4.323698e-01 
1.496110e-01 	1.769000e-05 	1.857600e-05 	-5.690944e-01 	1.727960e-05 	2.636092e-01 
1.499110e-01 	1.571000e-05 	1.851095e-05 	-1.882522e+00 	1.721737e-05 	-1.013105e+00 
1.502110e-01 	1.549000e-05 	1.844594e-05 	-1.545369e+00 	1.715542e-05 	-8.706849e-01 
1.505100e-01 	1.590000e-05 	1.838104e-05 	-1.616594e+00 	1.709371e-05 	-7.777942e-01 
1.508100e-01 	1.495000e-05 	1.831620e-05 	-1.656754e+00 	1.703226e-05 	-1.024836e+00 
1.511100e-01 	1.680000e-05 	1.825149e-05 	-9.889858e-01 	1.697110e-05 	-1.165814e-01 
1.514090e-01 	1.569000e-05 	1.818685e-05 	-1.334406e+00 	1.691018e-05 	-6.521094e-01 
1.517090e-01 	1.467000e-05 	1.812223e-05 	-2.162576e+00 	1.684938e-05 	-1.365225e+00 
1.520090e-01 	1.488000e-05 	1.805767e-05 	-1.990582e+00 	1.678879e-05 	-1.195721e+00 
1.523080e-01 	1.793000e-05 	1.799326e-05 	-4.385728e-02 	1.672853e-05 	8.329427e-01 
1.526080e-01 	1.703000e-05 	1.792893e-05 	-5.742336e-01 	1.666851e-05 	2.309203e-01 
1.529080e-01 	1.669000e-05 	1.786461e-05 	-8.101375e-01 	1.660861e-05 	5.613815e-02 
1.532070e-01 	1.807000e-05 	1.780034e-05 	1.695081e-01 	1.654891e-05 	9.561607e-01 
1.535070e-01 	1.604000e-05 	1.773622e-05 	-1.086892e+00 	1.648946e-05 	-2.880002e-01 
1.538070e-01 	1.673000e-05 	1.767217e-05 	-5.326493e-01 	1.643024e-05 	1.694664e-01 
1.541060e-01 	1.644000e-05 	1.760812e-05 	-8.229818e-01 	1.637114e-05 	4.851595e-02 
1.544060e-01 	1.782000e-05 	1.754419e-05 	1.550515e-01 	1.631228e-05 	8.475884e-01 
1.547060e-01 	1.909000e-05 	1.748029e-05 	1.002804e+00 	1.625357e-05 	1.767024e+00 
1.550050e-01 	1.729000e-05 	1.741649e-05 	-8.573762e-02 	1.619503e-05 	7.421988e-01 
1.553050e-01 	1.571000e-05 	1.735274e-05 	-1.029910e+00 	1.613677e-05 	-2.675605e-01 
1.556050e-01 	1.746000e-05 	1.728905e-05 	1.041798e-01 	1.607860e-05 	8.418617e-01 
1.559040e-01 	1.331000e-05 	1.722542e-05 	-1.781732e+00 	1.602062e-05 	-1.233481e+00 
1.562040e-01 	1.650000e-05 	1.716191e-05 	-4.780006e-01 	1.596286e-05 	3.879012e-01 
1.565040e-01 	1.424000e-05 	1.709846e-05 	-1.822193e-01 	1.590530e-05 	-1.061582e-01 
1.568030e-01 	1.705000e-05 	1.703508e-05 	7.768795e-03 	1.584787e-05 	6.259124e-01 
1.571030e-01 	1.659000e-05 	1.697175e-05 	-1.439802e-01 	1.579059e-05 	3.015020e-01 
1.574030e-01 	1.192000e-05 	1.690845e-05 	-2.697266e+00 	1.573344e-05 	-2.061934e+00 
1.577020e-01 	1.682000e-05 	1.684529e-05 	-9.978493e-03 	1.567656e-05 	4.511270e-01 
1.580020e-01 	1.109000e-05 	1.678222e-05 	-4.329149e+00 	1.561978e-05 	-3.445071e+00 
1.583020e-01 	1.862000e-05 	1.671916e-05 	1.075221e+00 	1.556321e-05 	1.729089e+00 
1.586010e-01 	1.673000e-05 	1.665619e-05 	5.365368e-02 	1.550677e-05 	8.891924e-01 
1.589010e-01 	1.261000e-05 	1.659332e-05 	-2.537248e+00 	1.545046e-05 	-1.809281e+00 
1.592010e-01 	1.542000e-05 	1.653046e-05 	-6.272829e-01 	1.539429e-05 	1.452315e-02 
1.595000e-01 	1.412000e-05 	1.646777e-05 	-2.023324e+00 	1.533834e-05 	-1.049978e+00 
1.598000e-01 	1.567000e-05 	1.640510e-05 	-5.001034e-01 	1.528257e-05 	2.635761e-01 
1.601000e-01 	1.441000e-05 	1.634249e-05 	-1.161109e+00 	1.522685e-05 	-4.907942e-01 
1.603990e-01 	1.547000e-05 	1.628001e-05 	-5.802063e-01 	1.517139e-05 	2.138967e-01 
1.606990e-01 	1.523000e-05 	1.621762e-05 	-7.365523e-01 	1.511600e-05 	8.502159e-02 
1.609990e-01 	1.317000e-05 	1.615525e-05 	-1.633739e+00 	1.506075e-05 	-1.034751e+00 
1.612980e-01 	1.534000e-05 	1.609304e-05 	-4.696548e-01 	1.500574e-05 	2.084727e-01 
1.615980e-01 	1.405000e-05 	1.603084e-05 	-9.637675e-01 	1.495076e-05 	-4.382600e-01 
1.618980e-01 	1.474000e-05 	1.596877e-05 	-6.980037e-01 	1.489595e-05 	-8.858537e-02 
1.621970e-01 	1.261000e-05 	1.590677e-05 	-2.076442e+00 	1.484137e-05 	-1.405413e+00 
1.624970e-01 	1.688000e-05 	1.584487e-05 	5.813519e-01 	1.478683e-05 	1.175568e+00 
1.627970e-01 	1.483000e-05 	1.578305e-05 	-7.417182e-01 	1.473246e-05 	7.591150e-02 
1.630960e-01 	1.329000e-05 	1.572132e-05 	-1.595585e+00 	1.467823e-05 	-9.110447e-01 
1.633960e-01 	1.300000e-05 	1.565964e-05 	-5.621369e-01 	1.462410e-05 	-3.432679e-01 
1.636960e-01 	1.523000e-05 	1.559814e-05 	-2.080020e-01 	1.457018e-05 	3.728082e-01 
1.639950e-01 	1.473000e-05 	1.553667e-05 	-5.076682e-01 	1.451639e-05 	1.344346e-01 
1.642950e-01 	1.329000e-05 	1.547532e-05 	-1.380600e+00 	1.446272e-05 	-7.408777e-01 
1.645950e-01 	1.251000e-05 	1.541409e-05 	-3.176255e-01 	1.440916e-05 	-2.077147e-01 
1.648940e-01 	1.247000e-05 	1.535293e-05 	-1.487222e+00 	1.435572e-05 	-9.727880e-01 
1.651940e-01 	1.298000e-05 	1.529189e-05 	-1.681463e+00 	1.430250e-05 	-9.618715e-01 
1.654930e-01 	1.488000e-05 	1.523095e-05 	-2.580706e-01 	1.424933e-05 	4.637680e-01 
1.657930e-01 	1.315000e-05 	1.517009e-05 	-1.784746e+00 	1.419634e-05 	-9.244435e-01 
1.660930e-01 	1.490000e-05 	1.510931e-05 	-1.289421e-01 	1.414348e-05 	4.660398e-01 
1.663920e-01 	1.325000e-05 	1.504871e-05 	-1.275383e+00 	1.409073e-05 	-5.961228e-01 
1.666920e-01 	1.268000e-05 	1.498821e-05 	-1.694629e+00 	1.403816e-05 	-9.971239e-01 
1.669920e-01 	1.358000e-05 	1.492783e-05 	-9.092300e-01 	1.398575e-05 	-2.737156e-01 
1.672910e-01 	1.236000e-05 	1.486749e-05 	-1.191373e+00 	1.393337e-05 	-7.475521e-01 
1.675910e-01 	1.321000e-05 	1.480732e-05 	-1.147659e+00 	1.388116e-05 	-4.822218e-01 
1.678910e-01 	1.185000e-05 	1.474724e-05 	-1.835628e+00 	1.382908e-05 	-1.253900e+00 
1.681900e-01 	1.310000e-05 	1.468731e-05 	-1.160788e+00 	1.377717e-05 	-4.952141e-01 
1.684900e-01 	1.167000e-05 	1.462747e-05 	-1.723443e+00 	1.372533e-05 	-1.197729e+00 
1.687890e-01 	1.179000e-05 	1.456774e-05 	-2.061355e+00 	1.367365e-05 	-1.397853e+00 
1.690890e-01 	1.259000e-05 	1.450819e-05 	-1.574079e+00 	1.362216e-05 	-8.469987e-01 
1.693890e-01 	1.508000e-05 	1.444870e-05 	4.513679e-01 	1.357071e-05 	1.079108e+00 
1.696880e-01 	1.142000e-05 	1.438932e-05 	-1.140725e+00 	1.351938e-05 	-8.065193e-01 
1.699880e-01 	9.080000e-06 	1.433009e-05 	-3.241404e+00 	1.346823e-05 	-2.709294e+00 
1.702880e-01 	1.314000e-05 	1.427103e-05 	-7.586759e-01 	1.341726e-05 	-1.859805e-01 
1.705870e-01 	1.105000e-05 	1.421209e-05 	-2.000170e+00 	1.336640e-05 	-1.465229e+00 
1.708870e-01 	1.339000e-05 	1.415325e-05 	-4.928429e-01 	1.331561e-05 	4.803753e-02 
1.711860e-01 	1.447000e-05 	1.409456e-05 	2.124787e-01 	1.326497e-05 	6.819709e-01 
1.714860e-01 	1.055000e-05 	1.403598e-05 	-1.904930e+00 	1.321445e-05 	-1.456001e+00 
1.717860e-01 	1.085000e-05 	1.397757e-05 	-2.000403e+00 	1.316408e-05 	-1.480095e+00 
1.720850e-01 	1.172000e-05 	1.391923e-05 	-1.259873e+00 	1.311385e-05 	-7.984907e-01 
1.723850e-01 	1.085000e-05 	1.386106e-05 	-2.322304e+00 	1.306366e-05 	-1.707306e+00 
1.726850e-01 	1.316000e-05 	1.380304e-05 	-3.101619e-01 	1.301368e-05 	7.057395e-02 
1.729840e-01 	1.007000e-05 	1.374514e-05 	-2.942611e+00 	1.296381e-05 	-2.317016e+00 
1.732840e-01 	1.098000e-05 	1.368741e-05 	-3.436758e-02 	1.291409e-05 	-2.455111e-02 
1.735830e-01 	1.177000e-05 	1.362982e-05 	-1.023518e+00 	1.286445e-05 	-6.023114e-01 
1.738830e-01 	1.330000e-05 	1.357235e-05 	-1.676951e-01 	1.281498e-05 	2.986393e-01 
1.741830e-01 	1.187000e-05 	1.351505e-05 	-1.203122e+00 	1.276568e-05 	-6.550611e-01 
1.744820e-01 	1.200000e-05 	1.345787e-05 	-1.013457e+00 	1.271640e-05 	-4.980102e-01 
1.747820e-01 	1.027000e-05 	1.340086e-05 	-2.174955e+00 	1.266732e-05 	-1.665377e+00 
1.750810e-01 	1.152000e-05 	1.334404e-05 	-1.125707e+00 	1.261839e-05 	-6.778734e-01 
1.753810e-01 	1.353000e-05 	1.328734e-05 	1.651840e-01 	1.256956e-05 	6.537835e-01 
1.756810e-01 	1.011000e-05 	1.323079e-05 	-2.094536e+00 	1.252087e-05 	-1.618070e+00 
1.759800e-01 	1.088000e-05 	1.317439e-05 	-1.725764e+00 	1.247233e-05 	-1.197698e+00 
1.762800e-01 	1.110000e-05 	1.311815e-05 	-1.783893e+00 	1.242383e-05 	-1.170167e+00 
1.765790e-01 	1.369000e-05 	1.306207e-05 	3.573877e-01 	1.237558e-05 	7.481073e-01 
1.768790e-01 	9.290000e-06 	1.300619e-05 	-1.318924e+00 	1.232741e-05 	-1.078019e+00 
1.771790e-01 	1.124000e-05 	1.295042e-05 	-8.796863e-01 	1.227934e-05 	-5.345430e-01 
1.774780e-01 	1.245000e-05 	1.289484e-05 	-3.127298e-01 	1.223146e-05 	1.536378e-01 
1.777780e-01 	8.760000e-06 	1.283942e-05 	-3.055545e+00 	1.218368e-05 	-2.564382e+00 
1.780780e-01 	9.450000e-06 	1.278420e-05 	-2.176804e+00 	1.213615e-05 	-1.753712e+00 
1.783770e-01 	1.130000e-05 	1.272911e-05 	-8.926358e-01 	1.208861e-05 	-4.925737e-01 
1.786770e-01 	9.870000e-06 	1.267428e-05 	-2.191467e+00 	1.204140e-05 	-1.696887e+00 
1.789760e-01 	1.181000e-05 	1.261949e-05 	-5.735738e-01 	1.199406e-05 	-1.304184e-01 
1.792760e-01 	1.021000e-05 	1.256497e-05 	-1.529354e+00 	1.194709e-05 	-1.128098e+00 
1.795750e-01 	9.840000e-06 	1.251062e-05 	-1.791472e+00 	1.190015e-05 	-1.381965e+00 
1.798750e-01 	1.011000e-05 	1.245645e-05 	-9.501969e-01 	1.185341e-05 	-7.059951e-01 
1.801750e-01 	8.690000e-06 	1.240246e-05 	-2.185032e+00 	1.180681e-05 	-1.834452e+00 
1.804740e-01 	1.019000e-05 	1.234864e-05 	-1.503890e+00 	1.176033e-05 	-1.094023e+00 
1.807740e-01 	8.700000e-06 	1.229504e-05 	-2.701022e+00 	1.171402e-05 	-2.264489e+00 
1.810730e-01 	8.730000e-06 	1.224164e-05 	-2.634518e+00 	1.166784e-05 	-2.204038e+00 
1.813730e-01 	1.005000e-05 	1.218842e-05 	-1.423323e+00 	1.162187e-05 	-1.046232e+00 
1.816730e-01 	1.082000e-05 	1.213537e-05 	-4.389333e-01 	1.157597e-05 	-2.522630e-01 
1.819720e-01 	1.039000e-05 	1.208255e-05 	-1.133445e+00 	1.153028e-05 	-7.636086e-01 
1.822720e-01 	1.233000e-05 	1.203001e-05 	1.343776e-01 	1.148481e-05 	3.785968e-01 
1.825710e-01 	1.186000e-05 	1.197759e-05 	-8.755200e-02 	1.143943e-05 	3.131329e-01 
1.828710e-01 	7.710000e-06 	1.192543e-05 	-2.877319e+00 	1.139422e-05 	-2.514733e+00 
1.831710e-01 	1.163000e-05 	1.187344e-05 	-1.792234e-01 	1.134913e-05 	2.067800e-01 
1.834700e-01 	1.174000e-05 	1.182169e-05 	-5.561406e-02 	1.130428e-05 	2.966260e-01 
1.837700e-01 	1.159000e-05 	1.177017e-05 	-1.259001e-01 	1.125962e-05 	2.308586e-01 
1.840690e-01 	1.008000e-05 	1.171888e-05 	-1.162609e+00 	1.121510e-05 	-8.052302e-01 
1.843690e-01 	1.369000e-05 	1.166779e-05 	1.001305e+00 	1.117077e-05 	1.247404e+00 
1.846680e-01 	9.270000e-06 	1.161694e-05 	-1.214028e+00 	1.112654e-05 	-9.603531e-01 
1.849680e-01 	1.128000e-05 	1.156630e-05 	-1.800874e-01 	1.108252e-05 	1.242183e-01 
1.852680e-01 	6.980000e-06 	1.151595e-05 	-1.853082e+00 	1.103870e-05 	-1.658109e+00 
1.855670e-01 	1.025000e-05 	1.146580e-05 	-8.504471e-01 	1.099506e-05 	-5.211641e-01 
1.858670e-01 	7.960000e-06 	1.141598e-05 	-1.640979e+00 	1.095165e-05 	-1.420506e+00 
1.861660e-01 	1.045000e-05 	1.136632e-05 	-7.035956e-01 	1.090836e-05 	-3.519537e-01 
1.864660e-01 	7.680000e-06 	1.131691e-05 	-2.630869e+00 	1.086525e-05 	-2.304149e+00 
1.867660e-01 	1.123000e-05 	1.126778e-05 	-2.245543e-02 	1.082239e-05 	2.422812e-01 
1.870650e-01 	1.161000e-05 	1.121891e-05 	2.404094e-01 	1.077968e-05 	5.104089e-01 
1.873650e-01 	8.070000e-06 	1.117031e-05 	-4.008038e-01 	1.073723e-05 	-3.448160e-01 
1.876640e-01 	8.940000e-06 	1.112194e-05 	-1.584854e+00 	1.069495e-05 	-1.274712e+00 
1.879640e-01 	9.970000e-06 	1.107384e-05 	-6.594354e-01 	1.065284e-05 	-4.079292e-01 
1.882630e-01 	1.042000e-05 	1.102598e-05 	-3.418863e-01 	1.061091e-05 	-1.077070e-01 
1.885630e-01 	8.590000e-06 	1.097844e-05 	-2.313902e+00 	1.056922e-05 	-1.917457e+00 
1.888620e-01 	1.191000e-05 	1.093107e-05 	6.436106e-01 	1.052767e-05 	9.088247e-01 
1.891620e-01 	8.950000e-06 	1.088400e-05 	-5.497877e-01 	1.048635e-05 	-4.367449e-01 
1.894620e-01 	7.040000e-06 	1.083722e-05 	-2.905592e+00 	1.044522e-05 	-2.605639e+00 
1.897610e-01 	9.680000e-06 	1.079067e-05 	-5.431483e-01 	1.040430e-05 	-3.542033e-01 
1.900610e-01 	8.490000e-06 	1.074433e-05 	-1.324742e+00 	1.036349e-05 	-1.100946e+00 
1.903600e-01 	6.000000e-06 	1.069825e-05 	-3.371560e+00 	1.032287e-05 	-3.102178e+00 
1.906600e-01 	9.340000e-06 	1.065242e-05 	-9.894786e-01 	1.028245e-05 	-7.105488e-01 
1.909590e-01 	1.143000e-05 	1.060688e-05 	2.907235e-01 	1.024230e-05 	4.194921e-01 
1.912590e-01 	9.390000e-06 	1.056146e-05 	-2.646256e-01 	1.020219e-05 	-1.834688e-01 
1.915590e-01 	9.130000e-06 	1.051628e-05 	-9.012319e-01 	1.016226e-05 	-6.710770e-01 
1.918580e-01 	8.370000e-06 	1.047139e-05 	-1.508042e+00 	1.012254e-05 	-1.257692e+00 
1.921580e-01 	8.080000e-06 	1.042661e-05 	-1.531292e+00 	1.008291e-05 	-1.307010e+00 
1.924570e-01 	8.370000e-06 	1.038207e-05 	-1.295416e+00 	1.004346e-05 	-1.077408e+00 
1.927570e-01 	8.870000e-06 	1.033772e-05 	-1.155845e+00 	1.000416e-05 	-8.931600e-01 
1.930560e-01 	9.220000e-06 	1.029359e-05 	-6.186020e-01 	9.964990e-06 	-4.292649e-01 
1.933560e-01 	9.130000e-06 	1.024959e-05 	-9.493867e-01 	9.925985e-06 	-6.749753e-01 
1.936550e-01 	9.360000e-06 	1.020580e-05 	-5.653918e-01 	9.887081e-06 	-3.523371e-01 
1.939550e-01 	6.910000e-06 	1.016218e-05 	-1.640024e+00 	9.848339e-06 	-1.481760e+00 
1.942540e-01 	1.001000e-05 	1.011864e-05 	-3.654368e-02 	9.809612e-06 	6.740754e-02 
1.945540e-01 	6.830000e-06 	1.007527e-05 	-2.126165e+00 	9.771006e-06 	-1.926823e+00 
1.948540e-01 	6.610000e-06 	1.003210e-05 	-7.827565e-01 	9.732616e-06 	-7.142530e-01 
1.951530e-01 	8.630000e-06 	9.988939e-06 	-1.036835e+00 	9.694146e-06 	-8.119158e-01 
1.954530e-01 	6.750000e-06 	9.945991e-06 	-1.717107e+00 	9.655899e-06 	-1.561249e+00 
1.957520e-01 	7.050000e-06 	9.903141e-06 	-2.098995e-01 	9.617717e-06 	-1.889015e-01 
1.960520e-01 	7.340000e-06 	9.860394e-06 	-1.697698e+00 	9.579517e-06 	-1.508504e+00 
1.963510e-01 	6.060000e-06 	9.817741e-06 	-1.743785e+00 	9.541543e-06 	-1.615615e+00 
1.966510e-01 	9.110000e-06 	9.775174e-06 	-4.540762e-01 	9.503507e-06 	-2.686244e-01 
1.969500e-01 	6.920000e-06 	9.732744e-06 	-5.883122e-01 	9.465601e-06 	-5.324367e-01 
1.972500e-01 	7.390000e-06 	9.690304e-06 	-1.231310e+00 	9.427742e-06 	-1.090766e+00 
1.975490e-01 	6.040000e-06 	9.647974e-06 	-2.212456e+00 	9.389970e-06 	-2.054245e+00 
1.978490e-01 	8.840000e-06 	9.605738e-06 	-4.496595e-01 	9.352197e-06 	-3.007740e-01 
1.981490e-01 	5.270000e-06 	9.563496e-06 	-1.949966e+00 	9.314480e-06 	-1.836871e+00 
1.984480e-01 	6.700000e-06 	9.521405e-06 	-2.141104e+00 	9.276853e-06 	-1.955518e+00 
1.987480e-01 	6.880000e-06 	9.479253e-06 	-7.482262e-01 	9.239188e-06 	-6.791207e-01 
1.990470e-01 	5.830000e-06 	9.437163e-06 	-2.048208e+00 	9.201535e-06 	-1.914414e+00 
1.993470e-01 	9.930000e-06 	9.395078e-06 	3.937915e-01 	9.163931e-06 	5.639534e-01 
1.996460e-01 	7.910000e-06 	9.353037e-06 	-4.786104e-01 	9.126350e-06 	-4.034256e-01 
1.999460e-01 	8.840000e-06 	9.310992e-06 	-2.340889e-01 	9.088709e-06 	-1.236117e-01 
