#q 	 Iexp 	 Ifit_avg 	 Residuals_avg 	 Ifit_weightedavg 	 Residuals_weightedavg 
5.698000e-03 	9.575000e-05 	8.057000e-05 	5.888742e-01 	8.056654e-05 	5.890086e-01 
5.998000e-03 	8.725000e-05 	8.038885e-05 	3.220593e-01 	8.036934e-05 	3.229752e-01 
6.298000e-03 	8.589000e-05 	8.020829e-05 	3.424573e-01 	8.017277e-05 	3.445982e-01 
6.598000e-03 	8.297000e-05 	8.002746e-05 	2.041165e-01 	7.997587e-05 	2.076952e-01 
6.897000e-03 	7.927000e-05 	7.984624e-05 	-4.838306e-02 	7.977853e-05 	-4.269745e-02 
7.197000e-03 	7.528000e-05 	7.966453e-05 	-4.368370e-01 	7.958062e-05 	-4.284770e-01 
7.497000e-03 	7.830000e-05 	7.948219e-05 	-1.375059e-01 	7.938202e-05 	-1.258547e-01 
7.797000e-03 	8.592000e-05 	7.929906e-05 	9.411825e-01 	7.918255e-05 	9.577453e-01 
8.097000e-03 	7.794000e-05 	7.911509e-05 	-1.932644e-01 	7.898208e-05 	-1.713897e-01 
8.397000e-03 	7.822000e-05 	7.892999e-05 	-1.412239e-01 	7.878041e-05 	-1.114720e-01 
8.697000e-03 	7.795000e-05 	7.874374e-05 	-1.795230e-01 	7.857739e-05 	-1.418984e-01 
8.997000e-03 	8.148000e-05 	7.855623e-05 	7.420370e-01 	7.837295e-05 	7.885507e-01 
9.297000e-03 	7.999000e-05 	7.836726e-05 	4.740829e-01 	7.816691e-05 	5.326155e-01 
9.597000e-03 	7.695000e-05 	7.817681e-05 	-3.929927e-01 	7.795916e-05 	-3.232735e-01 
9.896000e-03 	7.749000e-05 	7.798466e-05 	-1.757843e-01 	7.774952e-05 	-9.222557e-02 
1.019600e-02 	7.698000e-05 	7.779089e-05 	-3.165427e-01 	7.753801e-05 	-2.178298e-01 
1.049600e-02 	8.420000e-05 	7.759489e-05 	2.681952e+00 	7.732408e-05 	2.791914e+00 
1.079600e-02 	8.003000e-05 	7.739686e-05 	1.214438e+00 	7.710777e-05 	1.347767e+00 
1.109600e-02 	7.530000e-05 	7.719666e-05 	-9.136561e-01 	7.688909e-05 	-7.654954e-01 
1.139600e-02 	7.896000e-05 	7.699413e-05 	1.059769e+00 	7.666773e-05 	1.235723e+00 
1.169600e-02 	7.363000e-05 	7.678906e-05 	-1.835170e+00 	7.644357e-05 	-1.634468e+00 
1.199600e-02 	8.114000e-05 	7.658154e-05 	2.834862e+00 	7.621661e-05 	3.061808e+00 
1.229500e-02 	7.645000e-05 	7.637191e-05 	5.316810e-02 	7.598726e-05 	3.150650e-01 
1.259500e-02 	7.931000e-05 	7.615881e-05 	2.287114e+00 	7.575401e-05 	2.580922e+00 
1.289500e-02 	8.077000e-05 	7.594270e-05 	3.785228e+00 	7.551738e-05 	4.118734e+00 
1.319500e-02 	7.456000e-05 	7.572354e-05 	-9.456632e-01 	7.527734e-05 	-5.830157e-01 
1.349500e-02 	7.525000e-05 	7.550113e-05 	-2.264030e-01 	7.503359e-05 	1.951059e-01 
1.379500e-02 	7.732000e-05 	7.527537e-05 	1.963349e+00 	7.478613e-05 	2.433136e+00 
1.409500e-02 	7.849000e-05 	7.504609e-05 	3.343923e+00 	7.453468e-05 	3.840490e+00 
1.439500e-02 	7.588000e-05 	7.481324e-05 	1.115671e+00 	7.427920e-05 	1.674192e+00 
1.469500e-02 	7.504000e-05 	7.457665e-05 	5.042391e-01 	7.401953e-05 	1.110519e+00 
1.499400e-02 	7.632000e-05 	7.433696e-05 	2.215336e+00 	7.375632e-05 	2.863997e+00 
1.529400e-02 	7.452000e-05 	7.409251e-05 	4.933586e-01 	7.348786e-05 	1.191191e+00 
1.559400e-02 	7.363000e-05 	7.384392e-05 	-2.531177e-01 	7.321467e-05 	4.914262e-01 
1.589400e-02 	7.579000e-05 	7.359110e-05 	2.644784e+00 	7.293688e-05 	3.431670e+00 
1.619400e-02 	7.315000e-05 	7.333395e-05 	-2.260018e-01 	7.265419e-05 	6.091530e-01 
1.649400e-02 	7.451000e-05 	7.307229e-05 	1.808916e+00 	7.236655e-05 	2.696874e+00 
1.679400e-02 	7.476000e-05 	7.280610e-05 	2.578657e+00 	7.207400e-05 	3.544849e+00 
1.709400e-02 	7.352000e-05 	7.253524e-05 	1.306409e+00 	7.177640e-05 	2.313111e+00 
1.739400e-02 	7.064000e-05 	7.225964e-05 	-2.171250e+00 	7.147380e-05 	-1.117765e+00 
1.769300e-02 	7.216000e-05 	7.198025e-05 	2.466168e-01 	7.116718e-05 	1.362129e+00 
1.799300e-02 	7.104000e-05 	7.169515e-05 	-9.121330e-01 	7.085461e-05 	2.581131e-01 
1.829300e-02 	7.043000e-05 	7.140523e-05 	-1.421468e+00 	7.053704e-05 	-1.560182e-01 
1.859300e-02 	7.218000e-05 	7.111047e-05 	1.548387e+00 	7.021457e-05 	2.845397e+00 
1.889300e-02 	6.928000e-05 	7.081088e-05 	-2.299096e+00 	6.988724e-05 	-9.119588e-01 
1.919300e-02 	7.044000e-05 	7.050656e-05 	-9.876541e-02 	6.955522e-05 	1.312941e+00 
1.949300e-02 	6.734000e-05 	7.019753e-05 	-4.423150e+00 	6.921856e-05 	-2.907807e+00 
1.979300e-02 	6.996000e-05 	6.988404e-05 	1.201784e-01 	6.887747e-05 	1.712758e+00 
2.009300e-02 	6.939000e-05 	6.956605e-05 	-2.827094e-01 	6.853201e-05 	1.377833e+00 
2.039200e-02 	6.753000e-05 	6.924479e-05 	-2.740076e+00 	6.818353e-05 	-1.044283e+00 
2.069200e-02 	6.664000e-05 	6.891820e-05 	-3.892821e+00 	6.782976e-05 	-2.032986e+00 
2.099200e-02 	6.789000e-05 	6.858754e-05 	-1.232643e+00 	6.747218e-05 	7.383353e-01 
2.129200e-02 	6.634000e-05 	6.825283e-05 	-3.450708e+00 	6.711071e-05 	-1.390351e+00 
2.159200e-02 	6.650000e-05 	6.791430e-05 	-2.612438e+00 	6.674569e-05 	-4.538387e-01 
2.189200e-02 	6.775000e-05 	6.757199e-05 	3.342325e-01 	6.637717e-05 	2.577601e+00 
2.219200e-02 	6.782000e-05 	6.722605e-05 	1.142193e+00 	6.600529e-05 	3.489762e+00 
2.249200e-02 	6.335000e-05 	6.687659e-05 	-6.899469e+00 	6.563024e-05 	-4.461088e+00 
2.279200e-02 	6.405000e-05 	6.652379e-05 	-4.871014e+00 	6.525215e-05 	-2.367097e+00 
2.309100e-02 	6.460000e-05 	6.616891e-05 	-3.032943e+00 	6.487243e-05 	-5.266396e-01 
2.339100e-02 	6.434000e-05 	6.580966e-05 	-2.871214e+00 	6.448868e-05 	-2.904729e-01 
2.369100e-02 	6.362000e-05 	6.544747e-05 	-3.600792e+00 	6.410233e-05 	-9.503722e-01 
2.399100e-02 	6.393000e-05 	6.508238e-05 	-2.276000e+00 	6.371363e-05 	4.273436e-01 
2.429100e-02 	6.239000e-05 	6.471450e-05 	-4.713003e+00 	6.332253e-05 	-1.890739e+00 
2.459100e-02 	6.287000e-05 	6.434400e-05 	-2.999599e+00 	6.292928e-05 	-1.206256e-01 
2.489100e-02 	6.232000e-05 	6.397098e-05 	-3.355795e+00 	6.253401e-05 	-4.349984e-01 
2.519100e-02 	6.250000e-05 	6.359557e-05 	-2.269292e+00 	6.213685e-05 	7.522095e-01 
2.549100e-02 	6.237000e-05 	6.321788e-05 	-1.764391e+00 	6.173793e-05 	1.315297e+00 
2.579000e-02 	5.968000e-05 	6.283932e-05 	-6.484650e+00 	6.133879e-05 	-3.404733e+00 
2.609000e-02 	5.860000e-05 	6.245745e-05 	-8.146502e+00 	6.093681e-05 	-4.935082e+00 
2.639000e-02 	6.093000e-05 	6.207371e-05 	-2.411925e+00 	6.053355e-05 	8.360611e-01 
2.669000e-02 	5.881000e-05 	6.168817e-05 	-6.054079e+00 	6.012903e-05 	-2.774507e+00 
2.699000e-02 	5.863000e-05 	6.130086e-05 	-5.736266e+00 	5.972341e-05 	-2.348349e+00 
2.729000e-02 	5.797000e-05 	6.091209e-05 	-6.401689e+00 	5.931683e-05 	-2.930566e+00 
2.759000e-02 	5.820000e-05 	6.052182e-05 	-5.046665e+00 	5.890939e-05 	-1.541916e+00 
2.789000e-02 	5.735000e-05 	6.013017e-05 	-6.151496e+00 	5.850113e-05 	-2.547019e+00 
2.818900e-02 	5.700000e-05 	5.973862e-05 	-6.075025e+00 	5.809364e-05 	-2.425998e+00 
2.848900e-02 	5.720000e-05 	5.934465e-05 	-4.864584e+00 	5.768427e-05 	-1.098451e+00 
2.878900e-02 	5.609000e-05 	5.894964e-05 	-6.554293e+00 	5.727447e-05 	-2.714796e+00 
2.908900e-02 	5.714000e-05 	5.855369e-05 	-3.284978e+00 	5.686430e-05 	6.406415e-01 
2.938900e-02 	5.643000e-05 	5.815691e-05 	-4.034463e+00 	5.645388e-05 	-5.579486e-02 
2.968900e-02 	5.607000e-05 	5.775935e-05 	-4.036971e+00 	5.604329e-05 	6.382360e-02 
2.998900e-02 	5.477000e-05 	5.736118e-05 	-6.169766e+00 	5.563260e-05 	-2.053907e+00 
3.028900e-02 	5.608000e-05 	5.696242e-05 	-2.108873e+00 	5.522196e-05 	2.050607e+00 
3.058900e-02 	5.558000e-05 	5.656320e-05 	-2.389009e+00 	5.481140e-05 	1.867579e+00 
3.088800e-02 	5.499000e-05 	5.616484e-05 	-2.880918e+00 	5.440230e-05 	1.441152e+00 
3.118800e-02 	5.457000e-05 	5.576483e-05 	-2.982756e+00 	5.399204e-05 	1.442797e+00 
3.148800e-02 	5.385000e-05 	5.536464e-05 	-3.757756e+00 	5.358220e-05 	6.643981e-01 
3.178800e-02 	5.498000e-05 	5.496424e-05 	4.014780e-02 	5.317262e-05 	4.602913e+00 
3.208800e-02 	5.335000e-05 	5.456379e-05 	-3.106538e+00 	5.276356e-05 	1.500912e+00 
3.238800e-02 	5.134000e-05 	5.416327e-05 	-7.228964e+00 	5.235497e-05 	-2.598831e+00 
3.268800e-02 	5.267000e-05 	5.376284e-05 	-2.819856e+00 	5.194701e-05 	1.865530e+00 
3.298800e-02 	5.005000e-05 	5.336239e-05 	-8.570447e+00 	5.153959e-05 	-3.854148e+00 
3.328700e-02 	5.048000e-05 	5.296342e-05 	-6.474827e+00 	5.113422e-05 	-1.705690e+00 
3.358700e-02 	4.954000e-05 	5.256331e-05 	-7.980641e+00 	5.072820e-05 	-3.136506e+00 
3.388700e-02 	5.115000e-05 	5.216340e-05 	-2.675856e+00 	5.032298e-05 	2.183734e+00 
3.418700e-02 	5.125000e-05 	5.176372e-05 	-1.364704e+00 	4.991848e-05 	3.537220e+00 
3.448700e-02 	4.919000e-05 	5.136445e-05 	-5.692720e+00 	4.951501e-05 	-8.508692e-01 
3.478700e-02 	4.948000e-05 	5.096547e-05 	-3.997284e+00 	4.911237e-05 	9.892607e-01 
3.508700e-02 	4.871000e-05 	5.056690e-05 	-5.012024e+00 	4.871069e-05 	-1.855489e-03 
3.538700e-02 	4.752000e-05 	5.016884e-05 	-7.045354e+00 	4.831007e-05 	-2.101413e+00 
3.568600e-02 	4.716000e-05 	4.977264e-05 	-7.001589e+00 	4.791192e-05 	-2.015070e+00 
3.598600e-02 	4.826000e-05 	4.937567e-05 	-3.020211e+00 	4.751348e-05 	2.020892e+00 
3.628600e-02 	4.643000e-05 	4.897925e-05 	-7.020401e+00 	4.711620e-05 	-1.889740e+00 
3.658600e-02 	4.621000e-05 	4.858350e-05 	-4.115946e+00 	4.672013e-05 	-8.846283e-01 
3.688600e-02 	4.613000e-05 	4.818848e-05 	-5.647859e+00 	4.632538e-05 	-5.360677e-01 
3.718600e-02 	4.622000e-05 	4.779418e-05 	-4.330370e+00 	4.593190e-05 	7.925322e-01 
3.748600e-02 	4.520000e-05 	4.740068e-05 	-6.146627e+00 	4.553981e-05 	-9.490969e-01 
3.778600e-02 	4.442000e-05 	4.700798e-05 	-7.167537e+00 	4.514903e-05 	-2.019093e+00 
3.808500e-02 	4.479000e-05 	4.661742e-05 	-5.120973e+00 	4.476095e-05 	8.139313e-02 
3.838500e-02 	4.410000e-05 	4.622647e-05 	-5.998839e+00 	4.437302e-05 	-7.701892e-01 
3.868500e-02 	4.432000e-05 	4.583651e-05 	-4.274387e+00 	4.398666e-05 	9.395409e-01 
3.898500e-02 	4.293000e-05 	4.544749e-05 	-7.046467e+00 	4.360173e-05 	-1.880174e+00 
3.928500e-02 	4.381000e-05 	4.505947e-05 	-3.543276e+00 	4.321837e-05 	1.677758e+00 
3.958500e-02 	4.344000e-05 	4.467260e-05 	-3.501798e+00 	4.283670e-05 	1.713974e+00 
3.988500e-02 	4.296000e-05 	4.428678e-05 	-3.839742e+00 	4.245664e-05 	1.456742e+00 
4.018500e-02 	4.232000e-05 	4.390211e-05 	-4.501797e+00 	4.207821e-05 	6.880073e-01 
4.048500e-02 	4.223000e-05 	4.351868e-05 	-3.674598e+00 	4.170158e-05 	1.506772e+00 
4.078400e-02 	4.135000e-05 	4.313771e-05 	-5.176512e+00 	4.132789e-05 	6.401378e-02 
4.108400e-02 	4.146000e-05 	4.275670e-05 	-3.820013e+00 	4.095468e-05 	1.488641e+00 
4.138400e-02 	4.038000e-05 	4.237700e-05 	-5.866297e+00 	4.058335e-05 	-5.973388e-01 
4.168400e-02 	3.964000e-05 	4.199861e-05 	-6.896127e+00 	4.021378e-05 	-1.677630e+00 
4.198400e-02 	3.850000e-05 	4.162156e-05 	-9.154665e+00 	3.984605e-05 	-3.947590e+00 
4.228400e-02 	3.948000e-05 	4.124596e-05 	-5.246478e+00 	3.948028e-05 	-8.441176e-04 
4.258400e-02 	3.840000e-05 	4.087173e-05 	-7.280297e+00 	3.911636e-05 	-2.109972e+00 
4.288400e-02 	3.847000e-05 	4.049905e-05 	-6.039734e+00 	3.875446e-05 	-8.467196e-01 
4.318300e-02 	3.880000e-05 	4.012899e-05 	-3.805060e+00 	3.839558e-05 	1.157893e+00 
4.348300e-02 	3.914000e-05 	3.975928e-05 	-1.794187e+00 	3.803759e-05 	3.193920e+00 
4.378300e-02 	3.751000e-05 	3.939113e-05 	-5.320827e+00 	3.768161e-05 	-4.854078e-01 
4.408300e-02 	3.800000e-05 	3.902457e-05 	-2.891169e+00 	3.732766e-05 	1.897224e+00 
4.438300e-02 	3.630000e-05 	3.865964e-05 	-6.626706e+00 	3.697579e-05 	-1.897854e+00 
4.468300e-02 	3.726000e-05 	3.829637e-05 	-2.864792e+00 	3.662600e-05 	1.752544e+00 
4.498300e-02 	3.486000e-05 	3.793476e-05 	-8.710867e+00 	3.627831e-05 	-4.018103e+00 
4.528200e-02 	3.568000e-05 	3.757609e-05 	-5.246234e+00 	3.593394e-05 	-7.026297e-01 
4.558200e-02 	3.440000e-05 	3.721798e-05 	-7.852583e+00 	3.559056e-05 	-3.317608e+00 
4.588200e-02 	3.569000e-05 	3.686163e-05 	-3.249210e+00 	3.524937e-05 	1.221962e+00 
4.618200e-02 	3.384000e-05 	3.650710e-05 	-7.319749e+00 	3.491042e-05 	-2.937721e+00 
4.648200e-02 	3.429000e-05 	3.615434e-05 	-5.191277e+00 	3.457358e-05 	-7.896365e-01 
4.678200e-02 	3.363000e-05 	3.580342e-05 	-5.838449e+00 	3.423901e-05 	-1.635992e+00 
4.708200e-02 	3.407000e-05 	3.545440e-05 	-3.773246e+00 	3.390672e-05 	4.450170e-01 
4.738200e-02 	3.334000e-05 	3.510729e-05 	-4.896639e+00 	3.357669e-05 	-6.558011e-01 
4.768100e-02 	3.297000e-05 	3.476318e-05 	-4.883792e+00 	3.324998e-05 	-7.625415e-01 
4.798100e-02 	3.230000e-05 	3.441989e-05 	-5.816686e+00 	3.292450e-05 	-1.713552e+00 
4.828100e-02 	3.149000e-05 	3.407852e-05 	-7.025800e+00 	3.260128e-05 	-3.016267e+00 
4.858100e-02 	3.250000e-05 	3.373918e-05 	-3.409963e+00 	3.228043e-05 	6.042154e-01 
4.888100e-02 	3.151000e-05 	3.340178e-05 	-5.180546e+00 	3.196183e-05 	-1.237321e+00 
4.918100e-02 	3.087000e-05 	3.306645e-05 	-5.981455e+00 	3.164558e-05 	-2.112099e+00 
4.948100e-02 	3.091000e-05 	3.273314e-05 	-4.989447e+00 	3.133166e-05 	-1.153958e+00 
4.978100e-02 	3.114000e-05 	3.240192e-05 	-3.575262e+00 	3.102012e-05 	3.396559e-01 
5.008000e-02 	3.153000e-05 	3.207387e-05 	-1.567877e+00 	3.071197e-05 	2.358248e+00 
5.038000e-02 	2.941000e-05 	3.174676e-05 	-6.610552e+00 	3.040509e-05 	-2.815041e+00 
5.068000e-02 	3.034000e-05 	3.142187e-05 	-3.054667e+00 	3.010066e-05 	6.757819e-01 
5.098000e-02 	2.983000e-05 	3.109910e-05 	-3.577442e+00 	2.979860e-05 	8.851727e-02 
5.128000e-02 	2.964000e-05 	3.077847e-05 	-3.199932e+00 	2.949893e-05 	3.965019e-01 
5.158000e-02 	2.908000e-05 	3.046013e-05 	-3.870999e+00 	2.920173e-05 	-3.414377e-01 
5.188000e-02 	2.847000e-05 	3.014392e-05 	-4.660662e+00 	2.890693e-05 	-1.216537e+00 
5.217900e-02 	2.910000e-05 	2.983097e-05 	-2.044088e+00 	2.861548e-05 	1.354934e+00 
5.247900e-02 	2.908000e-05 	2.951921e-05 	-1.225002e+00 	2.832547e-05 	2.104449e+00 
5.277900e-02 	2.890000e-05 	2.920971e-05 	-8.644027e-01 	2.803792e-05 	2.406084e+00 
5.307900e-02 	2.683000e-05 	2.890244e-05 	-5.827355e+00 	2.775275e-05 	-2.594624e+00 
5.337900e-02 	2.691000e-05 	2.859741e-05 	-4.699117e+00 	2.746995e-05 	-1.559356e+00 
5.367900e-02 	2.714000e-05 	2.829472e-05 	-3.266525e+00 	2.718963e-05 	-1.404070e-01 
5.397900e-02 	2.753000e-05 	2.799430e-05 	-1.295991e+00 	2.691171e-05 	1.725806e+00 
5.427900e-02 	2.740000e-05 	2.769613e-05 	-8.352313e-01 	2.663612e-05 	2.154498e+00 
5.457800e-02 	2.654000e-05 	2.740122e-05 	-2.429998e+00 	2.636385e-05 	4.970361e-01 
5.487800e-02 	2.676000e-05 	2.710766e-05 	-9.823945e-01 	2.609309e-05 	1.884519e+00 
5.517800e-02 	2.601000e-05 	2.681648e-05 	-2.284327e+00 	2.582475e-05 	5.247128e-01 
5.547800e-02 	2.625000e-05 	2.652757e-05 	-7.820345e-01 	2.555872e-05 	1.947656e+00 
5.577800e-02 	2.557000e-05 	2.624101e-05 	-1.887033e+00 	2.529511e-05 	7.730645e-01 
5.607800e-02 	2.500000e-05 	2.595681e-05 	-2.663420e+00 	2.503390e-05 	-9.436029e-02 
5.637800e-02 	2.422000e-05 	2.567503e-05 	-4.118052e+00 	2.477512e-05 	-1.571112e+00 
5.667700e-02 	2.367000e-05 	2.539648e-05 	-4.964436e+00 	2.451948e-05 	-2.442639e+00 
5.697700e-02 	2.394000e-05 	2.511943e-05 	-3.314213e+00 	2.426544e-05 	-9.145021e-01 
5.727700e-02 	2.330000e-05 	2.484474e-05 	-4.389709e+00 	2.401374e-05 	-2.028238e+00 
5.757700e-02 	2.429000e-05 	2.457250e-05 	-8.003405e-01 	2.376445e-05 	1.488928e+00 
5.787700e-02 	2.426000e-05 	2.430265e-05 	-1.231480e-01 	2.351748e-05 	2.143779e+00 
5.817700e-02 	2.181000e-05 	2.403524e-05 	-6.375497e+00 	2.327294e-05 	-4.191434e+00 
5.847700e-02 	2.368000e-05 	2.377016e-05 	-2.573927e-01 	2.303064e-05 	1.853767e+00 
5.877600e-02 	2.252000e-05 	2.350841e-05 	-2.875293e+00 	2.279158e-05 	-7.900400e-01 
5.907600e-02 	2.301000e-05 	2.324816e-05 	-6.839614e-01 	2.255399e-05 	1.309611e+00 
5.937600e-02 	2.305000e-05 	2.299026e-05 	1.726963e-01 	2.231868e-05 	2.114204e+00 
5.967600e-02 	2.184000e-05 	2.273480e-05 	-2.549143e+00 	2.208574e-05 	-7.000794e-01 
5.997600e-02 	2.321000e-05 	2.248167e-05 	2.091567e+00 	2.185503e-05 	3.891119e+00 
6.027600e-02 	2.070000e-05 	2.223084e-05 	-4.460740e+00 	2.162647e-05 	-2.699665e+00 
6.057600e-02 	2.171000e-05 	2.198246e-05 	-7.869196e-01 	2.140032e-05 	8.944161e-01 
6.087500e-02 	2.086000e-05 	2.173718e-05 	-2.575611e+00 	2.117706e-05 	-9.309792e-01 
6.117500e-02 	2.167000e-05 	2.149349e-05 	5.094677e-01 	2.095534e-05 	2.062746e+00 
6.147500e-02 	2.047000e-05 	2.125210e-05 	-2.248187e+00 	2.073579e-05 	-7.640339e-01 
6.177500e-02 	2.026000e-05 	2.101298e-05 	-2.203638e+00 	2.051839e-05 	-7.561959e-01 
6.207500e-02 	2.074000e-05 	2.077624e-05 	-1.042599e-01 	2.030322e-05 	1.256536e+00 
6.237500e-02 	2.045000e-05 	2.054182e-05 	-2.682455e-01 	2.009021e-05 	1.051106e+00 
6.267500e-02 	2.045000e-05 	2.030975e-05 	4.065472e-01 	1.987940e-05 	1.653949e+00 
6.297400e-02 	2.009000e-05 	2.008062e-05 	2.732128e-02 	1.967132e-05 	1.220119e+00 
6.327400e-02 	1.940000e-05 	1.985308e-05 	-1.330562e+00 	1.946472e-05 	-1.900496e-01 
6.357400e-02 	1.930000e-05 	1.962787e-05 	-9.381626e-01 	1.926026e-05 	1.137157e-01 
6.387400e-02 	1.979000e-05 	1.940489e-05 	1.133931e+00 	1.905786e-05 	2.155770e+00 
6.417400e-02 	1.766000e-05 	1.918418e-05 	-4.460849e+00 	1.885758e-05 	-3.504971e+00 
6.447400e-02 	1.841000e-05 	1.896578e-05 	-1.640790e+00 	1.865939e-05 	-7.362610e-01 
6.477400e-02 	1.900000e-05 	1.874959e-05 	7.377274e-01 	1.846322e-05 	1.581381e+00 
6.507300e-02 	1.775000e-05 	1.853635e-05 	-2.263074e+00 	1.826969e-05 	-1.495650e+00 
6.537300e-02 	1.874000e-05 	1.832467e-05 	1.235515e+00 	1.807764e-05 	1.970370e+00 
6.567300e-02 	1.898000e-05 	1.811517e-05 	2.550755e+00 	1.788752e-05 	3.222176e+00 
6.597300e-02 	1.907000e-05 	1.790789e-05 	3.435234e+00 	1.769945e-05 	4.051418e+00 
6.627300e-02 	1.881000e-05 	1.770285e-05 	3.261419e+00 	1.751332e-05 	3.819711e+00 
6.657300e-02 	1.655000e-05 	1.749998e-05 	-2.797609e+00 	1.732917e-05 	-2.294569e+00 
6.687200e-02 	1.723000e-05 	1.729998e-05 	-2.104440e-01 	1.714755e-05 	2.479508e-01 
6.717200e-02 	1.704000e-05 	1.710147e-05 	-1.796349e-01 	1.696728e-05 	2.124833e-01 
6.747200e-02 	1.625000e-05 	1.690513e-05 	-1.924255e+00 	1.678894e-05 	-1.582977e+00 
6.777200e-02 	1.670000e-05 	1.671083e-05 	-3.244484e-02 	1.661237e-05 	2.626422e-01 
6.807200e-02 	1.517000e-05 	1.651884e-05 	-4.086159e+00 	1.643784e-05 	-3.840789e+00 
6.837200e-02 	1.639000e-05 	1.632885e-05 	1.871844e-01 	1.626511e-05 	3.823010e-01 
6.867200e-02 	1.519000e-05 	1.614109e-05 	-2.890511e+00 	1.609435e-05 	-2.748464e+00 
6.897100e-02 	1.638000e-05 	1.595600e-05 	1.300924e+00 	1.592588e-05 	1.393338e+00 
6.927100e-02 	1.546000e-05 	1.577237e-05 	-9.435018e-01 	1.575869e-05 	-9.022055e-01 
6.957100e-02 	1.605000e-05 	1.559083e-05 	1.383576e+00 	1.559337e-05 	1.375926e+00 
6.987100e-02 	1.619000e-05 	1.541140e-05 	2.349425e+00 	1.542983e-05 	2.293806e+00 
7.017100e-02 	1.545000e-05 	1.523410e-05 	6.479015e-01 	1.526816e-05 	5.456902e-01 
7.047100e-02 	1.574000e-05 	1.505874e-05 	2.062189e+00 	1.510813e-05 	1.912658e+00 
7.077000e-02 	1.355000e-05 	1.488610e-05 	-3.967620e+00 	1.495056e-05 	-4.159045e+00 
7.107000e-02 	1.560000e-05 	1.471485e-05 	2.662032e+00 	1.479412e-05 	2.423622e+00 
7.137000e-02 	1.512000e-05 	1.454566e-05 	1.743105e+00 	1.463941e-05 	1.458583e+00 
7.167000e-02 	1.517000e-05 	1.437844e-05 	2.432491e+00 	1.448645e-05 	2.100581e+00 
7.197000e-02 	1.424000e-05 	1.421320e-05 	8.244964e-02 	1.433515e-05 	-2.926933e-01 
7.227000e-02 	1.296000e-05 	1.404993e-05 	-3.285190e+00 	1.418557e-05 	-3.694047e+00 
7.257000e-02 	1.508000e-05 	1.388864e-05 	3.648312e+00 	1.403770e-05 	3.191846e+00 
7.286900e-02 	1.406000e-05 	1.372977e-05 	1.014010e+00 	1.389190e-05 	5.161663e-01 
7.316900e-02 	1.456000e-05 	1.357233e-05 	3.051768e+00 	1.374729e-05 	2.511166e+00 
7.346900e-02 	1.474000e-05 	1.341672e-05 	4.072397e+00 	1.360423e-05 	3.495315e+00 
7.376900e-02 	1.328000e-05 	1.326300e-05 	5.238230e-02 	1.346281e-05 	-5.633455e-01 
7.406900e-02 	1.322000e-05 	1.311122e-05 	3.357850e-01 	1.332298e-05 	-3.178631e-01 
7.436900e-02 	1.352000e-05 	1.296121e-05 	1.716135e+00 	1.318469e-05 	1.029802e+00 
7.466800e-02 	1.391000e-05 	1.281358e-05 	3.379526e+00 	1.304848e-05 	2.655486e+00 
7.496800e-02 	1.267000e-05 	1.266726e-05 	8.374596e-03 	1.291330e-05 	-7.447999e-01 
7.526800e-02 	1.126000e-05 	1.252272e-05 	-3.864713e+00 	1.277960e-05 	-4.650935e+00 
7.556800e-02 	1.282000e-05 	1.237995e-05 	1.372426e+00 	1.264739e-05 	5.383258e-01 
7.586800e-02 	1.295000e-05 	1.223896e-05 	2.191056e+00 	1.251671e-05 	1.335159e+00 
7.616800e-02 	1.345000e-05 	1.209979e-05 	4.192019e+00 	1.238755e-05 	3.298618e+00 
7.646700e-02 	1.225000e-05 	1.196277e-05 	8.903179e-01 	1.226025e-05 	-3.178058e-02 
7.676700e-02 	1.254000e-05 	1.182702e-05 	2.214508e+00 	1.213398e-05 	1.261099e+00 
7.706700e-02 	1.212000e-05 	1.169297e-05 	1.337055e+00 	1.200909e-05 	3.472567e-01 
7.736700e-02 	1.182000e-05 	1.156062e-05 	8.008174e-01 	1.188565e-05 	-2.026891e-01 
7.766700e-02 	1.280000e-05 	1.142995e-05 	4.244012e+00 	1.176363e-05 	3.210356e+00 
7.796700e-02 	1.257000e-05 	1.130092e-05 	3.942223e+00 	1.164296e-05 	2.879715e+00 
7.826600e-02 	1.213000e-05 	1.117400e-05 	2.979490e+00 	1.152410e-05 	1.888360e+00 
7.856600e-02 	1.151000e-05 	1.104831e-05 	1.434876e+00 	1.140625e-05 	3.224388e-01 
7.886600e-02 	1.138000e-05 	1.092420e-05 	1.371405e+00 	1.128970e-05 	2.716959e-01 
7.916600e-02 	1.171000e-05 	1.080171e-05 	2.710823e+00 	1.117454e-05 	1.598105e+00 
7.946600e-02 	1.116000e-05 	1.068087e-05 	1.388060e+00 	1.106072e-05 	2.876302e-01 
7.976600e-02 	1.165000e-05 	1.056156e-05 	3.152520e+00 	1.094818e-05 	2.032731e+00 
8.006500e-02 	1.056000e-05 	1.044425e-05 	3.313757e-01 	1.083740e-05 	-7.941274e-01 
8.036500e-02 	1.100000e-05 	1.032806e-05 	1.897163e+00 	1.072747e-05 	7.694811e-01 
8.066500e-02 	1.098000e-05 	1.021346e-05 	2.201316e+00 	1.061891e-05 	1.036966e+00 
8.096500e-02 	1.034000e-05 	1.010034e-05 	6.691881e-01 	1.051154e-05 	-4.789901e-01 
8.126500e-02 	1.000000e-05 	9.988769e-06 	3.132510e-02 	1.040551e-05 	-1.131032e+00 
8.156500e-02 	1.213000e-05 	9.878672e-06 	5.569424e+00 	1.030070e-05 	4.525393e+00 
8.186400e-02 	9.580000e-06 	9.770382e-06 	-5.235455e-01 	1.019740e-05 	-1.697844e+00 
8.216400e-02 	1.079000e-05 	9.663213e-06 	3.091407e+00 	1.009506e-05 	1.906600e+00 
8.246400e-02 	1.010000e-05 	9.557515e-06 	1.482725e+00 	9.993935e-06 	2.898975e-01 
8.276400e-02 	1.035000e-05 	9.453239e-06 	2.479226e+00 	9.894011e-06 	1.260648e+00 
8.306400e-02 	1.008000e-05 	9.350409e-06 	1.988527e+00 	9.795282e-06 	7.760108e-01 
8.336400e-02 	1.017000e-05 	9.248901e-06 	2.533554e+00 	9.697635e-06 	1.299277e+00 
8.366300e-02 	1.007000e-05 	9.149171e-06 	2.490544e+00 	9.601538e-06 	1.267037e+00 
8.396300e-02 	1.068000e-05 	9.050459e-06 	4.296973e+00 	9.506290e-06 	3.094982e+00 
8.426300e-02 	9.950000e-06 	8.953095e-06 	2.865081e+00 	9.412104e-06 	1.545900e+00 
8.456300e-02 	9.260000e-06 	8.857065e-06 	1.183224e+00 	9.319084e-06 	-1.735013e-01 
8.486300e-02 	9.640000e-06 	8.762349e-06 	2.571343e+00 	9.227150e-06 	1.209569e+00 
8.516300e-02 	8.850000e-06 	8.668945e-06 	5.342737e-01 	9.136319e-06 	-8.448968e-01 
8.546200e-02 	9.720000e-06 	8.577196e-06 	3.442283e+00 	9.046901e-06 	2.027467e+00 
8.576200e-02 	8.790000e-06 	8.486337e-06 	9.204976e-01 	8.958214e-06 	-5.099106e-01 
8.606200e-02 	8.860000e-06 	8.396783e-06 	1.407271e+00 	8.870605e-06 	-3.221840e-02 
8.636200e-02 	9.670000e-06 	8.308480e-06 	4.195359e+00 	8.784085e-06 	2.729841e+00 
8.666200e-02 	8.430000e-06 	8.221364e-06 	6.614751e-01 	8.698507e-06 	-8.512949e-01 
8.696100e-02 	9.540000e-06 	8.135774e-06 	4.462252e+00 	8.614269e-06 	2.941725e+00 
8.726100e-02 	9.540000e-06 	8.051125e-06 	4.687895e+00 	8.530828e-06 	3.177492e+00 
8.756100e-02 	7.910000e-06 	7.967677e-06 	-1.802124e-01 	8.448363e-06 	-1.682120e+00 
8.786100e-02 	8.100000e-06 	7.885347e-06 	6.764344e-01 	8.366881e-06 	-8.410203e-01 
8.816100e-02 	8.870000e-06 	7.804265e-06 	3.320564e+00 	8.286398e-06 	1.818358e+00 
8.846100e-02 	7.090000e-06 	7.724253e-06 	-2.005987e+00 	8.206857e-06 	-3.532344e+00 
8.876000e-02 	8.180000e-06 	7.645674e-06 	1.672066e+00 	8.128567e-06 	1.609486e-01 
8.906000e-02 	7.760000e-06 	7.567957e-06 	6.035846e-01 	8.050983e-06 	-9.145507e-01 
8.936000e-02 	8.310000e-06 	7.491381e-06 	2.583862e+00 	7.974377e-06 	1.059350e+00 
8.966000e-02 	8.300000e-06 	7.415963e-06 	2.780252e+00 	7.898749e-06 	1.261914e+00 
8.996000e-02 	8.870000e-06 	7.341493e-06 	4.965264e+00 	7.823942e-06 	3.398058e+00 
9.025900e-02 	7.000000e-06 	7.268403e-06 	-8.498867e-01 	7.750346e-06 	-2.375940e+00 
9.055900e-02 	8.000000e-06 	7.196176e-06 	2.566406e+00 	7.677495e-06 	1.029678e+00 
9.085900e-02 	7.660000e-06 	7.124978e-06 	1.709827e+00 	7.605481e-06 	1.742331e-01 
9.115900e-02 	7.960000e-06 	7.054779e-06 	2.900700e+00 	7.534373e-06 	1.363884e+00 
9.145900e-02 	7.920000e-06 	6.985591e-06 	2.986764e+00 	7.464100e-06 	1.457248e+00 
9.175900e-02 	7.700000e-06 	6.917469e-06 	2.508355e+00 	7.394761e-06 	9.784245e-01 
9.205800e-02 	8.010000e-06 	6.850575e-06 	3.799151e+00 	7.326543e-06 	2.239520e+00 
9.235800e-02 	7.620000e-06 	6.784352e-06 	2.709097e+00 	7.258857e-06 	1.170795e+00 
9.265800e-02 	7.230000e-06 	6.719157e-06 	1.626576e+00 	7.192065e-06 	1.207906e-01 
9.295800e-02 	6.730000e-06 	6.654917e-06 	2.421265e-01 	7.126115e-06 	-1.277378e+00 
9.325800e-02 	6.670000e-06 	6.591575e-06 	2.498975e-01 	7.060964e-06 	-1.245782e+00 
9.355700e-02 	7.700000e-06 	6.529428e-06 	3.834296e+00 	6.996852e-06 	2.303214e+00 
9.385700e-02 	7.140000e-06 	6.467934e-06 	2.176097e+00 	6.933337e-06 	6.691589e-01 
9.415700e-02 	7.330000e-06 	6.407399e-06 	2.991863e+00 	6.870635e-06 	1.489654e+00 
9.445700e-02 	6.420000e-06 	6.347676e-06 	2.337937e-01 	6.808669e-06 	-1.256405e+00 
9.475700e-02 	7.410000e-06 	6.288894e-06 	3.608905e+00 	6.747528e-06 	2.132533e+00 
9.505600e-02 	7.430000e-06 	6.231149e-06 	3.920889e+00 	6.687323e-06 	2.428953e+00 
9.535600e-02 	7.730000e-06 	6.174100e-06 	5.093797e+00 	6.627728e-06 	3.608681e+00 
9.565600e-02 	7.060000e-06 	6.117826e-06 	3.099153e+00 	6.568814e-06 	1.615689e+00 
9.595600e-02 	7.940000e-06 	6.062381e-06 	6.216253e+00 	6.510642e-06 	4.732190e+00 
9.625600e-02 	6.930000e-06 	6.007722e-06 	2.970490e+00 	6.453189e-06 	1.535722e+00 
9.655600e-02 	6.680000e-06 	5.953938e-06 	2.391981e+00 	6.396520e-06 	9.339144e-01 
9.685500e-02 	6.560000e-06 	5.901113e-06 	2.149502e+00 	6.340711e-06 	7.153902e-01 
9.715500e-02 	6.490000e-06 	5.848836e-06 	2.124537e+00 	6.285388e-06 	6.779949e-01 
9.745500e-02 	6.770000e-06 	5.797301e-06 	3.208958e+00 	6.230786e-06 	1.778878e+00 
9.775500e-02 	6.850000e-06 	5.746646e-06 	3.613881e+00 	6.176981e-06 	2.204378e+00 
9.805500e-02 	6.840000e-06 	5.696609e-06 	3.789452e+00 	6.123674e-06 	2.374064e+00 
9.835400e-02 	6.070000e-06 	5.647514e-06 	1.394480e+00 	6.071314e-06 	-4.337723e-03 
9.865400e-02 	5.870000e-06 	5.598970e-06 	9.001344e-01 	6.019426e-06 	-4.962659e-01 
9.895400e-02 	5.820000e-06 	5.551119e-06 	8.798178e-01 	5.968160e-06 	-4.848001e-01 
9.925400e-02 	6.220000e-06 	5.504071e-06 	2.352011e+00 	5.917615e-06 	9.934134e-01 
9.955400e-02 	5.270000e-06 	5.457667e-06 	-6.215990e-01 	5.867684e-06 	-1.979677e+00 
9.985300e-02 	6.050000e-06 	5.412109e-06 	2.105390e+00 	5.818539e-06 	7.639465e-01 
1.001500e-01 	6.940000e-06 	5.367536e-06 	5.209075e+00 	5.770387e-06 	3.874559e+00 
1.004500e-01 	5.940000e-06 	5.323168e-06 	2.030122e+00 	5.722335e-06 	7.163812e-01 
1.007500e-01 	6.000000e-06 	5.279493e-06 	2.389822e+00 	5.674938e-06 	1.078185e+00 
1.010500e-01 	6.230000e-06 	5.236429e-06 	3.324093e+00 	5.628101e-06 	2.013714e+00 
1.013500e-01 	6.740000e-06 	5.194091e-06 	5.162323e+00 	5.581947e-06 	3.867138e+00 
1.016500e-01 	6.360000e-06 	5.152324e-06 	4.047714e+00 	5.536307e-06 	2.760734e+00 
1.019500e-01 	6.500000e-06 	5.111168e-06 	4.623122e+00 	5.491251e-06 	3.357908e+00 
1.022500e-01 	5.830000e-06 	5.070695e-06 	2.558910e+00 	5.446864e-06 	1.291195e+00 
1.025500e-01 	4.970000e-06 	5.030821e-06 	-2.030413e-01 	5.403028e-06 	-1.445594e+00 
1.028500e-01 	6.020000e-06 	4.991510e-06 	3.440457e+00 	5.359720e-06 	2.208738e+00 
1.031500e-01 	5.220000e-06 	4.952804e-06 	8.982601e-01 	5.316982e-06 	-3.260343e-01 
1.034500e-01 	5.640000e-06 	4.914700e-06 	2.438968e+00 	5.274812e-06 	1.228018e+00 
1.037500e-01 	5.610000e-06 	4.877146e-06 	2.490158e+00 	5.233178e-06 	1.280400e+00 
1.040500e-01 	6.100000e-06 	4.840167e-06 	4.239434e+00 	5.192103e-06 	3.055145e+00 
1.043500e-01 	5.730000e-06 	4.803738e-06 	3.121776e+00 	5.151548e-06 	1.949553e+00 
1.046500e-01 	5.600000e-06 	4.767936e-06 	2.857656e+00 	5.111606e-06 	1.677349e+00 
1.049500e-01 	5.460000e-06 	4.732558e-06 	2.500659e+00 	5.072089e-06 	1.333487e+00 
1.052500e-01 	5.670000e-06 	4.697751e-06 	3.389871e+00 	5.033082e-06 	2.220698e+00 
1.055500e-01 	4.630000e-06 	4.663479e-06 	-1.133700e-01 	4.994630e-06 	-1.234735e+00 
1.058500e-01 	5.870000e-06 	4.629678e-06 	4.261102e+00 	4.956599e-06 	3.137971e+00 
1.061500e-01 	4.680000e-06 	4.596397e-06 	2.866078e-01 	4.919102e-06 	-8.196829e-01 
1.064500e-01 	5.270000e-06 	4.563622e-06 	2.445907e+00 	4.882096e-06 	1.343158e+00 
1.067500e-01 	3.990000e-06 	4.531313e-06 	-1.834276e+00 	4.845597e-06 	-2.899246e+00 
1.070500e-01 	4.990000e-06 	4.499504e-06 	1.660671e+00 	4.809568e-06 	6.108895e-01 
1.073500e-01 	6.080000e-06 	4.468157e-06 	5.597259e+00 	4.773993e-06 	4.535220e+00 
1.076500e-01 	4.600000e-06 	4.437255e-06 	5.654013e-01 	4.738840e-06 	-4.823520e-01 
1.079500e-01 	4.250000e-06 	4.406743e-06 	-5.398781e-01 	4.704140e-06 	-1.564219e+00 
1.082500e-01 	5.220000e-06 	4.376765e-06 	2.912124e+00 	4.669907e-06 	1.899756e+00 
1.085500e-01 	5.500000e-06 	4.347133e-06 	3.962694e+00 	4.636068e-06 	2.969553e+00 
1.088500e-01 	4.730000e-06 	4.317969e-06 	1.351054e+00 	4.602721e-06 	4.173501e-01 
1.091500e-01 	4.750000e-06 	4.289190e-06 	1.548943e+00 	4.569750e-06 	6.058812e-01 
1.094500e-01 	5.070000e-06 	4.260836e-06 	2.808233e+00 	4.537242e-06 	1.848957e+00 
1.097500e-01 	4.340000e-06 	4.232866e-06 	3.683347e-01 	4.505095e-06 	-5.676116e-01 
1.100500e-01 	5.110000e-06 	4.205274e-06 	3.123299e+00 	4.473359e-06 	2.197816e+00 
1.103500e-01 	5.070000e-06 	4.178093e-06 	3.116269e+00 	4.442061e-06 	2.193978e+00 
1.106500e-01 	4.270000e-06 	4.151259e-06 	4.098196e-01 	4.411070e-06 	-4.868841e-01 
1.109500e-01 	4.990000e-06 	4.124830e-06 	3.025810e+00 	4.380556e-06 	2.131446e+00 
1.112500e-01 	4.070000e-06 	4.098719e-06 	-1.004970e-01 	4.350389e-06 	-9.811688e-01 
1.115500e-01 	5.070000e-06 	4.073037e-06 	3.478101e+00 	4.320633e-06 	2.614314e+00 
1.118400e-01 	3.960000e-06 	4.048486e-06 	-3.069974e-01 	4.292187e-06 	-1.152508e+00 
1.121400e-01 	4.240000e-06 	4.023427e-06 	7.543988e-01 	4.263101e-06 	-8.046848e-02 
1.124400e-01 	3.710000e-06 	3.998740e-06 	-1.017514e+00 	4.234402e-06 	-1.847983e+00 
1.127400e-01 	3.700000e-06 	3.974425e-06 	-9.568849e-01 	4.206104e-06 	-1.764721e+00 
1.130400e-01 	4.830000e-06 	3.950490e-06 	3.117835e+00 	4.178211e-06 	2.310572e+00 
1.133400e-01 	3.880000e-06 	3.926779e-06 	-1.667586e-01 	4.150541e-06 	-9.644270e-01 
1.136400e-01 	3.420000e-06 	3.903407e-06 	-1.730905e+00 	4.123277e-06 	-2.518178e+00 
1.139400e-01 	3.870000e-06 	3.880397e-06 	-3.684520e-02 	4.096340e-06 	-8.020826e-01 
1.142400e-01 	3.510000e-06 	3.857701e-06 	-1.217740e+00 	4.069752e-06 	-1.960398e+00 
1.145400e-01 	4.690000e-06 	3.835319e-06 	3.011560e+00 	4.043527e-06 	2.277916e+00 
1.148400e-01 	3.970000e-06 	3.813159e-06 	5.584103e-01 	4.017545e-06 	-1.692785e-01 
1.151400e-01 	4.160000e-06 	3.791363e-06 	1.307781e+00 	3.991928e-06 	5.962529e-01 
1.154400e-01 	3.080000e-06 	3.769872e-06 	-2.457247e+00 	3.966636e-06 	-3.158096e+00 
1.157400e-01 	4.430000e-06 	3.748646e-06 	2.415548e+00 	3.941661e-06 	1.731269e+00 
1.160400e-01 	4.890000e-06 	3.727719e-06 	4.132848e+00 	3.916976e-06 	3.459887e+00 
1.163400e-01 	4.910000e-06 	3.707079e-06 	4.289253e+00 	3.892642e-06 	3.627590e+00 
1.166400e-01 	3.680000e-06 	3.686699e-06 	-2.365908e-02 	3.868575e-06 	-6.660366e-01 
1.169400e-01 	3.910000e-06 	3.666563e-06 	8.603541e-01 	3.844774e-06 	2.305224e-01 
1.172400e-01 	3.830000e-06 	3.646706e-06 	6.517121e-01 	3.821284e-06 	3.099015e-02 
1.175400e-01 	3.210000e-06 	3.627132e-06 	-1.492744e+00 	3.798108e-06 	-2.104595e+00 
1.178400e-01 	4.790000e-06 	3.607809e-06 	4.208285e+00 	3.775178e-06 	3.612493e+00 
1.181400e-01 	3.490000e-06 	3.588695e-06 	-3.508899e-01 	3.752522e-06 	-9.333452e-01 
1.184400e-01 	3.980000e-06 	3.569855e-06 	1.454878e+00 	3.730145e-06 	8.862941e-01 
1.187400e-01 	3.990000e-06 	3.551245e-06 	1.563076e+00 	3.708044e-06 	1.004476e+00 
1.190400e-01 	3.930000e-06 	3.532852e-06 	1.421277e+00 	3.686223e-06 	8.724097e-01 
1.193400e-01 	3.760000e-06 	3.514725e-06 	8.604630e-01 	3.664621e-06 	3.346037e-01 
1.196400e-01 	3.530000e-06 	3.496765e-06 	1.193856e-01 	3.643273e-06 	-4.069010e-01 
1.199400e-01 	2.970000e-06 	3.479080e-06 	-1.822176e+00 	3.622243e-06 	-2.334608e+00 
1.202400e-01 	4.210000e-06 	3.461605e-06 	2.695560e+00 	3.601405e-06 	2.192030e+00 
1.205400e-01 	4.230000e-06 	3.444277e-06 	2.770827e+00 	3.580738e-06 	2.289600e+00 
1.208400e-01 	4.180000e-06 	3.427233e-06 	2.691721e+00 	3.560425e-06 	2.215458e+00 
1.211400e-01 	4.390000e-06 	3.410311e-06 	3.565749e+00 	3.540318e-06 	3.092564e+00 
1.214400e-01 	3.820000e-06 	3.393615e-06 	1.518952e+00 	3.520389e-06 	1.067332e+00 
1.217400e-01 	4.370000e-06 	3.377145e-06 	3.611564e+00 	3.500753e-06 	3.161933e+00 
1.220400e-01 	4.040000e-06 	3.360839e-06 	2.427568e+00 	3.481308e-06 	1.996969e+00 
1.223400e-01 	3.700000e-06 	3.344648e-06 	1.272889e+00 	3.462026e-06 	8.524329e-01 
1.226400e-01 	3.900000e-06 	3.328652e-06 	2.092236e+00 	3.443008e-06 	1.673474e+00 
1.229400e-01 	3.960000e-06 	3.312902e-06 	2.252264e+00 	3.424220e-06 	1.864814e+00 
1.232400e-01 	3.180000e-06 	3.297258e-06 	-4.081788e-01 	3.405564e-06 	-7.852003e-01 
1.235400e-01 	3.370000e-06 	3.281785e-06 	2.999910e-01 	3.387145e-06 	-5.830334e-02 
1.238400e-01 	3.340000e-06 	3.266437e-06 	2.491144e-01 	3.368876e-06 	-9.778608e-02 
1.241400e-01 	4.020000e-06 	3.251358e-06 	2.631886e+00 	3.350928e-06 	2.290949e+00 
1.244300e-01 	3.190000e-06 	3.236806e-06 	-1.543223e-01 	3.333681e-06 	-4.737251e-01 
1.247300e-01 	3.770000e-06 	3.221966e-06 	1.855416e+00 	3.315984e-06 	1.537108e+00 
1.250300e-01 	3.130000e-06 	3.207223e-06 	-2.551217e-01 	3.298498e-06 	-5.566700e-01 
1.253300e-01 	3.180000e-06 	3.192665e-06 	-4.395750e-02 	3.281196e-06 	-3.512402e-01 
1.256300e-01 	3.280000e-06 	3.178281e-06 	3.565223e-01 	3.264106e-06 	5.570751e-02 
1.259300e-01 	3.260000e-06 	3.163985e-06 	3.329575e-01 	3.247166e-06 	4.450383e-02 
1.262300e-01 	4.480000e-06 	3.149876e-06 	4.751631e+00 	3.230433e-06 	4.463856e+00 
1.265300e-01 	3.310000e-06 	3.135880e-06 	6.076013e-01 	3.213817e-06 	3.356341e-01 
1.268300e-01 	3.700000e-06 	3.121973e-06 	2.036525e+00 	3.197324e-06 	1.771045e+00 
1.271300e-01 	2.450000e-06 	3.108221e-06 	-2.307603e+00 	3.181077e-06 	-2.563023e+00 
1.274300e-01 	2.630000e-06 	3.094614e-06 	-1.629826e+00 	3.164964e-06 	-1.876606e+00 
1.277300e-01 	3.030000e-06 	3.081116e-06 	-1.829043e-01 	3.149008e-06 	-4.258355e-01 
1.280300e-01 	3.480000e-06 	3.067720e-06 	1.446951e+00 	3.133178e-06 	1.217218e+00 
1.283300e-01 	3.500000e-06 	3.054532e-06 	1.573701e+00 	3.117598e-06 	1.350910e+00 
1.286300e-01 	2.910000e-06 	3.041351e-06 	-4.691944e-01 	3.102073e-06 	-6.860979e-01 
1.289300e-01 	2.800000e-06 	3.028376e-06 	-8.181410e-01 	3.086721e-06 	-1.027158e+00 
1.292300e-01 	2.920000e-06 	3.015423e-06 	-3.407595e-01 	3.071491e-06 	-5.409809e-01 
1.295300e-01 	3.320000e-06 	3.002622e-06 	1.130262e+00 	3.056402e-06 	9.387392e-01 
1.298300e-01 	2.890000e-06 	2.989974e-06 	-3.594107e-01 	3.041524e-06 	-5.447361e-01 
1.301300e-01 	3.680000e-06 	2.977372e-06 	2.543451e+00 	3.026707e-06 	2.364860e+00 
1.304300e-01 	2.820000e-06 	2.964922e-06 	-5.250411e-01 	3.012080e-06 	-6.958934e-01 
1.307300e-01 	2.680000e-06 	2.952546e-06 	-9.718174e-01 	2.997576e-06 	-1.132381e+00 
1.310300e-01 	3.360000e-06 	2.940249e-06 	1.525535e+00 	2.983180e-06 	1.369509e+00 
1.313300e-01 	2.380000e-06 	2.928070e-06 	-1.980666e+00 	2.968878e-06 	-2.128140e+00 
1.316300e-01 	3.460000e-06 	2.915981e-06 	2.004269e+00 	2.954718e-06 	1.861557e+00 
1.319300e-01 	3.160000e-06 	2.903944e-06 	9.335569e-01 	2.940662e-06 	7.996870e-01 
1.322300e-01 	3.250000e-06 	2.892045e-06 	1.318193e+00 	2.926788e-06 	1.190249e+00 
1.325300e-01 	3.610000e-06 	2.880233e-06 	2.687118e+00 	2.913000e-06 	2.566464e+00 
1.328300e-01 	1.860000e-06 	2.868489e-06 	-3.705635e+00 	2.899318e-06 	-3.818915e+00 
1.331300e-01 	3.050000e-06 	2.856915e-06 	7.114935e-01 	2.885819e-06 	6.049839e-01 
1.334300e-01 	2.990000e-06 	2.845277e-06 	5.339166e-01 	2.872331e-06 	4.341073e-01 
1.337300e-01 	3.080000e-06 	2.833822e-06 	9.028757e-01 	2.859046e-06 	8.103628e-01 
1.340300e-01 	2.850000e-06 	2.822406e-06 	1.020350e-01 	2.845785e-06 	1.558538e-02 
1.343300e-01 	2.860000e-06 	2.811039e-06 	1.816469e-01 	2.832626e-06 	1.015572e-01 
1.346300e-01 	2.830000e-06 	2.799804e-06 	1.117347e-01 	2.819632e-06 	3.836529e-02 
1.349300e-01 	3.340000e-06 	2.788591e-06 	2.052749e+00 	2.806713e-06 	1.985284e+00 
1.352300e-01 	2.420000e-06 	2.777498e-06 	-1.320740e+00 	2.793894e-06 	-1.381314e+00 
1.355300e-01 	2.830000e-06 	2.766390e-06 	2.373058e-01 	2.781133e-06 	1.823041e-01 
1.358200e-01 	2.910000e-06 	2.755810e-06 	5.714138e-01 	2.768969e-06 	5.226477e-01 
1.361200e-01 	2.150000e-06 	2.744860e-06 	-2.216237e+00 	2.756417e-06 	-2.259292e+00 
1.364200e-01 	2.280000e-06 	2.733978e-06 	-1.696225e+00 	2.743969e-06 	-1.733556e+00 
1.367200e-01 	2.580000e-06 	2.723146e-06 	-5.360275e-01 	2.731568e-06 	-5.675628e-01 
1.370200e-01 	2.620000e-06 	2.712398e-06 	-3.459424e-01 	2.719309e-06 	-3.718198e-01 
1.373200e-01 	2.360000e-06 	2.701695e-06 	-1.271802e+00 	2.707096e-06 	-1.291904e+00 
1.376200e-01 	2.710000e-06 	2.691065e-06 	7.082860e-02 	2.694981e-06 	5.617846e-02 
1.379200e-01 	2.670000e-06 	2.680492e-06 	-3.945874e-02 	2.682960e-06 	-4.874111e-02 
1.382200e-01 	2.700000e-06 	2.670000e-06 	1.123553e-01 	2.671072e-06 	1.083394e-01 
1.385200e-01 	3.090000e-06 	2.659478e-06 	1.628851e+00 	2.659131e-06 	1.630166e+00 
1.388200e-01 	2.090000e-06 	2.649069e-06 	-2.087325e+00 	2.647362e-06 	-2.080951e+00 
1.391200e-01 	3.110000e-06 	2.638724e-06 	1.778399e+00 	2.635692e-06 	1.789840e+00 
1.394200e-01 	3.250000e-06 	2.628384e-06 	2.329459e+00 	2.624018e-06 	2.345821e+00 
1.397200e-01 	1.900000e-06 	2.618121e-06 	-2.685870e+00 	2.612464e-06 	-2.664713e+00 
1.400200e-01 	3.220000e-06 	2.607914e-06 	2.307669e+00 	2.600989e-06 	2.333778e+00 
1.403200e-01 	2.180000e-06 	2.597704e-06 	-1.575054e+00 	2.589538e-06 	-1.544261e+00 
1.406200e-01 	1.890000e-06 	2.587594e-06 	-2.640700e+00 	2.578236e-06 	-2.605278e+00 
1.409200e-01 	2.130000e-06 	2.577450e-06 	-1.691044e+00 	2.566896e-06 	-1.651155e+00 
1.412200e-01 	3.090000e-06 	2.567398e-06 	1.967778e+00 	2.555675e-06 	2.011917e+00 
1.415200e-01 	2.180000e-06 	2.557392e-06 	-1.435388e+00 	2.544498e-06 	-1.386346e+00 
1.418200e-01 	1.710000e-06 	2.547438e-06 	-3.168391e+00 	2.533422e-06 	-3.115365e+00 
1.421200e-01 	2.430000e-06 	2.537490e-06 	-4.106282e-01 	2.522377e-06 	-3.528936e-01 
1.424200e-01 	2.570000e-06 	2.527625e-06 	1.543870e-01 	2.511463e-06 	2.132742e-01 
1.427200e-01 	1.990000e-06 	2.517761e-06 	-1.899857e+00 	2.500507e-06 	-1.837745e+00 
1.430200e-01 	3.500000e-06 	2.507956e-06 	3.615714e+00 	2.489682e-06 	3.682318e+00 
1.433200e-01 	2.550000e-06 	2.498143e-06 	1.867452e-01 	2.478858e-06 	2.561907e-01 
1.436200e-01 	2.930000e-06 	2.488393e-06 	1.591779e+00 	2.468140e-06 	1.664780e+00 
1.439200e-01 	2.430000e-06 	2.478687e-06 	-1.723919e-01 	2.457421e-06 	-9.709167e-02 
1.442200e-01 	2.010000e-06 	2.469031e-06 	-1.620985e+00 	2.446826e-06 	-1.542574e+00 
1.445200e-01 	4.270000e-06 	2.459402e-06 	6.339630e+00 	2.436287e-06 	6.420563e+00 
1.448200e-01 	2.690000e-06 	2.449746e-06 	8.381722e-01 	2.425721e-06 	9.219908e-01 
1.451200e-01 	2.420000e-06 	2.440185e-06 	-7.018761e-02 	2.415275e-06 	1.642839e-02 
1.454200e-01 	2.890000e-06 	2.430631e-06 	1.597805e+00 	2.404859e-06 	1.687448e+00 
1.457200e-01 	2.860000e-06 	2.421128e-06 	1.522961e+00 	2.394470e-06 	1.615471e+00 
1.460100e-01 	1.760000e-06 	2.411969e-06 	-2.245847e+00 	2.384558e-06 	-2.151424e+00 
1.463100e-01 	2.330000e-06 	2.402508e-06 	-2.507376e-01 	2.374248e-06 	-1.530115e-01 
1.466100e-01 	2.320000e-06 	2.393056e-06 	-2.504754e-01 	2.364050e-06 	-1.510258e-01 
1.469100e-01 	2.880000e-06 	2.383683e-06 	1.713861e+00 	2.353861e-06 	1.816842e+00 
1.472100e-01 	2.230000e-06 	2.374316e-06 	-5.002117e-01 	2.343764e-06 	-3.943147e-01 
1.475100e-01 	1.620000e-06 	2.364963e-06 	-2.559394e+00 	2.333677e-06 	-2.451909e+00 
1.478100e-01 	2.390000e-06 	2.355656e-06 	1.247421e-01 	2.323662e-06 	2.409498e-01 
1.481100e-01 	2.420000e-06 	2.346413e-06 	2.712591e-01 	2.313643e-06 	3.920545e-01 
1.484100e-01 	3.050000e-06 	2.337139e-06 	2.633496e+00 	2.303717e-06 	2.756966e+00 
1.487100e-01 	2.330000e-06 	2.327931e-06 	7.703402e-03 	2.293862e-06 	1.345281e-01 
1.490100e-01 	1.920000e-06 	2.318701e-06 	-1.491027e+00 	2.284000e-06 	-1.361257e+00 
1.493100e-01 	2.400000e-06 	2.309505e-06 	3.443220e-01 	2.274176e-06 	4.787464e-01 
1.496100e-01 	2.990000e-06 	2.300379e-06 	2.579180e+00 	2.264398e-06 	2.713750e+00 
1.499100e-01 	2.440000e-06 	2.291207e-06 	5.620333e-01 	2.254680e-06 	7.000066e-01 
1.502100e-01 	2.020000e-06 	2.282100e-06 	-9.834912e-01 	2.244963e-06 	-8.441388e-01 
1.505100e-01 	1.660000e-06 	2.273065e-06 	-2.313541e+00 	2.235361e-06 	-2.171255e+00 
1.508100e-01 	1.980000e-06 	2.263930e-06 	-1.091746e+00 	2.225703e-06 	-9.447566e-01 
1.511100e-01 	2.470000e-06 	2.254948e-06 	8.099271e-01 	2.216169e-06 	9.559782e-01 
1.514100e-01 	2.150000e-06 	2.245921e-06 	-3.642903e-01 	2.206605e-06 	-2.149764e-01 
1.517100e-01 	2.750000e-06 	2.236942e-06 	1.951534e+00 	2.197154e-06 	2.102876e+00 
1.520100e-01 	2.150000e-06 	2.227952e-06 	-2.968796e-01 	2.187696e-06 	-1.435664e-01 
1.523100e-01 	2.010000e-06 	2.219020e-06 	-7.960546e-01 	2.178280e-06 	-6.408947e-01 
1.526100e-01 	2.030000e-06 	2.210065e-06 	-6.734685e-01 	2.168866e-06 	-5.193776e-01 
1.529100e-01 	2.180000e-06 	2.201188e-06 	-8.131028e-02 	2.159543e-06 	7.850687e-02 
1.532100e-01 	2.460000e-06 	2.192272e-06 	1.024992e+00 	2.150221e-06 	1.185984e+00 
1.535100e-01 	1.250000e-06 	2.183430e-06 	-3.560671e+00 	2.140943e-06 	-3.398600e+00 
1.538100e-01 	1.980000e-06 	2.174638e-06 	-7.503689e-01 	2.131758e-06 	-5.850574e-01 
1.541100e-01 	3.000000e-06 	2.165807e-06 	3.168706e+00 	2.122535e-06 	3.333074e+00 
1.544100e-01 	2.410000e-06 	2.157009e-06 	9.837134e-01 	2.113371e-06 	1.153390e+00 
1.547100e-01 	1.670000e-06 	2.148231e-06 	-1.834201e+00 	2.104248e-06 	-1.665507e+00 
1.550100e-01 	2.380000e-06 	2.139444e-06 	9.269614e-01 	2.095122e-06 	1.097755e+00 
1.553100e-01 	1.810000e-06 	2.130716e-06 	-1.232811e+00 	2.086020e-06 	-1.061003e+00 
1.556000e-01 	2.780000e-06 	2.122295e-06 	2.541069e+00 	2.077300e-06 	2.714908e+00 
1.559000e-01 	2.190000e-06 	2.113591e-06 	2.989286e-01 	2.068289e-06 	4.761582e-01 
1.562000e-01 	3.320000e-06 	2.104969e-06 	4.683284e+00 	2.059348e-06 	4.859126e+00 
1.565000e-01 	2.520000e-06 	2.096295e-06 	1.631266e+00 	2.050422e-06 	1.807877e+00 
1.568000e-01 	2.660000e-06 	2.087645e-06 	2.230534e+00 	2.041490e-06 	2.410403e+00 
1.571000e-01 	1.790000e-06 	2.079010e-06 	-1.113633e+00 	2.032601e-06 	-9.348066e-01 
1.574000e-01 	2.560000e-06 	2.070428e-06 	1.929348e+00 	2.023766e-06 	2.113239e+00 
1.577000e-01 	2.190000e-06 	2.061793e-06 	4.963105e-01 	2.014890e-06 	6.778794e-01 
1.580000e-01 	2.700000e-06 	2.053281e-06 	2.536450e+00 	2.006157e-06 	2.721272e+00 
1.583000e-01 	1.840000e-06 	2.044730e-06 	-8.033679e-01 	1.997408e-06 	-6.176738e-01 
1.586000e-01 	2.590000e-06 	2.036228e-06 	2.167490e+00 	1.988675e-06 	2.353616e+00 
1.589000e-01 	1.960000e-06 	2.027715e-06 	-2.643790e-01 	1.979974e-06 	-7.798290e-02 
1.592000e-01 	2.840000e-06 	2.019255e-06 	3.186246e+00 	1.971335e-06 	3.372276e+00 
1.595000e-01 	1.910000e-06 	2.010807e-06 	-3.948099e-01 	1.962707e-06 	-2.064288e-01 
1.598000e-01 	2.540000e-06 	2.002371e-06 	2.104468e+00 	1.954095e-06 	2.293441e+00 
1.601000e-01 	2.160000e-06 	1.993913e-06 	6.514474e-01 	1.945509e-06 	8.413053e-01 
1.604000e-01 	1.950000e-06 	1.985515e-06 	-1.401317e-01 	1.936958e-06 	5.146023e-02 
1.607000e-01 	1.970000e-06 	1.977164e-06 	-2.818964e-02 	1.928480e-06 	1.633793e-01 
1.610000e-01 	1.940000e-06 	1.968762e-06 	-1.130233e-01 	1.919939e-06 	7.883264e-02 
1.613000e-01 	1.850000e-06 	1.960452e-06 	-4.378328e-01 	1.911525e-06 	-2.438855e-01 
1.616000e-01 	1.950000e-06 	1.952104e-06 	-8.462701e-03 	1.903090e-06 	1.887182e-01 
1.619000e-01 	1.620000e-06 	1.943758e-06 	-1.314381e+00 	1.894633e-06 	-1.114943e+00 
1.622000e-01 	1.560000e-06 	1.935518e-06 	-1.496148e+00 	1.886309e-06 	-1.300086e+00 
1.625000e-01 	1.680000e-06 	1.927260e-06 	-9.768474e-01 	1.877965e-06 	-7.821012e-01 
1.628000e-01 	1.680000e-06 	1.919008e-06 	-9.463413e-01 	1.869670e-06 	-7.509909e-01 
1.631000e-01 	1.930000e-06 	1.910823e-06 	7.664526e-02 	1.861421e-06 	2.740842e-01 
1.634000e-01 	1.410000e-06 	1.902606e-06 	-1.973187e+00 	1.853155e-06 	-1.775105e+00 
1.637000e-01 	1.020000e-06 	1.894406e-06 	-3.485773e+00 	1.844912e-06 	-3.288468e+00 
1.640000e-01 	7.700000e-07 	1.886255e-06 	-4.436449e+00 	1.836712e-06 	-4.239545e+00 
1.642900e-01 	1.680000e-06 	1.878399e-06 	-7.936596e-01 	1.828847e-06 	-5.954347e-01 
1.645900e-01 	2.580000e-06 	1.870266e-06 	2.861714e+00 	1.820700e-06 	3.061571e+00 
1.648900e-01 	1.780000e-06 	1.862177e-06 	-3.288648e-01 	1.812587e-06 	-1.304113e-01 
1.651900e-01 	1.590000e-06 	1.854112e-06 	-1.056997e+00 	1.804498e-06 	-8.584389e-01 
1.654900e-01 	1.870000e-06 	1.846029e-06 	9.519417e-02 	1.796444e-06 	2.921093e-01 
1.657900e-01 	1.780000e-06 	1.837996e-06 	-2.338754e-01 	1.788423e-06 	-3.396443e-02 
1.660900e-01 	1.170000e-06 	1.829951e-06 	-2.636638e+00 	1.780375e-06 	-2.438573e+00 
1.663900e-01 	6.300000e-07 	1.821987e-06 	-4.784792e+00 	1.772450e-06 	-4.585944e+00 
1.666900e-01 	1.890000e-06 	1.813985e-06 	3.058973e-01 	1.764490e-06 	5.050715e-01 
1.669900e-01 	1.770000e-06 	1.805988e-06 	-1.427116e-01 	1.756537e-06 	5.339013e-02 
1.672900e-01 	2.070000e-06 	1.798068e-06 	1.095352e+00 	1.748650e-06 	1.294411e+00 
1.675900e-01 	1.020000e-06 	1.790228e-06 	-3.100132e+00 	1.740885e-06 	-2.901528e+00 
1.678900e-01 	8.000000e-07 	1.782340e-06 	-3.908721e+00 	1.733082e-06 	-3.712726e+00 
1.681900e-01 	1.680000e-06 	1.774464e-06 	-3.839531e-01 	1.725255e-06 	-1.839413e-01 
1.684900e-01 	1.720000e-06 	1.766593e-06 	-1.864981e-01 	1.717489e-06 	1.004967e-02 
1.687900e-01 	1.740000e-06 	1.758721e-06 	-7.562867e-02 	1.709685e-06 	1.224661e-01 
1.690900e-01 	1.610000e-06 	1.750968e-06 	-5.654093e-01 	1.702038e-06 	-3.691573e-01 
1.693900e-01 	2.200000e-06 	1.743139e-06 	1.830885e+00 	1.694295e-06 	2.026629e+00 
1.696900e-01 	2.160000e-06 	1.735438e-06 	1.735458e+00 	1.686693e-06 	1.934707e+00 
1.699900e-01 	1.650000e-06 	1.727697e-06 	-3.132942e-01 	1.679032e-06 	-1.170657e-01 
1.702900e-01 	1.580000e-06 	1.719978e-06 	-5.691547e-01 	1.671443e-06 	-3.718119e-01 
1.705900e-01 	1.900000e-07 	1.712271e-06 	-6.124606e+00 	1.663883e-06 	-5.929925e+00 
1.708900e-01 	1.630000e-06 	1.704636e-06 	-3.061720e-01 	1.656338e-06 	-1.080446e-01 
1.711900e-01 	1.760000e-06 	1.696908e-06 	2.563484e-01 	1.648729e-06 	4.520991e-01 
1.714900e-01 	7.200000e-07 	1.689297e-06 	-3.932717e+00 	1.641271e-06 	-3.737865e+00 
1.717900e-01 	1.570000e-06 	1.681716e-06 	-4.529505e-01 	1.633842e-06 	-2.588479e-01 
1.720900e-01 	1.700000e-06 	1.674137e-06 	1.061236e-01 	1.626435e-06 	3.018552e-01 
1.723800e-01 	1.060000e-06 	1.666812e-06 	-2.480125e+00 	1.619244e-06 	-2.285707e+00 
1.726800e-01 	2.130000e-06 	1.659270e-06 	1.919703e+00 	1.611903e-06 	2.112869e+00 
1.729800e-01 	9.700000e-07 	1.651787e-06 	-2.771493e+00 	1.604552e-06 	-2.579480e+00 
1.732800e-01 	1.400000e-06 	1.644271e-06 	-1.004238e+00 	1.597201e-06 	-8.107269e-01 
1.735800e-01 	5.700000e-07 	1.636811e-06 	-4.325904e+00 	1.589904e-06 	-4.135698e+00 
1.738800e-01 	1.210000e-06 	1.629329e-06 	-1.715679e+00 	1.582600e-06 	-1.524487e+00 
1.741800e-01 	1.400000e-06 	1.621884e-06 	-9.104432e-01 	1.575319e-06 	-7.193750e-01 
1.744800e-01 	1.440000e-06 	1.614499e-06 	-7.108781e-01 	1.568137e-06 	-5.220084e-01 
1.747800e-01 	1.520000e-06 	1.607145e-06 	-3.626677e-01 	1.560974e-06 	-1.705192e-01 
1.750800e-01 	1.290000e-06 	1.599761e-06 	-1.269461e+00 	1.553784e-06 	-1.081036e+00 
1.753800e-01 	1.730000e-06 	1.592398e-06 	5.729607e-01 	1.546614e-06 	7.635995e-01 
1.756800e-01 	2.060000e-06 	1.585093e-06 	1.945942e+00 	1.539521e-06 	2.132673e+00 
1.759800e-01 	1.990000e-06 	1.577852e-06 	1.697271e+00 	1.532470e-06 	1.884157e+00 
1.762800e-01 	1.640000e-06 	1.570597e-06 	2.874671e-01 	1.525430e-06 	4.745459e-01 
1.765800e-01 	2.130000e-06 	1.563355e-06 	2.354448e+00 	1.518426e-06 	2.541130e+00 
1.768800e-01 	1.220000e-06 	1.556145e-06 	-1.423740e+00 	1.511420e-06 	-1.234309e+00 
1.771800e-01 	1.370000e-06 	1.548935e-06 	-7.516080e-01 	1.504375e-06 	-5.644368e-01 
1.774800e-01 	1.670000e-06 	1.541774e-06 	5.382441e-01 	1.497485e-06 	7.241543e-01 
1.777800e-01 	2.120000e-06 	1.534630e-06 	2.446891e+00 	1.490563e-06 	2.631094e+00 
1.780800e-01 	2.110000e-06 	1.527534e-06 	2.426538e+00 	1.483672e-06 	2.609267e+00 
1.783800e-01 	1.510000e-06 	1.520463e-06 	-4.381547e-02 	1.476837e-06 	1.388737e-01 
1.786800e-01 	1.280000e-06 	1.513404e-06 	-9.671571e-01 	1.470021e-06 	-7.873893e-01 
1.789800e-01 	1.530000e-06 	1.506372e-06 	9.863370e-02 	1.463223e-06 	2.787598e-01 
1.792800e-01 	1.790000e-06 	1.499379e-06 	1.203001e+00 	1.456455e-06 	1.380680e+00 
1.795800e-01 	1.300000e-06 	1.492396e-06 	-8.096438e-01 	1.449709e-06 	-6.300090e-01 
1.798800e-01 	5.700000e-07 	1.485446e-06 	-3.884933e+00 	1.443019e-06 	-3.704884e+00 
1.801700e-01 	1.100000e-06 	1.478797e-06 	-1.609641e+00 	1.436591e-06 	-1.430295e+00 
1.804700e-01 	7.800000e-07 	1.471859e-06 	-2.914194e+00 	1.429901e-06 	-2.737462e+00 
1.807700e-01 	1.670000e-06 	1.465009e-06 	8.561974e-01 	1.423295e-06 	1.030430e+00 
1.810700e-01 	1.130000e-06 	1.458202e-06 	-1.389981e+00 	1.416747e-06 	-1.214411e+00 
1.813700e-01 	1.250000e-06 	1.451336e-06 	-8.446375e-01 	1.410130e-06 	-6.717703e-01 
1.816700e-01 	1.660000e-06 	1.444606e-06 	8.946045e-01 	1.403640e-06 	1.064752e+00 
1.819700e-01 	1.250000e-06 	1.437829e-06 	-7.918572e-01 	1.397112e-06 	-6.202024e-01 
1.822700e-01 	2.040000e-06 	1.431124e-06 	2.579657e+00 	1.390677e-06 	2.751020e+00 
1.825700e-01 	1.290000e-06 	1.424456e-06 	-5.693191e-01 	1.384265e-06 	-3.991399e-01 
1.828700e-01 	1.430000e-06 	1.417788e-06 	5.118185e-02 	1.377846e-06 	2.185840e-01 
1.831700e-01 	1.430000e-06 	1.411188e-06 	7.924028e-02 	1.371499e-06 	2.464222e-01 
1.834700e-01 	8.900000e-07 	1.404618e-06 	-2.181695e+00 	1.365214e-06 	-2.014641e+00 
1.837700e-01 	1.330000e-06 	1.398013e-06 	-2.856620e-01 	1.358835e-06 	-1.211094e-01 
1.840700e-01 	6.900000e-07 	1.391494e-06 	-2.986734e+00 	1.352582e-06 	-2.821060e+00 
1.843700e-01 	2.090000e-06 	1.384977e-06 	2.959918e+00 	1.346321e-06 	3.122211e+00 
1.846700e-01 	9.600000e-07 	1.378517e-06 	-1.778201e+00 	1.340139e-06 	-1.615140e+00 
1.849700e-01 	1.250000e-06 	1.372135e-06 	-5.190394e-01 	1.334016e-06 	-3.570449e-01 
1.852700e-01 	1.700000e-06 	1.365730e-06 	1.407217e+00 	1.327889e-06 	1.566517e+00 
1.855700e-01 	1.020000e-06 	1.359343e-06 	-1.439237e+00 	1.321745e-06 	-1.279773e+00 
1.858700e-01 	9.600000e-07 	1.353030e-06 	-1.665945e+00 	1.315692e-06 	-1.507680e+00 
1.861700e-01 	9.500000e-07 	1.346739e-06 	-1.699825e+00 	1.309666e-06 	-1.540987e+00 
1.864700e-01 	1.580000e-06 	1.340487e-06 	1.009197e+00 	1.303674e-06 	1.164310e+00 
1.867700e-01 	1.190000e-06 	1.334223e-06 	-6.064629e-01 	1.297684e-06 	-4.528142e-01 
1.870700e-01 	1.070000e-06 	1.328052e-06 	-1.094787e+00 	1.291767e-06 	-9.408453e-01 
1.873600e-01 	1.140000e-06 	1.322089e-06 	-7.663694e-01 	1.286073e-06 	-6.147844e-01 
1.876600e-01 	8.900000e-07 	1.315945e-06 	-1.816164e+00 	1.280201e-06 	-1.663758e+00 
1.879600e-01 	4.000000e-07 	1.309873e-06 	-3.859645e+00 	1.274381e-06 	-3.709091e+00 
1.882600e-01 	1.620000e-06 	1.303783e-06 	1.344401e+00 	1.268570e-06 	1.494112e+00 
1.885600e-01 	1.620000e-06 	1.297763e-06 	1.376139e+00 	1.262809e-06 	1.525413e+00 
1.888600e-01 	1.040000e-06 	1.291804e-06 	-1.069911e+00 	1.257136e-06 	-9.226103e-01 
1.891600e-01 	1.850000e-06 	1.285795e-06 	2.420754e+00 	1.251387e-06 	2.568381e+00 
1.894600e-01 	1.050000e-06 	1.279904e-06 	-9.834633e-01 	1.245780e-06 	-8.374880e-01 
1.897600e-01 	1.750000e-06 	1.273945e-06 	2.053820e+00 	1.240110e-06 	2.199791e+00 
1.900600e-01 	1.520000e-06 	1.268093e-06 	1.093535e+00 	1.234499e-06 	1.239367e+00 
1.903600e-01 	1.660000e-06 	1.262273e-06 	1.711537e+00 	1.228968e-06 	1.854857e+00 
1.906600e-01 	6.100000e-07 	1.256443e-06 	-2.772056e+00 	1.223420e-06 	-2.630447e+00 
1.909600e-01 	6.100000e-07 	1.250624e-06 	-2.772302e+00 	1.217878e-06 	-2.630596e+00 
1.912600e-01 	1.440000e-06 	1.244874e-06 	8.441146e-01 	1.212401e-06 	9.845944e-01 
1.915600e-01 	1.350000e-06 	1.239138e-06 	4.803359e-01 	1.206938e-06 	6.198512e-01 
1.918600e-01 	7.000000e-07 	1.233404e-06 	-2.311107e+00 	1.201489e-06 	-2.172830e+00 
1.921600e-01 	1.550000e-06 	1.227706e-06 	1.391776e+00 	1.196098e-06 	1.528274e+00 
1.924600e-01 	5.100000e-07 	1.222059e-06 	-3.060907e+00 	1.190700e-06 	-2.926106e+00 
1.927600e-01 	2.030000e-06 	1.216419e-06 	3.531936e+00 	1.185392e-06 	3.666627e+00 
1.930600e-01 	1.020000e-06 	1.210766e-06 	-8.177917e-01 	1.180013e-06 	-6.859573e-01 
1.933600e-01 	1.030000e-06 	1.205160e-06 	-7.477151e-01 	1.174707e-06 	-6.177178e-01 
1.936600e-01 	9.700000e-07 	1.199527e-06 	-9.871297e-01 	1.169349e-06 	-8.573409e-01 
1.939500e-01 	9.200000e-07 	1.194162e-06 	-1.183724e+00 	1.164301e-06 	-1.054796e+00 
1.942500e-01 	1.370000e-06 	1.188613e-06 	7.834627e-01 	1.159028e-06 	9.112454e-01 
1.945500e-01 	1.540000e-06 	1.183065e-06 	1.544036e+00 	1.153803e-06 	1.670619e+00 
1.948500e-01 	9.700000e-07 	1.177513e-06 	-9.067259e-01 	1.148500e-06 	-7.799533e-01 
1.951500e-01 	1.140000e-06 	1.172003e-06 	-1.383736e-01 	1.143306e-06 	-1.429302e-02 
1.954500e-01 	9.400000e-07 	1.166488e-06 	-9.805929e-01 	1.138082e-06 	-8.576101e-01 
1.957500e-01 	1.250000e-06 	1.161073e-06 	3.845510e-01 	1.132965e-06 	5.060957e-01 
1.960500e-01 	4.800000e-07 	1.155568e-06 	-2.922134e+00 	1.127764e-06 	-2.801867e+00 
1.963500e-01 	1.170000e-06 	1.150105e-06 	8.708195e-02 	1.122636e-06 	2.073173e-01 
1.966500e-01 	9.700000e-07 	1.144603e-06 	-7.541917e-01 	1.117416e-06 	-6.367588e-01 
1.969500e-01 	1.080000e-06 	1.139196e-06 	-2.573061e-01 	1.112311e-06 	-1.404474e-01 
1.972500e-01 	5.700000e-07 	1.133770e-06 	-2.452133e+00 	1.107143e-06 	-2.336320e+00 
1.975500e-01 	1.130000e-06 	1.128349e-06 	7.178112e-03 	1.102083e-06 	1.213780e-01 
1.978500e-01 	5.800000e-07 	1.122919e-06 	-2.383523e+00 	1.096948e-06 	-2.269505e+00 
1.981500e-01 	1.090000e-06 	1.117498e-06 	-1.206454e-01 	1.091789e-06 	-7.847534e-03 
1.984500e-01 	1.150000e-06 	1.112085e-06 	1.686102e-01 	1.086733e-06 	2.813500e-01 
1.987500e-01 	3.300000e-07 	1.106699e-06 	-3.440680e+00 	1.081629e-06 	-3.329623e+00 
1.990500e-01 	4.600000e-07 	1.101310e-06 	-2.823166e+00 	1.076542e-06 	-2.714130e+00 
1.993500e-01 	7.800000e-07 	1.095877e-06 	-1.397560e+00 	1.071429e-06 	-1.289396e+00 
1.996500e-01 	1.750000e-06 	1.090511e-06 	2.901914e+00 	1.066381e-06 	3.008091e+00 
1.999500e-01 	1.200000e-06 	1.085057e-06 	5.115645e-01 	1.061205e-06 	6.177166e-01 
