#q 	 Iexp 	 Ifit_avg 	 Residuals_avg 	 Ifit_weightedavg 	 Residuals_weightedavg 
5.698000e-03 	1.311900e-04 	1.344700e-04 	-1.277259e-01 	1.344724e-04 	-1.278201e-01 
5.998000e-03 	1.389300e-04 	1.341485e-04 	2.456316e-01 	1.341089e-04 	2.476683e-01 
6.298000e-03 	1.345900e-04 	1.338313e-04 	5.141591e-02 	1.337496e-04 	5.695562e-02 
6.598000e-03 	1.508200e-04 	1.335136e-04 	1.483745e+00 	1.333896e-04 	1.494372e+00 
6.897000e-03 	1.417400e-04 	1.331952e-04 	8.833219e-01 	1.330289e-04 	9.005129e-01 
7.197000e-03 	1.325100e-04 	1.328758e-04 	-4.436857e-02 	1.326670e-04 	-1.903695e-02 
7.497000e-03 	1.468100e-04 	1.325553e-04 	1.998893e+00 	1.323037e-04 	2.034172e+00 
7.797000e-03 	1.398500e-04 	1.322335e-04 	1.260451e+00 	1.319389e-04 	1.309204e+00 
8.097000e-03 	1.341500e-04 	1.319099e-04 	4.201311e-01 	1.315720e-04 	4.835112e-01 
8.397000e-03 	1.302700e-04 	1.315844e-04 	-2.833530e-01 	1.312028e-04 	-2.010803e-01 
8.697000e-03 	1.352200e-04 	1.312569e-04 	9.564568e-01 	1.308312e-04 	1.059205e+00 
8.997000e-03 	1.254900e-04 	1.309270e-04 	-1.411180e+00 	1.304567e-04 	-1.289114e+00 
9.297000e-03 	1.377700e-04 	1.305945e-04 	2.098591e+00 	1.300791e-04 	2.249317e+00 
9.597000e-03 	1.458900e-04 	1.302592e-04 	4.996250e+00 	1.296983e-04 	5.175559e+00 
9.896000e-03 	1.343800e-04 	1.299209e-04 	1.493020e+00 	1.293138e-04 	1.696315e+00 
1.019600e-02 	1.349500e-04 	1.295797e-04 	2.010222e+00 	1.289258e-04 	2.254994e+00 
1.049600e-02 	1.285400e-04 	1.292344e-04 	-2.624896e-01 	1.285330e-04 	2.650900e-03 
1.079600e-02 	1.330100e-04 	1.288855e-04 	1.741024e+00 	1.281358e-04 	2.057481e+00 
1.109600e-02 	1.273400e-04 	1.285326e-04 	-5.337241e-01 	1.277339e-04 	-1.762816e-01 
1.139600e-02 	1.300100e-04 	1.281754e-04 	8.819043e-01 	1.273269e-04 	1.289789e+00 
1.169600e-02 	1.298500e-04 	1.278138e-04 	1.022979e+00 	1.269145e-04 	1.474746e+00 
1.199600e-02 	1.272900e-04 	1.274475e-04 	-8.297022e-02 	1.264967e-04 	4.178830e-01 
1.229500e-02 	1.228500e-04 	1.270775e-04 	-2.426662e+00 	1.260743e-04 	-1.850806e+00 
1.259500e-02 	1.294800e-04 	1.267012e-04 	1.646920e+00 	1.256444e-04 	2.273197e+00 
1.289500e-02 	1.251000e-04 	1.263194e-04 	-7.548798e-01 	1.252081e-04 	-6.690436e-02 
1.319500e-02 	1.279300e-04 	1.259321e-04 	1.323581e+00 	1.247651e-04 	2.096657e+00 
1.349500e-02 	1.274400e-04 	1.255388e-04 	1.345382e+00 	1.243151e-04 	2.211401e+00 
1.379500e-02 	1.289500e-04 	1.251396e-04 	2.826098e+00 	1.238578e-04 	3.776745e+00 
1.409500e-02 	1.269700e-04 	1.247340e-04 	1.671412e+00 	1.233930e-04 	2.673759e+00 
1.439500e-02 	1.209600e-04 	1.243218e-04 	-2.633791e+00 	1.229204e-04 	-1.535877e+00 
1.469500e-02 	1.239000e-04 	1.239028e-04 	-2.297756e-03 	1.224397e-04 	1.199353e+00 
1.499400e-02 	1.239300e-04 	1.234783e-04 	3.743619e-01 	1.219523e-04 	1.638965e+00 
1.529400e-02 	1.242000e-04 	1.230451e-04 	9.706658e-01 	1.214547e-04 	2.307323e+00 
1.559400e-02 	1.241500e-04 	1.226045e-04 	1.321763e+00 	1.209485e-04 	2.737962e+00 
1.589400e-02 	1.214800e-04 	1.221562e-04 	-5.805581e-01 	1.204333e-04 	8.986484e-01 
1.619400e-02 	1.203200e-04 	1.217001e-04 	-1.213270e+00 	1.199092e-04 	3.611381e-01 
1.649400e-02 	1.173100e-04 	1.212360e-04 	-3.449327e+00 	1.193760e-04 	-1.815119e+00 
1.679400e-02 	1.177300e-04 	1.207638e-04 	-2.819014e+00 	1.188336e-04 	-1.025506e+00 
1.709400e-02 	1.179600e-04 	1.202834e-04 	-2.095009e+00 	1.182822e-04 	-2.905420e-01 
1.739400e-02 	1.183600e-04 	1.197947e-04 	-1.350910e+00 	1.177218e-04 	6.009502e-01 
1.769300e-02 	1.152500e-04 	1.192992e-04 	-3.871108e+00 	1.171542e-04 	-1.820462e+00 
1.799300e-02 	1.164700e-04 	1.187938e-04 	-2.233314e+00 	1.165760e-04 	-1.018814e-01 
1.829300e-02 	1.158700e-04 	1.182800e-04 	-2.422594e+00 	1.159891e-04 	-1.197357e-01 
1.859300e-02 	1.150800e-04 	1.177579e-04 	-2.661955e+00 	1.153937e-04 	-3.118519e-01 
1.889300e-02 	1.159300e-04 	1.172277e-04 	-1.342928e+00 	1.147901e-04 	1.179704e+00 
1.919300e-02 	1.165400e-04 	1.166892e-04 	-1.518517e-01 	1.141783e-04 	2.403071e+00 
1.949300e-02 	1.124600e-04 	1.161429e-04 	-3.868221e+00 	1.135588e-04 	-1.154100e+00 
1.979300e-02 	1.127200e-04 	1.155889e-04 	-3.122706e+00 	1.129318e-04 	-2.304833e-01 
2.009300e-02 	1.124100e-04 	1.150274e-04 	-2.785725e+00 	1.122975e-04 	1.197565e-01 
2.039200e-02 	1.113400e-04 	1.144606e-04 	-3.391825e+00 	1.116585e-04 	-3.461452e-01 
2.069200e-02 	1.088000e-04 	1.138849e-04 	-5.824307e+00 	1.110106e-04 	-2.532083e+00 
2.099200e-02 	1.089900e-04 	1.133023e-04 	-5.202694e+00 	1.103564e-04 	-1.648533e+00 
2.129200e-02 	1.091900e-04 	1.127131e-04 	-4.264503e+00 	1.096962e-04 	-6.127228e-01 
2.159200e-02 	1.060000e-04 	1.121175e-04 	-7.491166e+00 	1.090301e-04 	-3.710512e+00 
2.189200e-02 	1.098800e-04 	1.115158e-04 	-2.058353e+00 	1.083586e-04 	1.914423e+00 
2.219200e-02 	1.068200e-04 	1.109081e-04 	-5.190058e+00 	1.076818e-04 	-1.094155e+00 
2.249200e-02 	1.059700e-04 	1.102948e-04 	-5.740248e+00 	1.070003e-04 	-1.367454e+00 
2.279200e-02 	1.057700e-04 	1.096760e-04 	-5.127564e+00 	1.063140e-04 	-7.140953e-01 
2.309100e-02 	1.029600e-04 	1.090540e-04 	-7.890447e+00 	1.056257e-04 	-3.451471e+00 
2.339100e-02 	1.012700e-04 	1.084250e-04 	-9.321317e+00 	1.049311e-04 	-4.769532e+00 
2.369100e-02 	1.013500e-04 	1.077913e-04 	-8.405777e+00 	1.042328e-04 	-3.761965e+00 
2.399100e-02 	1.051900e-04 	1.071529e-04 	-2.556045e+00 	1.035309e-04 	2.160465e+00 
2.429100e-02 	1.009900e-04 	1.065102e-04 	-7.307366e+00 	1.028257e-04 	-2.430026e+00 
2.459100e-02 	1.027900e-04 	1.058634e-04 	-4.135252e+00 	1.021177e-04 	9.045170e-01 
2.489100e-02 	1.044200e-04 	1.052128e-04 	-1.065991e+00 	1.014070e-04 	4.051375e+00 
2.519100e-02 	9.920000e-05 	1.045585e-04 	-7.272938e+00 	1.006939e-04 	-2.027626e+00 
2.549100e-02 	9.881000e-05 	1.039008e-04 	-6.902355e+00 	9.997859e-05 	-1.584437e+00 
2.579000e-02 	1.005100e-04 	1.032420e-04 	-3.718255e+00 	9.926362e-05 	1.696357e+00 
2.609000e-02 	9.459000e-05 	1.025779e-04 	-1.108555e+01 	9.854456e-05 	-5.488106e+00 
2.639000e-02 	9.483000e-05 	1.019112e-04 	-9.708332e+00 	9.782411e-05 	-4.104954e+00 
2.669000e-02 	9.708000e-05 	1.012418e-04 	-5.784486e+00 	9.710237e-05 	-3.109546e-02 
2.699000e-02 	9.498000e-05 	1.005700e-04 	-7.735059e+00 	9.637960e-05 	-1.936674e+00 
2.729000e-02 	9.090000e-05 	9.989590e-05 	-1.273864e+01 	9.565582e-05 	-6.734483e+00 
2.759000e-02 	9.166000e-05 	9.921987e-05 	-1.064426e+01 	9.493150e-05 	-4.606249e+00 
2.789000e-02 	9.300000e-05 	9.854193e-05 	-8.006261e+00 	9.420659e-05 	-1.743125e+00 
2.818900e-02 	9.171000e-05 	9.786462e-05 	-8.831937e+00 	9.348380e-05 	-2.545411e+00 
2.848900e-02 	9.047000e-05 	9.718365e-05 	-1.004421e+01 	9.275855e-05 	-3.423869e+00 
2.878900e-02 	9.206000e-05 	9.650137e-05 	-6.651340e+00 	9.203336e-05 	3.990017e-02 
2.908900e-02 	9.045000e-05 	9.581800e-05 	-7.987381e+00 	9.130835e-05 	-1.277199e+00 
2.938900e-02 	8.874000e-05 	9.513360e-05 	-9.763011e+00 	9.058373e-05 	-2.815375e+00 
2.968900e-02 	9.211000e-05 	9.444838e-05 	-3.631020e+00 	8.985963e-05 	3.494358e+00 
2.998900e-02 	8.733000e-05 	9.376244e-05 	-9.887853e+00 	8.913610e-05 	-2.776303e+00 
3.028900e-02 	8.504000e-05 	9.307600e-05 	-1.257590e+01 	8.841340e-05 	-5.279193e+00 
3.058900e-02 	8.606000e-05 	9.238916e-05 	-9.991416e+00 	8.769161e-05 	-2.575707e+00 
3.088800e-02 	8.648000e-05 	9.170436e-05 	-8.197639e+00 	8.697329e-05 	-7.740366e-01 
3.118800e-02 	8.563000e-05 	9.101717e-05 	-8.702600e+00 	8.625373e-05 	-1.007594e+00 
3.148800e-02 	8.322000e-05 	9.032995e-05 	-1.147210e+01 	8.553546e-05 	-3.736064e+00 
3.178800e-02 	8.432000e-05 	8.964291e-05 	-8.675731e+00 	8.481865e-05 	-8.127403e-01 
3.208800e-02 	8.322000e-05 	8.895612e-05 	-9.474300e+00 	8.410336e-05 	-1.459036e+00 
3.238800e-02 	8.394000e-05 	8.826969e-05 	-7.151316e+00 	8.338968e-05 	9.089547e-01 
3.268800e-02 	8.246000e-05 	8.758372e-05 	-8.483115e+00 	8.267777e-05 	-3.605584e-01 
3.298800e-02 	7.959000e-05 	8.689832e-05 	-1.206272e+01 	8.196778e-05 	-3.924629e+00 
3.328700e-02 	7.965000e-05 	8.621578e-05 	-1.098195e+01 	8.126201e-05 	-2.696248e+00 
3.358700e-02 	8.039000e-05 	8.553168e-05 	-8.649770e+00 	8.055591e-05 	-2.791047e-01 
3.388700e-02 	7.742000e-05 	8.484838e-05 	-1.246415e+01 	7.985194e-05 	-4.080575e+00 
3.418700e-02 	7.733000e-05 	8.416591e-05 	-1.155633e+01 	7.915012e-05 	-3.076977e+00 
3.448700e-02 	7.870000e-05 	8.348445e-05 	-8.048674e+00 	7.845066e-05 	4.194536e-01 
3.478700e-02 	7.497000e-05 	8.280404e-05 	-1.349510e+01 	7.775353e-05 	-4.794978e+00 
3.508700e-02 	7.691000e-05 	8.212466e-05 	-8.971923e+00 	7.705879e-05 	-2.559932e-01 
3.538700e-02 	7.379000e-05 	8.144661e-05 	-1.320628e+01 	7.636669e-05 	-4.444334e+00 
3.568600e-02 	7.451000e-05 	8.077202e-05 	-1.078970e+01 	7.567943e-05 	-2.014967e+00 
3.598600e-02 	7.109000e-05 	8.009660e-05 	-1.547499e+01 	7.499259e-05 	-6.705366e+00 
3.628600e-02 	7.344000e-05 	7.942256e-05 	-1.038585e+01 	7.430852e-05 	-1.507775e+00 
3.658600e-02 	7.081000e-05 	7.875012e-05 	-7.352640e+00 	7.362732e-05 	-2.608876e+00 
3.688600e-02 	7.026000e-05 	7.807930e-05 	-1.366700e+01 	7.294912e-05 	-4.700188e+00 
3.718600e-02 	7.081000e-05 	7.741012e-05 	-1.163980e+01 	7.227387e-05 	-2.581640e+00 
3.748600e-02 	7.121000e-05 	7.674265e-05 	-9.866861e+00 	7.160162e-05 	-6.984161e-01 
3.778600e-02 	7.019000e-05 	7.607702e-05 	-1.031507e+01 	7.093260e-05 	-1.301164e+00 
3.808500e-02 	6.873000e-05 	7.541552e-05 	-1.200382e+01 	7.026897e-05 	-2.763216e+00 
3.838500e-02 	6.658000e-05 	7.475376e-05 	-1.476501e+01 	6.960634e-05 	-5.466759e+00 
3.868500e-02 	6.779000e-05 	7.409396e-05 	-1.126189e+01 	6.894699e-05 	-2.066941e+00 
3.898500e-02 	6.735000e-05 	7.343636e-05 	-1.086539e+01 	6.829115e-05 	-1.680143e+00 
3.928500e-02 	6.829000e-05 	7.278085e-05 	-8.113254e+00 	6.763869e-05 	1.176661e+00 
3.958500e-02 	6.615000e-05 	7.212759e-05 	-1.074390e+01 	6.698977e-05 	-1.509373e+00 
3.988500e-02 	6.419000e-05 	7.147668e-05 	-1.340646e+01 	6.634448e-05 	-3.963943e+00 
4.018500e-02 	6.509000e-05 	7.082814e-05 	-1.028249e+01 	6.570280e-05 	-1.098110e+00 
4.048500e-02 	6.254000e-05 	7.018204e-05 	-1.373554e+01 	6.506480e-05 	-4.537981e+00 
4.078400e-02 	6.484000e-05 	6.954055e-05 	-8.517646e+00 	6.443265e-05 	7.381324e-01 
4.108400e-02 	6.371000e-05 	6.889949e-05 	-9.620140e+00 	6.380217e-05 	-1.708650e-01 
4.138400e-02 	6.209000e-05 	6.826105e-05 	-1.139833e+01 	6.317559e-05 	-2.005147e+00 
4.168400e-02 	6.373000e-05 	6.762532e-05 	-7.218500e+00 	6.255284e-05 	2.181419e+00 
4.198400e-02 	6.055000e-05 	6.699226e-05 	-1.195069e+01 	6.193403e-05 	-2.567447e+00 
4.228400e-02 	6.062000e-05 	6.636198e-05 	-1.075317e+01 	6.131915e-05 	-1.309321e+00 
4.258400e-02 	5.993000e-05 	6.573457e-05 	-1.092460e+01 	6.070832e-05 	-1.464859e+00 
4.288400e-02 	5.947000e-05 	6.511007e-05 	-1.049218e+01 	6.010158e-05 	-1.174926e+00 
4.318300e-02 	5.740000e-05 	6.449058e-05 	-1.291827e+01 	5.950092e-05 	-3.827656e+00 
4.348300e-02 	5.788000e-05 	6.387201e-05 	-1.092634e+01 	5.890238e-05 	-1.864294e+00 
4.378300e-02 	5.938000e-05 	6.325649e-05 	-6.980775e+00 	5.830801e-05 	1.930437e+00 
4.408300e-02 	5.695000e-05 	6.264411e-05 	-1.012898e+01 	5.771782e-05 	-1.365844e+00 
4.438300e-02 	5.787000e-05 	6.203493e-05 	-7.403135e+00 	5.713198e-05 	1.311830e+00 
4.468300e-02 	5.659000e-05 	6.142894e-05 	-8.541207e+00 	5.655035e-05 	6.999186e-02 
4.498300e-02 	5.640000e-05 	6.082626e-05 	-7.913927e+00 	5.597309e-05 	7.632967e-01 
4.528200e-02 	5.668000e-05 	6.022883e-05 	-6.128501e+00 	5.540197e-05 	2.207032e+00 
4.558200e-02 	5.357000e-05 	5.963276e-05 	-1.070667e+01 	5.483331e-05 	-2.230975e+00 
4.588200e-02 	5.402000e-05 	5.904006e-05 	-8.859822e+00 	5.426903e-05 	-4.395026e-01 
4.618200e-02 	5.095000e-05 	5.845086e-05 	-1.302776e+01 	5.370924e-05 	-4.792337e+00 
4.648200e-02 	5.097000e-05 	5.786515e-05 	-1.203868e+01 	5.315384e-05 	-3.812911e+00 
4.678200e-02 	5.321000e-05 	5.728292e-05 	-7.016717e+00 	5.260297e-05 	1.045770e+00 
4.708200e-02 	5.083000e-05 	5.670423e-05 	-1.019319e+01 	5.205649e-05 	-2.128247e+00 
4.738200e-02 	5.298000e-05 	5.612915e-05 	-5.487097e+00 	5.151458e-05 	2.553346e+00 
4.768100e-02 	5.041000e-05 	5.555958e-05 	-8.952685e+00 	5.097889e-05 	-9.890337e-01 
4.798100e-02 	5.124000e-05 	5.499174e-05 	-6.438659e+00 	5.044590e-05 	1.362812e+00 
4.828100e-02 	4.950000e-05 	5.442759e-05 	-8.417770e+00 	4.991748e-05 	-7.131843e-01 
4.858100e-02 	4.921000e-05 	5.386713e-05 	-8.053561e+00 	4.939354e-05 	-3.174003e-01 
4.888100e-02 	4.945000e-05 	5.331045e-05 	-6.631031e+00 	4.887411e-05 	9.891893e-01 
4.918100e-02 	4.870000e-05 	5.275750e-05 	-6.982922e+00 	4.835924e-05 	5.864460e-01 
4.948100e-02 	4.826000e-05 	5.220838e-05 	-6.894441e+00 	4.784889e-05 	7.178616e-01 
4.978100e-02 	4.788000e-05 	5.166307e-05 	-6.751022e+00 	4.734308e-05 	9.581454e-01 
5.008000e-02 	4.625000e-05 	5.112349e-05 	-8.767631e+00 	4.684354e-05 	-1.067802e+00 
5.038000e-02 	4.521000e-05 	5.058590e-05 	-9.616825e+00 	4.634679e-05 	-2.033582e+00 
5.068000e-02 	4.601000e-05 	5.005233e-05 	-7.165988e+00 	4.585470e-05 	2.753131e-01 
5.098000e-02 	4.653000e-05 	4.952265e-05 	-5.333543e+00 	4.536712e-05 	2.072498e+00 
5.128000e-02 	4.534000e-05 	4.899697e-05 	-6.498629e+00 	4.488412e-05 	8.101253e-01 
5.158000e-02 	4.262000e-05 	4.847536e-05 	-1.040397e+01 	4.440578e-05 	-3.173036e+00 
5.188000e-02 	4.285000e-05 	4.795775e-05 	-8.929628e+00 	4.393195e-05 	-1.891527e+00 
5.217900e-02 	4.315000e-05 	4.744592e-05 	-7.583526e+00 	4.346431e-05 	-5.548480e-01 
5.247900e-02 	4.224000e-05 	4.693636e-05 	-8.177403e+00 	4.299954e-05 	-1.322519e+00 
5.277900e-02 	4.324000e-05 	4.643098e-05 	-5.653161e+00 	4.253942e-05 	1.241159e+00 
5.307900e-02 	4.256000e-05 	4.592961e-05 	-5.996711e+00 	4.208375e-05 	8.475614e-01 
5.337900e-02 	4.192000e-05 	4.543239e-05 	-6.147426e+00 	4.163263e-05 	5.029602e-01 
5.367900e-02 	4.131000e-05 	4.493924e-05 	-6.403482e+00 	4.118597e-05 	2.188484e-01 
5.397900e-02 	4.116000e-05 	4.445017e-05 	-5.872678e+00 	4.074374e-05 	7.429947e-01 
5.427900e-02 	3.989000e-05 	4.396524e-05 	-7.147164e+00 	4.030600e-05 	-7.295863e-01 
5.457800e-02 	4.081000e-05 	4.348613e-05 	-4.775306e+00 	3.987423e-05 	1.669791e+00 
5.487800e-02 	3.830000e-05 	4.300948e-05 	-8.268922e+00 	3.944537e-05 	-2.011042e+00 
5.517800e-02 	3.899000e-05 	4.253701e-05 	-6.307700e+00 	3.902093e-05 	-5.499513e-02 
5.547800e-02 	3.637000e-05 	4.206869e-05 	-9.982472e+00 	3.860084e-05 	-3.907787e+00 
5.577800e-02 	3.855000e-05 	4.160450e-05 	-5.497166e+00 	3.818514e-05 	6.566351e-01 
5.607800e-02 	3.726000e-05 	4.114459e-05 	-6.942962e+00 	3.777388e-05 	-9.184658e-01 
5.637800e-02 	3.868000e-05 	4.068884e-05 	-3.580444e+00 	3.736694e-05 	2.340321e+00 
5.667700e-02 	3.571000e-05 	4.023880e-05 	-8.175472e+00 	3.696561e-05 	-2.266654e+00 
5.697700e-02 	3.702000e-05 	3.979151e-05 	-4.910103e+00 	3.656736e-05 	8.019128e-01 
5.727700e-02 	3.512000e-05 	3.934836e-05 	-7.628433e+00 	3.617333e-05 	-1.900332e+00 
5.757700e-02 	3.633000e-05 	3.890954e-05 	-4.628470e+00 	3.578363e-05 	9.803573e-01 
5.787700e-02 	3.298000e-05 	3.847496e-05 	-9.861374e+00 	3.539824e-05 	-4.339827e+00 
5.817700e-02 	3.543000e-05 	3.804453e-05 	-4.658744e+00 	3.501701e-05 	7.358842e-01 
5.847700e-02 	3.493000e-05 	3.761836e-05 	-4.838142e+00 	3.464004e-05 	5.218234e-01 
5.877600e-02 	3.346000e-05 	3.719781e-05 	-6.788859e+00 	3.426847e-05 	-1.468405e+00 
5.907600e-02 	3.387000e-05 	3.677995e-05 	-5.237304e+00 	3.389976e-05 	-5.355912e-02 
5.937600e-02 	3.386000e-05 	3.636634e-05 	-4.559307e+00 	3.353526e-05 	5.907397e-01 
5.967600e-02 	3.412000e-05 	3.595684e-05 	-3.288877e+00 	3.317477e-05 	1.692438e+00 
5.997600e-02 	3.397000e-05 	3.555142e-05 	-2.861422e+00 	3.281829e-05 	2.083910e+00 
6.027600e-02 	3.415000e-05 	3.515015e-05 	-1.833350e+00 	3.246588e-05 	3.087131e+00 
6.057600e-02 	3.247000e-05 	3.475291e-05 	-4.098438e+00 	3.211739e-05 	6.330248e-01 
6.087500e-02 	3.143000e-05 	3.436112e-05 	-5.334443e+00 	3.177407e-05 	-6.261889e-01 
6.117500e-02 	3.228000e-05 	3.397204e-05 	-3.077945e+00 	3.143345e-05 	1.539936e+00 
6.147500e-02 	3.072000e-05 	3.358701e-05 	-5.263370e+00 	3.109676e-05 	-6.916660e-01 
6.177500e-02 	3.128000e-05 	3.320597e-05 	-3.528519e+00 	3.076384e-05 	9.456511e-01 
6.207500e-02 	3.149000e-05 	3.282891e-05 	-2.416457e+00 	3.043476e-05 	1.904490e+00 
6.237500e-02 	3.009000e-05 	3.245593e-05 	-4.318101e+00 	3.010956e-05 	-3.570382e-02 
6.267500e-02 	3.024000e-05 	3.208689e-05 	-3.356328e+00 	2.978809e-05 	8.212588e-01 
6.297400e-02 	2.997000e-05 	3.172296e-05 	-3.218575e+00 	2.947136e-05 	9.155456e-01 
6.327400e-02 	3.007000e-05 	3.136182e-05 	-2.382635e+00 	2.915733e-05 	1.683336e+00 
6.357400e-02 	2.912000e-05 	3.100452e-05 	-3.403257e+00 	2.884692e-05 	4.931591e-01 
6.387400e-02 	2.852000e-05 	3.065116e-05 	-3.946007e+00 	2.854015e-05 	-3.731045e-02 
6.417400e-02 	2.822000e-05 	3.030166e-05 	-3.821531e+00 	2.823698e-05 	-3.117514e-02 
6.447400e-02 	2.859000e-05 	2.995602e-05 	-2.515918e+00 	2.793739e-05 	1.201968e+00 
6.477400e-02 	2.816000e-05 	2.961421e-05 	-2.703744e+00 	2.764139e-05 	9.642246e-01 
6.507300e-02 	2.831000e-05 	2.927735e-05 	-1.772514e+00 	2.734980e-05 	1.759415e+00 
6.537300e-02 	2.705000e-05 	2.894310e-05 	-3.551982e+00 	2.706071e-05 	-2.009901e-02 
6.567300e-02 	2.796000e-05 	2.861267e-05 	-1.197563e+00 	2.677506e-05 	2.174202e+00 
6.597300e-02 	2.706000e-05 	2.828595e-05 	-2.274740e+00 	2.649280e-05 	1.052433e+00 
6.627300e-02 	2.696000e-05 	2.796299e-05 	-1.833115e+00 	2.621397e-05 	1.363490e+00 
6.657300e-02 	2.701000e-05 	2.764375e-05 	-1.187017e+00 	2.593849e-05 	2.006952e+00 
6.687200e-02 	2.626000e-05 	2.732918e-05 	-2.034780e+00 	2.566715e-05 	1.128278e+00 
6.717200e-02 	2.652000e-05 	2.701726e-05 	-9.223816e-01 	2.539826e-05 	2.080767e+00 
6.747200e-02 	2.517000e-05 	2.670888e-05 	-2.817885e+00 	2.513247e-05 	6.872178e-02 
6.777200e-02 	2.700000e-05 	2.640418e-05 	1.115394e+00 	2.486997e-05 	3.987473e+00 
6.807200e-02 	2.474000e-05 	2.610306e-05 	-2.593440e+00 	2.461065e-05 	2.461149e-01 
6.837200e-02 	2.517000e-05 	2.580546e-05 	-1.218720e+00 	2.435447e-05 	1.564064e+00 
6.867200e-02 	2.559000e-05 	2.551147e-05 	1.491629e-01 	2.410142e-05 	2.827318e+00 
6.897100e-02 	2.436000e-05 	2.522196e-05 	-1.654594e+00 	2.385232e-05 	9.745260e-01 
6.927100e-02 	2.386000e-05 	2.493496e-05 	-2.038582e+00 	2.360541e-05 	4.828105e-01 
6.957100e-02 	2.576000e-05 	2.465148e-05 	2.114208e+00 	2.336158e-05 	4.574348e+00 
6.987100e-02 	2.421000e-05 	2.437143e-05 	-3.058020e-01 	2.312076e-05 	2.063423e+00 
7.017100e-02 	2.250000e-05 	2.409482e-05 	-3.031737e+00 	2.288289e-05 	-7.278725e-01 
7.047100e-02 	2.228000e-05 	2.382164e-05 	-2.929374e+00 	2.264801e-05 	-6.992854e-01 
7.077000e-02 	2.219000e-05 	2.355276e-05 	-2.583489e+00 	2.241679e-05 	-4.299490e-01 
7.107000e-02 	2.204000e-05 	2.328629e-05 	-2.354872e+00 	2.218768e-05 	-2.790416e-01 
7.137000e-02 	2.279000e-05 	2.302322e-05 	-4.463462e-01 	2.196147e-05 	1.585670e+00 
7.167000e-02 	2.351000e-05 	2.276344e-05 	1.431374e+00 	2.173808e-05 	3.397272e+00 
7.197000e-02 	2.252000e-05 	2.250690e-05 	2.496787e-02 	2.151745e-05 	1.910668e+00 
7.227000e-02 	2.283000e-05 	2.225364e-05 	1.103990e+00 	2.129962e-05 	2.931363e+00 
7.257000e-02 	2.144000e-05 	2.200356e-05 	-1.084535e+00 	2.108452e-05 	6.841002e-01 
7.286900e-02 	2.244000e-05 	2.175744e-05 	1.299192e+00 	2.087273e-05 	2.983165e+00 
7.316900e-02 	2.192000e-05 	2.151372e-05 	7.864837e-01 	2.066301e-05 	2.433287e+00 
7.346900e-02 	1.993000e-05 	2.127304e-05 	-2.576831e+00 	2.045586e-05 	-1.008933e+00 
7.376900e-02 	2.110000e-05 	2.103556e-05 	1.233438e-01 	2.025136e-05 	1.624282e+00 
7.406900e-02 	2.019000e-05 	2.080106e-05 	-1.180244e+00 	2.004942e-05 	2.715345e-01 
7.436900e-02 	2.054000e-05 	2.056954e-05 	-5.728204e-02 	1.984995e-05 	1.338264e+00 
7.466800e-02 	2.051000e-05 	2.034184e-05 	3.257275e-01 	1.965370e-05 	1.658665e+00 
7.496800e-02 	1.991000e-05 	2.011633e-05 	-4.019081e-01 	1.945925e-05 	8.780134e-01 
7.526800e-02 	2.005000e-05 	1.989376e-05 	3.019984e-01 	1.926729e-05 	1.512854e+00 
7.556800e-02 	1.913000e-05 	1.967404e-05 	-1.063664e+00 	1.907765e-05 	1.023448e-01 
7.586800e-02 	1.939000e-05 	1.945725e-05 	-1.283904e-01 	1.889048e-05 	9.536718e-01 
7.616800e-02 	1.875000e-05 	1.924325e-05 	-9.612414e-01 	1.870559e-05 	8.654089e-02 
7.646700e-02 	1.987000e-05 	1.903290e-05 	1.637773e+00 	1.852377e-05 	2.633874e+00 
7.676700e-02 	1.803000e-05 	1.882450e-05 	-1.546444e+00 	1.834355e-05 	-6.102957e-01 
7.706700e-02 	1.858000e-05 	1.861888e-05 	-7.612151e-02 	1.816555e-05 	8.114189e-01 
7.736700e-02 	1.803000e-05 	1.841612e-05 	-7.493033e-01 	1.798994e-05 	7.774219e-02 
7.766700e-02 	1.881000e-05 	1.821598e-05 	1.156866e+00 	1.781649e-05 	1.934891e+00 
7.796700e-02 	1.790000e-05 	1.801850e-05 	-2.297857e-01 	1.764520e-05 	4.941058e-01 
7.826600e-02 	1.705000e-05 	1.782434e-05 	-1.522973e+00 	1.747665e-05 	-8.391330e-01 
7.856600e-02 	1.887000e-05 	1.763220e-05 	2.412305e+00 	1.730976e-05 	3.040692e+00 
7.886600e-02 	1.835000e-05 	1.744263e-05 	1.698310e+00 	1.714493e-05 	2.255495e+00 
7.916600e-02 	1.784000e-05 	1.725564e-05 	1.114983e+00 	1.698224e-05 	1.636628e+00 
7.946600e-02 	1.703000e-05 	1.707124e-05 	-7.639483e-02 	1.682165e-05 	3.859547e-01 
7.976600e-02 	1.736000e-05 	1.688928e-05 	8.646145e-01 	1.666299e-05 	1.280254e+00 
8.006500e-02 	1.845000e-05 	1.671049e-05 	3.153908e+00 	1.650703e-05 	3.522814e+00 
8.036500e-02 	1.685000e-05 	1.653351e-05 	5.599416e-01 	1.635242e-05 	8.803231e-01 
8.066500e-02 	1.749000e-05 	1.635904e-05 	2.046426e+00 	1.619989e-05 	2.334407e+00 
8.096500e-02 	1.628000e-05 	1.618696e-05 	1.631648e-01 	1.604928e-05 	4.046245e-01 
8.126500e-02 	1.704000e-05 	1.601732e-05 	1.821043e+00 	1.590065e-05 	2.028797e+00 
8.156500e-02 	1.690000e-05 	1.585000e-05 	1.776199e+00 	1.575394e-05 	1.938694e+00 
8.186400e-02 	1.792000e-05 	1.568557e-05 	3.883465e+00 	1.560955e-05 	4.015597e+00 
8.216400e-02 	1.593000e-05 	1.552290e-05 	6.927061e-01 	1.546655e-05 	7.885947e-01 
8.246400e-02 	1.667000e-05 	1.536255e-05 	2.250576e+00 	1.532543e-05 	2.314477e+00 
8.276400e-02 	1.587000e-05 	1.520441e-05 	1.152582e+00 	1.518608e-05 	1.184318e+00 
8.306400e-02 	1.530000e-05 	1.504848e-05 	4.281018e-01 	1.504851e-05 	4.280561e-01 
8.336400e-02 	1.519000e-05 	1.489478e-05 	5.016666e-01 	1.491274e-05 	4.711384e-01 
8.366300e-02 	1.595000e-05 	1.474379e-05 	2.054774e+00 	1.477919e-05 	1.994456e+00 
8.396300e-02 	1.448000e-05 	1.459442e-05 	-1.892000e-01 	1.464689e-05 	-2.759597e-01 
8.426300e-02 	1.500000e-05 	1.444712e-05 	1.010322e+00 	1.451625e-05 	8.839979e-01 
8.456300e-02 	1.641000e-05 	1.430196e-05 	3.910954e+00 	1.438732e-05 	3.752584e+00 
8.486300e-02 	1.498000e-05 	1.415885e-05 	1.512888e+00 	1.426000e-05 	1.326523e+00 
8.516300e-02 	1.392000e-05 	1.401772e-05 	-1.830146e-01 	1.413425e-05 	-4.012778e-01 
8.546200e-02 	1.555000e-05 	1.387915e-05 	3.139515e+00 	1.401065e-05 	2.892420e+00 
8.576200e-02 	1.554000e-05 	1.374202e-05 	3.445859e+00 	1.388810e-05 	3.165899e+00 
8.606200e-02 	1.533000e-05 	1.360691e-05 	3.327337e+00 	1.376718e-05 	3.017852e+00 
8.636200e-02 	1.383000e-05 	1.347372e-05 	6.886852e-01 	1.364776e-05 	3.522725e-01 
8.666200e-02 	1.463000e-05 	1.334239e-05 	2.558436e+00 	1.352979e-05 	2.186075e+00 
8.696100e-02 	1.460000e-05 	1.321345e-05 	2.751250e+00 	1.341383e-05 	2.353659e+00 
8.726100e-02 	1.419000e-05 	1.308586e-05 	2.175300e+00 	1.329886e-05 	1.755674e+00 
8.756100e-02 	1.359000e-05 	1.296017e-05 	1.236663e+00 	1.318540e-05 	7.944285e-01 
8.786100e-02 	1.416000e-05 	1.283628e-05 	2.632914e+00 	1.307337e-05 	2.161327e+00 
8.816100e-02 	1.370000e-05 	1.271416e-05 	1.951227e+00 	1.296279e-05 	1.459126e+00 
8.846100e-02 	1.319000e-05 	1.259384e-05 	1.197260e+00 	1.285358e-05 	6.756289e-01 
8.876000e-02 	1.314000e-05 	1.247566e-05 	1.294009e+00 	1.274614e-05 	7.671506e-01 
8.906000e-02 	1.532000e-05 	1.235880e-05 	5.889539e+00 	1.263975e-05 	5.330764e+00 
8.936000e-02 	1.288000e-05 	1.224364e-05 	1.258192e+00 	1.253466e-05 	6.828071e-01 
8.966000e-02 	1.435000e-05 	1.213018e-05 	4.477060e+00 	1.243092e-05 	3.870522e+00 
8.996000e-02 	1.312000e-05 	1.201845e-05 	2.228728e+00 	1.232862e-05 	1.601181e+00 
9.025900e-02 	1.256000e-05 	1.190863e-05 	1.301277e+00 	1.222783e-05 	6.636053e-01 
9.055900e-02 	1.278000e-05 	1.180009e-05 	1.994119e+00 	1.212803e-05 	1.326753e+00 
9.085900e-02 	1.205000e-05 	1.169321e-05 	7.104329e-01 	1.202958e-05 	4.065925e-02 
9.115900e-02 	1.268000e-05 	1.158780e-05 	2.192242e+00 	1.193229e-05 	1.500801e+00 
9.145900e-02 	1.276000e-05 	1.148403e-05 	2.585023e+00 	1.183632e-05 	1.871309e+00 
9.175900e-02 	1.227000e-05 	1.138172e-05 	1.781007e+00 	1.174154e-05 	1.059576e+00 
9.205800e-02 	1.165000e-05 	1.128129e-05 	7.540865e-01 	1.164826e-05 	3.566029e-03 
9.235800e-02 	1.181000e-05 	1.118198e-05 	1.270835e+00 	1.155586e-05 	5.142592e-01 
9.265800e-02 	1.232000e-05 	1.108416e-05 	2.488248e+00 	1.146463e-05 	1.722203e+00 
9.295800e-02 	1.085000e-05 	1.098777e-05 	-2.791687e-01 	1.137459e-05 	-1.063016e+00 
9.325800e-02 	1.224000e-05 	1.089283e-05 	2.713494e+00 	1.128571e-05 	1.922156e+00 
9.355700e-02 	1.190000e-05 	1.079958e-05 	2.263031e+00 	1.119823e-05 	1.443209e+00 
9.385700e-02 	1.183000e-05 	1.070739e-05 	2.272532e+00 	1.111156e-05 	1.454370e+00 
9.415700e-02 	1.237000e-05 	1.061659e-05 	3.563470e+00 	1.102601e-05 	2.731412e+00 
9.445700e-02 	1.124000e-05 	1.052707e-05 	1.453838e+00 	1.094147e-05 	6.087755e-01 
9.475700e-02 	1.193000e-05 	1.043886e-05 	3.037758e+00 	1.085797e-05 	2.183940e+00 
9.505600e-02 	1.221000e-05 	1.035226e-05 	3.859754e+00 	1.077582e-05 	2.979743e+00 
9.535600e-02 	1.125000e-05 	1.026662e-05 	2.008247e+00 	1.069444e-05 	1.134558e+00 
9.565600e-02 	1.103000e-05 	1.018222e-05 	1.739867e+00 	1.061407e-05 	8.535921e-01 
9.595600e-02 	1.191000e-05 	1.009905e-05 	3.715381e+00 	1.053464e-05 	2.821715e+00 
9.625600e-02 	1.143000e-05 	1.001707e-05 	2.885464e+00 	1.045622e-05 	1.988641e+00 
9.655600e-02 	1.148000e-05 	9.936283e-06 	3.177157e+00 	1.037874e-05 	2.266532e+00 
9.685500e-02 	1.122000e-05 	9.856902e-06 	2.775714e+00 	1.030243e-05 	1.868477e+00 
9.715500e-02 	8.200000e-06 	9.778379e-06 	-3.284798e+00 	1.022680e-05 	-4.218009e+00 
9.745500e-02 	1.232000e-05 	9.701034e-06 	5.360033e+00 	1.015212e-05 	4.436831e+00 
9.775500e-02 	9.760000e-06 	9.624738e-06 	2.805807e-01 	1.007826e-05 	-6.601771e-01 
9.805500e-02 	1.059000e-05 	9.549548e-06 	2.182294e+00 	1.000538e-05 	1.226210e+00 
9.835400e-02 	1.080000e-05 	9.475721e-06 	2.722558e+00 	9.933599e-06 	1.781215e+00 
9.865400e-02 	1.003000e-05 	9.402681e-06 	1.299980e+00 	9.862406e-06 	3.473012e-01 
9.895400e-02 	1.076000e-05 	9.330723e-06 	2.964875e+00 	9.792096e-06 	2.007807e+00 
9.925400e-02 	1.054000e-05 	9.259802e-06 	2.670918e+00 	9.722651e-06 	1.705261e+00 
9.955400e-02 	1.019000e-05 	9.189857e-06 	2.101846e+00 	9.654011e-06 	1.126405e+00 
9.985300e-02 	9.250000e-06 	9.121250e-06 	2.673437e-01 	9.586514e-06 	-6.987555e-01 
1.001500e-01 	1.043000e-05 	9.054029e-06 	2.922934e+00 	9.520184e-06 	1.932694e+00 
1.004500e-01 	1.045000e-05 	8.987109e-06 	3.078605e+00 	9.454034e-06 	2.095976e+00 
1.007500e-01 	1.060000e-05 	8.921199e-06 	3.538489e+00 	9.388665e-06 	2.553188e+00 
1.010500e-01 	1.020000e-05 	8.856147e-06 	2.846062e+00 	9.324032e-06 	1.855156e+00 
1.013500e-01 	9.520000e-06 	8.792134e-06 	1.515031e+00 	9.260285e-06 	5.405887e-01 
1.016500e-01 	9.940000e-06 	8.729049e-06 	2.529560e+00 	9.197320e-06 	1.551387e+00 
1.019500e-01 	1.016000e-05 	8.666814e-06 	3.137671e+00 	9.135042e-06 	2.153771e+00 
1.022500e-01 	7.850000e-06 	8.605483e-06 	-1.603897e+00 	9.073482e-06 	-2.597460e+00 
1.025500e-01 	1.019000e-05 	8.545083e-06 	3.494618e+00 	9.012728e-06 	2.501109e+00 
1.028500e-01 	8.830000e-06 	8.485527e-06 	7.265533e-01 	8.952651e-06 	-2.586919e-01 
1.031500e-01 	8.960000e-06 	8.426838e-06 	1.122731e+00 	8.893341e-06 	1.403697e-01 
1.034500e-01 	1.008000e-05 	8.369040e-06 	3.598839e+00 	8.834782e-06 	2.619196e+00 
1.037500e-01 	1.052000e-05 	8.312032e-06 	4.689423e+00 	8.776855e-06 	3.702203e+00 
1.040500e-01 	9.370000e-06 	8.255823e-06 	2.337418e+00 	8.719567e-06 	1.364535e+00 
1.043500e-01 	8.310000e-06 	8.200429e-06 	2.335164e-01 	8.663028e-06 	-7.523715e-01 
1.046500e-01 	9.790000e-06 	8.145804e-06 	3.545054e+00 	8.607118e-06 	2.550413e+00 
1.049500e-01 	9.050000e-06 	8.091967e-06 	2.075371e+00 	8.551847e-06 	1.079140e+00 
1.052500e-01 	8.780000e-06 	8.038927e-06 	1.627801e+00 	8.497308e-06 	6.209456e-01 
1.055500e-01 	9.180000e-06 	7.986579e-06 	2.565284e+00 	8.443331e-06 	1.583485e+00 
1.058500e-01 	9.210000e-06 	7.935053e-06 	2.728093e+00 	8.390072e-06 	1.754457e+00 
1.061500e-01 	9.350000e-06 	7.884151e-06 	3.152159e+00 	8.337327e-06 	2.177650e+00 
1.064500e-01 	7.700000e-06 	7.833999e-06 	-2.891393e-01 	8.285232e-06 	-1.262801e+00 
1.067500e-01 	8.480000e-06 	7.784477e-06 	1.504225e+00 	8.233702e-06 	5.326749e-01 
1.070500e-01 	8.940000e-06 	7.735693e-06 	2.582686e+00 	8.182786e-06 	1.623878e+00 
1.073500e-01 	9.090000e-06 	7.687535e-06 	3.054813e+00 	8.132420e-06 	2.085777e+00 
1.076500e-01 	8.540000e-06 	7.640105e-06 	1.953873e+00 	8.082705e-06 	9.928886e-01 
1.079500e-01 	8.650000e-06 	7.593229e-06 	2.272821e+00 	8.033469e-06 	1.325988e+00 
1.082500e-01 	8.840000e-06 	7.546984e-06 	2.799645e+00 	7.984775e-06 	1.851737e+00 
1.085500e-01 	9.020000e-06 	7.501339e-06 	3.281604e+00 	7.936649e-06 	2.340963e+00 
1.088500e-01 	8.090000e-06 	7.456329e-06 	1.385345e+00 	7.889074e-06 	4.392679e-01 
1.091500e-01 	8.530000e-06 	7.411869e-06 	2.409920e+00 	7.841986e-06 	1.482885e+00 
1.094500e-01 	8.800000e-06 	7.367986e-06 	3.086769e+00 	7.795385e-06 	2.165492e+00 
1.097500e-01 	8.790000e-06 	7.324654e-06 	3.167836e+00 	7.749316e-06 	2.249787e+00 
1.100500e-01 	8.730000e-06 	7.281870e-06 	3.200146e+00 	7.703703e-06 	2.267960e+00 
1.103500e-01 	7.990000e-06 	7.239601e-06 	1.649991e+00 	7.658597e-06 	7.286936e-01 
1.106500e-01 	6.320000e-06 	7.197916e-06 	-1.915007e+00 	7.614060e-06 	-2.822746e+00 
1.109500e-01 	8.290000e-06 	7.156715e-06 	2.471885e+00 	7.569905e-06 	1.570647e+00 
1.112500e-01 	8.130000e-06 	7.116027e-06 	2.223722e+00 	7.526212e-06 	1.324154e+00 
1.115500e-01 	7.870000e-06 	7.075874e-06 	1.731139e+00 	7.483024e-06 	8.435821e-01 
1.118400e-01 	8.440000e-06 	7.037559e-06 	3.057159e+00 	7.441698e-06 	2.176183e+00 
1.121400e-01 	8.490000e-06 	6.998376e-06 	3.226110e+00 	7.399439e-06 	2.358685e+00 
1.124400e-01 	7.910000e-06 	6.959664e-06 	2.099309e+00 	7.357549e-06 	1.220375e+00 
1.127400e-01 	7.440000e-06 	6.921474e-06 	1.134532e+00 	7.316167e-06 	2.709448e-01 
1.130400e-01 	7.310000e-06 	6.883767e-06 	9.386539e-01 	7.275232e-06 	7.656581e-02 
1.133400e-01 	7.490000e-06 	6.846460e-06 	1.444048e+00 	7.234656e-06 	5.729704e-01 
1.136400e-01 	7.410000e-06 	6.809665e-06 	1.335651e+00 	7.194575e-06 	4.792873e-01 
1.139400e-01 	6.360000e-06 	6.773318e-06 	-9.208576e-01 	7.154913e-06 	-1.771038e+00 
1.142400e-01 	6.350000e-06 	6.737395e-06 	-8.689881e-01 	7.115625e-06 	-1.717419e+00 
1.145400e-01 	6.780000e-06 	6.701915e-06 	1.728765e-01 	7.076738e-06 	-6.569656e-01 
1.148400e-01 	7.790000e-06 	6.666869e-06 	2.525649e+00 	7.038286e-06 	1.690422e+00 
1.151400e-01 	7.250000e-06 	6.632220e-06 	1.377865e+00 	7.000208e-06 	5.571242e-01 
1.154400e-01 	8.850000e-06 	6.598003e-06 	5.034870e+00 	6.962573e-06 	4.219788e+00 
1.157400e-01 	7.700000e-06 	6.564193e-06 	2.535792e+00 	6.925264e-06 	1.729669e+00 
1.160400e-01 	6.610000e-06 	6.530792e-06 	1.764030e-01 	6.888395e-06 	-6.200066e-01 
1.163400e-01 	6.680000e-06 	6.497750e-06 	4.082762e-01 	6.851809e-06 	-3.848849e-01 
1.166400e-01 	6.820000e-06 	6.465118e-06 	7.859727e-01 	6.815654e-06 	9.624358e-03 
1.169400e-01 	6.900000e-06 	6.432865e-06 	1.032572e+00 	6.779880e-06 	2.655173e-01 
1.172400e-01 	6.360000e-06 	6.400947e-06 	-9.215727e-02 	6.744397e-06 	-8.651344e-01 
1.175400e-01 	8.000000e-06 	6.369443e-06 	3.643132e+00 	6.709306e-06 	2.883781e+00 
1.178400e-01 	7.940000e-06 	6.338302e-06 	3.575218e+00 	6.674627e-06 	2.824492e+00 
1.181400e-01 	6.470000e-06 	6.307476e-06 	3.651804e-01 	6.640219e-06 	-3.824721e-01 
1.184400e-01 	8.390000e-06 	6.276992e-06 	4.735562e+00 	6.606139e-06 	3.997895e+00 
1.187400e-01 	7.230000e-06 	6.246801e-06 	2.214412e+00 	6.572354e-06 	1.481184e+00 
1.190400e-01 	6.900000e-06 	6.217005e-06 	1.528055e+00 	6.538998e-06 	8.076647e-01 
1.193400e-01 	5.960000e-06 	6.187508e-06 	-5.025025e-01 	6.505912e-06 	-1.205770e+00 
1.196400e-01 	6.860000e-06 	6.158296e-06 	1.577501e+00 	6.473106e-06 	8.697769e-01 
1.199400e-01 	5.990000e-06 	6.129413e-06 	-3.143961e-01 	6.440637e-06 	-1.016253e+00 
1.202400e-01 	6.810000e-06 	6.100857e-06 	1.612275e+00 	6.408526e-06 	9.127732e-01 
1.205400e-01 	5.920000e-06 	6.072502e-06 	-3.380306e-01 	6.376594e-06 	-1.012067e+00 
1.208400e-01 	6.820000e-06 	6.044475e-06 	1.750937e+00 	6.344985e-06 	1.072461e+00 
1.211400e-01 	6.620000e-06 	6.016735e-06 	1.378071e+00 	6.313731e-06 	6.996276e-01 
1.214400e-01 	6.630000e-06 	5.989265e-06 	1.444627e+00 	6.282763e-06 	7.828936e-01 
1.217400e-01 	5.710000e-06 	5.962058e-06 	-5.741504e-01 	6.252027e-06 	-1.234658e+00 
1.220400e-01 	7.840000e-06 	5.935105e-06 	4.287697e+00 	6.221594e-06 	3.642844e+00 
1.223400e-01 	6.080000e-06 	5.908413e-06 	3.843789e-01 	6.191446e-06 	-2.496553e-01 
1.226400e-01 	6.160000e-06 	5.881936e-06 	6.421500e-01 	6.161495e-06 	-3.453305e-03 
1.229400e-01 	5.750000e-06 	5.855708e-06 	-2.313189e-01 	6.131821e-06 	-8.355306e-01 
1.232400e-01 	7.460000e-06 	5.829695e-06 	3.567564e+00 	6.102418e-06 	2.970769e+00 
1.235400e-01 	6.390000e-06 	5.803985e-06 	1.260004e+00 	6.073328e-06 	6.808836e-01 
1.238400e-01 	6.420000e-06 	5.778408e-06 	1.376157e+00 	6.044331e-06 	8.057756e-01 
1.241400e-01 	7.040000e-06 	5.753118e-06 	2.753395e+00 	6.015714e-06 	2.191549e+00 
1.244300e-01 	5.870000e-06 	5.728841e-06 	2.929519e-01 	5.988238e-06 	-2.453842e-01 
1.247300e-01 	4.740000e-06 	5.703932e-06 	-2.030142e+00 	5.960057e-06 	-2.569569e+00 
1.250300e-01 	7.070000e-06 	5.679232e-06 	2.922764e+00 	5.932065e-06 	2.391424e+00 
1.253300e-01 	6.910000e-06 	5.654812e-06 	2.746521e+00 	5.904392e-06 	2.200407e+00 
1.256300e-01 	5.660000e-06 	5.630492e-06 	6.531163e-02 	5.876847e-06 	-4.799520e-01 
1.259300e-01 	5.150000e-06 	5.606445e-06 	-1.003750e+00 	5.849610e-06 	-1.538483e+00 
1.262300e-01 	5.360000e-06 	5.582565e-06 	-4.935363e-01 	5.822557e-06 	-1.025716e+00 
1.265300e-01 	6.510000e-06 	5.558856e-06 	2.093095e+00 	5.795723e-06 	1.571844e+00 
1.268300e-01 	6.530000e-06 	5.535351e-06 	2.204208e+00 	5.769100e-06 	1.686205e+00 
1.271300e-01 	7.160000e-06 	5.512068e-06 	3.661421e+00 	5.742707e-06 	3.148981e+00 
1.274300e-01 	7.110000e-06 	5.488897e-06 	3.575278e+00 	5.716470e-06 	3.073375e+00 
1.277300e-01 	6.070000e-06 	5.465965e-06 	1.345678e+00 	5.690473e-06 	8.455159e-01 
1.280300e-01 	6.130000e-06 	5.443158e-06 	1.523202e+00 	5.664674e-06 	1.031947e+00 
1.283300e-01 	6.460000e-06 	5.420529e-06 	2.307627e+00 	5.639044e-06 	1.822523e+00 
1.286300e-01 	5.950000e-06 	5.398048e-06 	1.245210e+00 	5.613605e-06 	7.589116e-01 
1.289300e-01 	5.850000e-06 	5.375775e-06 	1.071187e+00 	5.588363e-06 	5.909899e-01 
1.292300e-01 	5.890000e-06 	5.353686e-06 	1.206583e+00 	5.563363e-06 	7.348583e-01 
1.295300e-01 	5.000000e-06 	5.331698e-06 	-7.451049e-01 	5.538489e-06 	-1.209626e+00 
1.298300e-01 	6.100000e-06 	5.309846e-06 	1.797357e+00 	5.513762e-06 	1.333512e+00 
1.301300e-01 	6.070000e-06 	5.288209e-06 	1.780561e+00 	5.489311e-06 	1.322543e+00 
1.304300e-01 	6.530000e-06 	5.266697e-06 	2.877946e+00 	5.464992e-06 	2.426207e+00 
1.307300e-01 	4.340000e-06 	5.245318e-06 	-2.055998e+00 	5.440829e-06 	-2.500009e+00 
1.310300e-01 	5.530000e-06 	5.224102e-06 	6.931750e-01 	5.416885e-06 	2.563226e-01 
1.313300e-01 	5.930000e-06 	5.202997e-06 	1.653106e+00 	5.393048e-06 	1.220956e+00 
1.316300e-01 	3.990000e-06 	5.182033e-06 	-2.725954e+00 	5.369398e-06 	-3.154425e+00 
1.319300e-01 	5.120000e-06 	5.161210e-06 	-9.536026e-02 	5.345876e-06 	-5.226797e-01 
1.322300e-01 	6.600000e-06 	5.140526e-06 	3.392075e+00 	5.322557e-06 	2.969003e+00 
1.325300e-01 	4.520000e-06 	5.119904e-06 	-1.391857e+00 	5.299300e-06 	-1.808079e+00 
1.328300e-01 	4.770000e-06 	5.099485e-06 	-7.691952e-01 	5.276313e-06 	-1.182008e+00 
1.331300e-01 	5.560000e-06 	5.079133e-06 	1.113633e+00 	5.253456e-06 	7.099201e-01 
1.334300e-01 	6.380000e-06 	5.058935e-06 	3.072172e+00 	5.230726e-06 	2.672668e+00 
1.337300e-01 	5.790000e-06 	5.038825e-06 	1.727156e+00 	5.208118e-06 	1.337906e+00 
1.340300e-01 	5.750000e-06 	5.018868e-06 	1.711330e+00 	5.185684e-06 	1.320873e+00 
1.343300e-01 	4.680000e-06 	4.998949e-06 	-7.462192e-01 	5.163348e-06 	-1.130851e+00 
1.346300e-01 	5.790000e-06 	4.979186e-06 	1.885438e+00 	5.141165e-06 	1.508779e+00 
1.349300e-01 	6.610000e-06 	4.959499e-06 	3.852171e+00 	5.119118e-06 	3.479629e+00 
1.352300e-01 	5.970000e-06 	4.939935e-06 	2.390553e+00 	5.097239e-06 	2.025485e+00 
1.355300e-01 	4.890000e-06 	4.920426e-06 	-7.153573e-02 	5.075428e-06 	-4.359618e-01 
1.358200e-01 	5.210000e-06 	4.901720e-06 	7.181664e-01 	5.054469e-06 	3.623232e-01 
1.361200e-01 	6.210000e-06 	4.882453e-06 	3.131821e+00 	5.032999e-06 	2.776666e+00 
1.364200e-01 	4.940000e-06 	4.863237e-06 	1.834587e-01 	5.011568e-06 	-1.710436e-01 
1.367200e-01 	5.130000e-06 	4.844160e-06 	6.743411e-01 	4.990305e-06 	3.295618e-01 
1.370200e-01 	5.670000e-06 	4.825126e-06 	1.987285e+00 	4.969096e-06 	1.648642e+00 
1.373200e-01 	6.300000e-06 	4.806183e-06 	3.532652e+00 	4.947990e-06 	3.197300e+00 
1.376200e-01 	5.190000e-06 	4.787342e-06 	9.578664e-01 	4.927095e-06 	6.254124e-01 
1.379200e-01 	4.610000e-06 	4.768591e-06 	-3.742021e-01 	4.906247e-06 	-6.990100e-01 
1.382200e-01 	5.120000e-06 	4.749906e-06 	8.686422e-01 	4.885491e-06 	5.504124e-01 
1.385200e-01 	3.850000e-06 	4.731334e-06 	-2.085207e+00 	4.864936e-06 	-2.401307e+00 
1.388200e-01 	4.200000e-06 	4.712810e-06 	-1.211085e+00 	4.844397e-06 	-1.521850e+00 
1.391200e-01 	4.710000e-06 	4.694330e-06 	3.723434e-02 	4.823968e-06 	-2.708098e-01 
1.394200e-01 	5.060000e-06 	4.675933e-06 	9.098530e-01 	4.803656e-06 	6.072783e-01 
1.397200e-01 	4.380000e-06 	4.657631e-06 	-6.575354e-01 	4.783440e-06 	-9.554984e-01 
1.400200e-01 	4.380000e-06 	4.639427e-06 	-6.181687e-01 	4.763344e-06 	-9.134415e-01 
1.403200e-01 	4.170000e-06 	4.621252e-06 	-1.082372e+00 	4.743305e-06 	-1.375130e+00 
1.406200e-01 	4.360000e-06 	4.603170e-06 	-5.777378e-01 	4.723429e-06 	-8.634577e-01 
1.409200e-01 	4.530000e-06 	4.585121e-06 	-1.317576e-01 	4.703572e-06 	-4.148972e-01 
1.412200e-01 	3.540000e-06 	4.567169e-06 	-2.442094e+00 	4.683870e-06 	-2.719550e+00 
1.415200e-01 	4.050000e-06 	4.549268e-06 	-1.201984e+00 	4.664194e-06 	-1.478666e+00 
1.418200e-01 	4.630000e-06 	4.531455e-06 	2.349898e-01 	4.644645e-06 	-3.492341e-02 
1.421200e-01 	5.330000e-06 	4.513647e-06 	1.985005e+00 	4.625154e-06 	1.713870e+00 
1.424200e-01 	3.960000e-06 	4.495929e-06 	-1.240950e+00 	4.605784e-06 	-1.495320e+00 
1.427200e-01 	3.960000e-06 	4.478305e-06 	-1.187330e+00 	4.586511e-06 	-1.435207e+00 
1.430200e-01 	4.200000e-06 	4.460695e-06 	-5.914407e-01 	4.567256e-06 	-8.331959e-01 
1.433200e-01 	4.470000e-06 	4.443186e-06 	6.140530e-02 	4.548157e-06 	-1.789831e-01 
1.436200e-01 	4.160000e-06 	4.425652e-06 	-6.124126e-01 	4.529063e-06 	-8.508077e-01 
1.439200e-01 	4.410000e-06 	4.408254e-06 	3.904619e-03 	4.510075e-06 	-2.237723e-01 
1.442200e-01 	4.570000e-06 	4.390889e-06 	3.977937e-01 	4.491179e-06 	1.750577e-01 
1.445200e-01 	4.850000e-06 	4.373525e-06 	1.050431e+00 	4.472336e-06 	8.325918e-01 
1.448200e-01 	5.170000e-06 	4.356305e-06 	1.776470e+00 	4.453606e-06 	1.564042e+00 
1.451200e-01 	5.040000e-06 	4.339068e-06 	1.537064e+00 	4.434875e-06 	1.326971e+00 
1.454200e-01 	4.000000e-06 	4.321958e-06 	-7.040407e-01 	4.416323e-06 	-9.103930e-01 
1.457200e-01 	5.850000e-06 	4.304816e-06 	3.417491e+00 	4.397800e-06 	3.211838e+00 
1.460100e-01 	3.700000e-06 	4.288361e-06 	-1.287582e+00 	4.379962e-06 	-1.488045e+00 
1.463100e-01 	5.460000e-06 	4.271320e-06 	2.609443e+00 	4.361536e-06 	2.411397e+00 
1.466100e-01 	5.460000e-06 	4.254435e-06 	2.613804e+00 	4.343293e-06 	2.421149e+00 
1.469100e-01 	5.380000e-06 	4.237433e-06 	2.486869e+00 	4.324950e-06 	2.296383e+00 
1.472100e-01 	3.520000e-06 	4.220610e-06 	-1.531489e+00 	4.306790e-06 	-1.719873e+00 
1.475100e-01 	3.600000e-06 	4.203782e-06 	-1.287822e+00 	4.288661e-06 	-1.468861e+00 
1.478100e-01 	5.440000e-06 	4.186968e-06 	2.871621e+00 	4.270567e-06 	2.680035e+00 
1.481100e-01 	4.550000e-06 	4.170271e-06 	8.824954e-01 	4.252599e-06 	6.911645e-01 
1.484100e-01 	4.220000e-06 	4.153585e-06 	1.562643e-01 	4.234651e-06 	-3.447233e-02 
1.487100e-01 	4.580000e-06 	4.136950e-06 	1.036642e+00 	4.216810e-06 	8.497868e-01 
1.490100e-01 	4.980000e-06 	4.120328e-06 	2.022328e+00 	4.198972e-06 	1.837325e+00 
1.493100e-01 	5.250000e-06 	4.103818e-06 	2.754980e+00 	4.181254e-06 	2.568854e+00 
1.496100e-01 	3.740000e-06 	4.087306e-06 	-8.178447e-01 	4.163572e-06 	-9.974379e-01 
1.499100e-01 	3.760000e-06 	4.070836e-06 	-7.393470e-01 	4.145928e-06 	-9.179578e-01 
1.502100e-01 	3.390000e-06 	4.054385e-06 	-1.568314e+00 	4.128343e-06 	-1.742896e+00 
1.505100e-01 	4.550000e-06 	4.038024e-06 	1.218294e+00 	4.110874e-06 	1.044941e+00 
1.508100e-01 	3.690000e-06 	4.021681e-06 	-7.853783e-01 	4.093413e-06 	-9.552306e-01 
1.511100e-01 	3.840000e-06 	4.005393e-06 	-3.923074e-01 	4.076077e-06 	-5.599683e-01 
1.514100e-01 	3.810000e-06 	3.989103e-06 	-4.314688e-01 	4.058629e-06 	-5.989616e-01 
1.517100e-01 	4.280000e-06 	3.972896e-06 	7.327012e-01 	4.041397e-06 	5.692692e-01 
1.520100e-01 	2.810000e-06 	3.956696e-06 	-2.745788e+00 	4.024164e-06 	-2.907341e+00 
1.523100e-01 	5.270000e-06 	3.940577e-06 	3.223312e+00 	4.007020e-06 	3.062216e+00 
1.526100e-01 	4.290000e-06 	3.924491e-06 	8.648649e-01 	3.989899e-06 	7.100974e-01 
1.529100e-01 	4.570000e-06 	3.908451e-06 	1.612591e+00 	3.972870e-06 	1.455563e+00 
1.532100e-01 	4.360000e-06 	3.892394e-06 	1.130659e+00 	3.955852e-06 	9.772169e-01 
1.535100e-01 	3.600000e-06 	3.876455e-06 	-6.630091e-01 	3.938933e-06 	-8.128474e-01 
1.538100e-01 	3.780000e-06 	3.860486e-06 	-1.954215e-01 	3.921993e-06 	-3.447597e-01 
1.541100e-01 	3.630000e-06 	3.844573e-06 	-5.139730e-01 	3.905112e-06 	-6.589826e-01 
1.544100e-01 	4.130000e-06 	3.828729e-06 	7.358662e-01 	3.888372e-06 	5.901867e-01 
1.547100e-01 	3.700000e-06 	3.812879e-06 	-2.728861e-01 	3.871583e-06 	-4.148024e-01 
1.550100e-01 	5.150000e-06 	3.797126e-06 	3.288702e+00 	3.854989e-06 	3.148045e+00 
1.553100e-01 	3.950000e-06 	3.781382e-06 	4.092583e-01 	3.838324e-06 	2.710509e-01 
1.556000e-01 	3.590000e-06 	3.766152e-06 	-4.268083e-01 	3.822226e-06 	-5.626720e-01 
1.559000e-01 	4.320000e-06 	3.750500e-06 	1.402985e+00 	3.805717e-06 	1.266957e+00 
1.562000e-01 	3.370000e-06 	3.734828e-06 	-8.902156e-01 	3.789215e-06 	-1.022925e+00 
1.565000e-01 	3.770000e-06 	3.719246e-06 	1.236868e-01 	3.772780e-06 	-6.775211e-03 
1.568000e-01 	3.290000e-06 	3.703637e-06 	-1.022210e+00 	3.756365e-06 	-1.152514e+00 
1.571000e-01 	3.950000e-06 	3.688130e-06 	6.319559e-01 	3.740004e-06 	5.067721e-01 
1.574000e-01 	3.380000e-06 	3.672600e-06 	-7.203167e-01 	3.723678e-06 	-8.460608e-01 
1.577000e-01 	4.390000e-06 	3.657176e-06 	1.803740e+00 	3.707465e-06 	1.679961e+00 
1.580000e-01 	4.270000e-06 	3.641764e-06 	1.555155e+00 	3.691289e-06 	1.432559e+00 
1.583000e-01 	2.600000e-06 	3.626349e-06 	-2.524346e+00 	3.675120e-06 	-2.644302e+00 
1.586000e-01 	3.950000e-06 	3.611048e-06 	8.350002e-01 	3.659054e-06 	7.167383e-01 
1.589000e-01 	3.650000e-06 	3.595768e-06 	1.334557e-01 	3.643034e-06 	1.714219e-02 
1.592000e-01 	3.900000e-06 	3.580489e-06 	7.845961e-01 	3.627015e-06 	6.703451e-01 
1.595000e-01 	4.280000e-06 	3.565289e-06 	1.775416e+00 	3.611095e-06 	1.661629e+00 
1.598000e-01 	2.970000e-06 	3.550104e-06 	-1.419318e+00 	3.595172e-06 	-1.529586e+00 
1.601000e-01 	4.210000e-06 	3.534948e-06 	1.660891e+00 	3.579346e-06 	1.551652e+00 
1.604000e-01 	3.410000e-06 	3.519885e-06 	-2.736937e-01 	3.563581e-06 	-3.825264e-01 
1.607000e-01 	3.500000e-06 	3.504781e-06 	-1.188350e-02 	3.547789e-06 	-1.187751e-01 
1.610000e-01 	2.910000e-06 	3.489748e-06 	-1.442950e+00 	3.532101e-06 	-1.548363e+00 
1.613000e-01 	3.800000e-06 	3.474793e-06 	8.164660e-01 	3.516485e-06 	7.117943e-01 
1.616000e-01 	4.200000e-06 	3.459786e-06 	1.898472e+00 	3.500791e-06 	1.793303e+00 
1.619000e-01 	4.150000e-06 	3.444903e-06 	1.802580e+00 	3.485293e-06 	1.699324e+00 
1.622000e-01 	3.300000e-06 	3.430033e-06 	-3.279098e-01 	3.469766e-06 	-4.281085e-01 
1.625000e-01 	4.070000e-06 	3.415228e-06 	1.641733e+00 	3.454332e-06 	1.543686e+00 
1.628000e-01 	3.720000e-06 	3.400396e-06 	8.122489e-01 	3.438904e-06 	7.143835e-01 
1.631000e-01 	2.460000e-06 	3.385673e-06 	-2.335552e+00 	3.423527e-06 	-2.431061e+00 
1.634000e-01 	3.570000e-06 	3.370971e-06 	5.030685e-01 	3.408282e-06 	4.087613e-01 
1.637000e-01 	3.270000e-06 	3.356274e-06 	-2.197053e-01 	3.392979e-06 	-3.131795e-01 
1.640000e-01 	3.400000e-06 	3.341650e-06 	1.475784e-01 	3.377761e-06 	5.624624e-02 
1.642900e-01 	2.930000e-06 	3.327563e-06 	-1.005012e+00 	3.363130e-06 	-1.094924e+00 
1.645900e-01 	2.590000e-06 	3.313011e-06 	-1.828047e+00 	3.347989e-06 	-1.916485e+00 
1.648900e-01 	2.980000e-06 	3.298558e-06 	-8.059059e-01 	3.333010e-06 	-8.930642e-01 
1.651900e-01 	2.940000e-06 	3.284063e-06 	-8.727481e-01 	3.317998e-06 	-9.588249e-01 
1.654900e-01 	2.690000e-06 	3.269645e-06 	-1.437219e+00 	3.303011e-06 	-1.519949e+00 
1.657900e-01 	3.310000e-06 	3.255241e-06 	1.402788e-01 	3.288044e-06 	5.624552e-02 
1.660900e-01 	3.240000e-06 	3.240902e-06 	-2.299994e-03 	3.273211e-06 	-8.467876e-02 
1.663900e-01 	3.290000e-06 	3.226602e-06 	1.602868e-01 	3.258420e-06 	7.984259e-02 
1.666900e-01 	2.780000e-06 	3.212364e-06 	-1.099967e+00 	3.243650e-06 	-1.179562e+00 
1.669900e-01 	3.980000e-06 	3.198149e-06 	1.978168e+00 	3.228913e-06 	1.900332e+00 
1.672900e-01 	2.630000e-06 	3.183938e-06 	-1.413937e+00 	3.214243e-06 	-1.491290e+00 
1.675900e-01 	3.500000e-06 	3.169818e-06 	8.392597e-01 	3.199658e-06 	7.634143e-01 
1.678900e-01 	3.020000e-06 	3.155725e-06 	-3.398915e-01 	3.185046e-06 	-4.133183e-01 
1.681900e-01 	3.170000e-06 	3.141686e-06 	7.295619e-02 	3.170561e-06 	-1.444344e-03 
1.684900e-01 	2.860000e-06 	3.127704e-06 	-6.752878e-01 	3.156128e-06 	-7.469866e-01 
1.687900e-01 	3.420000e-06 	3.113744e-06 	7.825829e-01 	3.141696e-06 	7.111570e-01 
1.690900e-01 	2.640000e-06 	3.099811e-06 	-1.172389e+00 	3.127336e-06 	-1.242569e+00 
1.693900e-01 	3.210000e-06 	3.085934e-06 	3.167295e-01 	3.113005e-06 	2.476182e-01 
1.696900e-01 	2.960000e-06 	3.072119e-06 	-2.888111e-01 	3.098779e-06 	-3.574849e-01 
1.699900e-01 	2.920000e-06 	3.058361e-06 	-3.519462e-01 	3.084567e-06 	-4.186071e-01 
1.702900e-01 	4.240000e-06 	3.044613e-06 	3.066274e+00 	3.070391e-06 	3.000150e+00 
1.705900e-01 	4.080000e-06 	3.030917e-06 	2.678898e+00 	3.056278e-06 	2.614137e+00 
1.708900e-01 	2.910000e-06 	3.017232e-06 	-2.771204e-01 	3.042185e-06 	-3.416072e-01 
1.711900e-01 	2.080000e-06 	3.003640e-06 	-2.351666e+00 	3.028199e-06 	-2.414194e+00 
1.714900e-01 	2.640000e-06 	2.990071e-06 	-8.976181e-01 	3.014264e-06 	-9.596513e-01 
1.717900e-01 	3.500000e-06 	2.976581e-06 	1.347802e+00 	3.000358e-06 	1.286577e+00 
1.720900e-01 	2.140000e-06 	2.963072e-06 	-2.116247e+00 	2.986499e-06 	-2.176483e+00 
1.723800e-01 	2.680000e-06 	2.950104e-06 	-6.970418e-01 	2.973150e-06 	-7.565162e-01 
1.726800e-01 	1.910000e-06 	2.936719e-06 	-2.635248e+00 	2.959373e-06 	-2.693393e+00 
1.729800e-01 	3.200000e-06 	2.923366e-06 	7.164268e-01 	2.945677e-06 	6.586468e-01 
1.732800e-01 	3.680000e-06 	2.910047e-06 	2.019972e+00 	2.932032e-06 	1.962295e+00 
1.735800e-01 	2.060000e-06 	2.896772e-06 	-2.166343e+00 	2.918418e-06 	-2.222383e+00 
1.738800e-01 	1.340000e-06 	2.883540e-06 	-3.971441e+00 	2.904813e-06 	-4.026175e+00 
1.741800e-01 	2.280000e-06 	2.870399e-06 	-1.526644e+00 	2.891345e-06 	-1.580806e+00 
1.744800e-01 	3.530000e-06 	2.857286e-06 	1.746629e+00 	2.877896e-06 	1.693117e+00 
1.747800e-01 	2.590000e-06 	2.844162e-06 	-6.640589e-01 	2.864477e-06 	-7.171378e-01 
1.750800e-01 	2.570000e-06 	2.831151e-06 	-6.801516e-01 	2.851123e-06 	-7.321675e-01 
1.753800e-01 	2.510000e-06 	2.818177e-06 	-8.084404e-01 	2.837850e-06 	-8.600485e-01 
1.756800e-01 	2.260000e-06 	2.805234e-06 	-1.419512e+00 	2.824573e-06 	-1.469859e+00 
1.759800e-01 	2.800000e-06 	2.792340e-06 	2.012961e-02 	2.811390e-06 	-2.993189e-02 
1.762800e-01 	2.150000e-06 	2.779501e-06 	-1.648254e+00 	2.798233e-06 	-1.697302e+00 
1.765800e-01 	4.440000e-06 	2.766706e-06 	4.389313e+00 	2.785156e-06 	4.340916e+00 
1.768800e-01 	2.590000e-06 	2.753927e-06 	-4.392461e-01 	2.772067e-06 	-4.878531e-01 
1.771800e-01 	2.500000e-06 	2.741250e-06 	-6.450892e-01 	2.759083e-06 	-6.927718e-01 
1.774800e-01 	1.630000e-06 	2.728602e-06 	-2.890144e+00 	2.746173e-06 	-2.936369e+00 
1.777800e-01 	2.550000e-06 	2.715969e-06 	-4.389209e-01 	2.733240e-06 	-4.845963e-01 
1.780800e-01 	2.050000e-06 	2.703434e-06 	-1.714600e+00 	2.720439e-06 	-1.759220e+00 
1.783800e-01 	3.030000e-06 	2.690909e-06 	8.971139e-01 	2.707636e-06 	8.528603e-01 
1.786800e-01 	2.430000e-06 	2.678405e-06 	-6.558024e-01 	2.694856e-06 	-6.992342e-01 
1.789800e-01 	3.150000e-06 	2.666069e-06 	1.279124e+00 	2.682229e-06 	1.236411e+00 
1.792800e-01 	2.700000e-06 	2.653689e-06 	1.215217e-01 	2.669594e-06 	7.978632e-02 
1.795800e-01 	2.190000e-06 	2.641377e-06 	-1.197255e+00 	2.657022e-06 	-1.238753e+00 
1.798800e-01 	1.950000e-06 	2.629125e-06 	-1.818956e+00 	2.644467e-06 	-1.860046e+00 
1.801700e-01 	3.090000e-06 	2.617302e-06 	1.267422e+00 	2.632429e-06 	1.226863e+00 
1.804700e-01 	1.850000e-06 	2.605147e-06 	-2.018569e+00 	2.620004e-06 	-2.058283e+00 
1.807700e-01 	2.100000e-06 	2.593007e-06 	-1.311537e+00 	2.607597e-06 	-1.350351e+00 
1.810700e-01 	2.160000e-06 	2.581013e-06 	-1.125463e+00 	2.595383e-06 	-1.163878e+00 
1.813700e-01 	2.540000e-06 	2.568983e-06 	-7.694042e-02 	2.583052e-06 	-1.142895e-01 
1.816700e-01 	3.040000e-06 	2.557057e-06 	1.279387e+00 	2.570910e-06 	1.242688e+00 
1.819700e-01 	2.950000e-06 	2.545138e-06 	1.076188e+00 	2.558719e-06 	1.040087e+00 
1.822700e-01 	1.910000e-06 	2.533296e-06 	-1.655853e+00 	2.546618e-06 	-1.691244e+00 
1.825700e-01 	2.220000e-06 	2.521516e-06 	-8.044080e-01 	2.534628e-06 	-8.393895e-01 
1.828700e-01 	2.250000e-06 	2.509815e-06 	-6.925268e-01 	2.522658e-06 	-7.267573e-01 
1.831700e-01 	2.110000e-06 	2.498173e-06 	-1.036703e+00 	2.510757e-06 	-1.070313e+00 
1.834700e-01 	2.800000e-06 	2.486553e-06 	8.432120e-01 	2.498886e-06 	8.100336e-01 
1.837700e-01 	1.730000e-06 	2.474989e-06 	-1.969098e+00 	2.487108e-06 	-2.001131e+00 
1.840700e-01 	3.200000e-06 	2.463450e-06 	1.991861e+00 	2.475334e-06 	1.959723e+00 
1.843700e-01 	3.210000e-06 	2.452038e-06 	2.019131e+00 	2.463665e-06 	1.988158e+00 
1.846700e-01 	2.310000e-06 	2.440633e-06 	-3.507669e-01 	2.452045e-06 	-3.814104e-01 
1.849700e-01 	2.490000e-06 	2.429331e-06 	1.616932e-01 	2.440528e-06 	1.318516e-01 
1.852700e-01 	2.410000e-06 	2.418062e-06 	-2.161772e-02 	2.429019e-06 	-5.100147e-02 
1.855700e-01 	2.030000e-06 	2.406832e-06 	-1.017584e+00 	2.417534e-06 	-1.046483e+00 
1.858700e-01 	1.670000e-06 	2.395718e-06 	-1.933804e+00 	2.406209e-06 	-1.961759e+00 
1.861700e-01 	1.470000e-06 	2.384640e-06 	-2.447395e+00 	2.394891e-06 	-2.474824e+00 
1.864700e-01 	3.380000e-06 	2.373587e-06 	2.711973e+00 	2.383614e-06 	2.684953e+00 
1.867700e-01 	2.220000e-06 	2.362617e-06 	-3.804242e-01 	2.372409e-06 	-4.065422e-01 
1.870700e-01 	2.230000e-06 	2.351699e-06 	-3.284911e-01 	2.361281e-06 	-3.543548e-01 
1.873600e-01 	2.380000e-06 	2.341280e-06 	1.037460e-01 	2.350623e-06 	7.871328e-02 
1.876600e-01 	2.590000e-06 	2.330472e-06 	7.050488e-01 	2.339585e-06 	6.802902e-01 
1.879600e-01 	2.140000e-06 	2.319752e-06 	-4.850954e-01 	2.328663e-06 	-5.091434e-01 
1.882600e-01 	2.000000e-06 	2.309078e-06 	-8.338148e-01 	2.317778e-06 	-8.572849e-01 
1.885600e-01 	2.370000e-06 	2.298502e-06 	1.939938e-01 	2.306984e-06 	1.709792e-01 
1.888600e-01 	2.290000e-06 	2.287987e-06 	5.453703e-03 	2.296262e-06 	-1.696962e-02 
1.891600e-01 	2.830000e-06 	2.277465e-06 	1.502841e+00 	2.285497e-06 	1.480996e+00 
1.894600e-01 	1.960000e-06 	2.267043e-06 	-8.310133e-01 	2.274869e-06 	-8.521944e-01 
1.897600e-01 	2.450000e-06 	2.256635e-06 	5.221694e-01 	2.264272e-06 	5.015479e-01 
1.900600e-01 	2.410000e-06 	2.246341e-06 	4.475478e-01 	2.253787e-06 	4.271845e-01 
1.903600e-01 	1.950000e-06 	2.236084e-06 	-7.736611e-01 	2.243305e-06 	-7.931881e-01 
1.906600e-01 	2.490000e-06 	2.225850e-06 	7.171552e-01 	2.232895e-06 	6.980297e-01 
1.909600e-01 	2.020000e-06 	2.215694e-06 	-5.349459e-01 	2.222560e-06 	-5.537138e-01 
1.912600e-01 	1.800000e-06 	2.205574e-06 	-1.107159e+00 	2.212261e-06 	-1.125412e+00 
1.915600e-01 	8.900000e-07 	2.195489e-06 	-3.573550e+00 	2.201993e-06 	-3.591352e+00 
1.918600e-01 	1.780000e-06 	2.185490e-06 	-1.110141e+00 	2.191825e-06 	-1.127483e+00 
1.921600e-01 	2.060000e-06 	2.175474e-06 	-3.128951e-01 	2.181625e-06 	-3.295614e-01 
1.924600e-01 	2.320000e-06 	2.165534e-06 	4.245907e-01 	2.171495e-06 	4.082049e-01 
1.927600e-01 	1.270000e-06 	2.155632e-06 	-2.434862e+00 	2.161473e-06 	-2.450918e+00 
1.930600e-01 	2.460000e-06 	2.145745e-06 	8.567462e-01 	2.151403e-06 	8.413229e-01 
1.933600e-01 	1.750000e-06 	2.135909e-06 	-1.057285e+00 	2.141416e-06 	-1.072372e+00 
1.936600e-01 	1.760000e-06 	2.126105e-06 	-9.979161e-01 	2.131448e-06 	-1.012479e+00 
1.939500e-01 	2.140000e-06 	2.116695e-06 	6.369947e-02 	2.121897e-06 	4.948027e-02 
1.942500e-01 	1.300000e-06 	2.106943e-06 	-2.202355e+00 	2.111988e-06 	-2.216125e+00 
1.945500e-01 	1.230000e-06 	2.097273e-06 	-2.354608e+00 	2.102169e-06 	-2.367902e+00 
1.948500e-01 	1.560000e-06 	2.087627e-06 	-1.445198e+00 	2.092388e-06 	-1.458239e+00 
1.951500e-01 	2.280000e-06 	2.077894e-06 	5.532306e-01 	2.082521e-06 	5.405641e-01 
1.954500e-01 	1.580000e-06 	2.068318e-06 	-1.335151e+00 	2.072804e-06 	-1.347417e+00 
1.957500e-01 	2.000000e-06 	2.058686e-06 	-1.613091e-01 	2.063030e-06 	-1.732492e-01 
1.960500e-01 	2.830000e-06 	2.049138e-06 	2.130184e+00 	2.053354e-06 	2.118685e+00 
1.963500e-01 	2.980000e-06 	2.039564e-06 	2.606747e+00 	2.043662e-06 	2.595389e+00 
1.966500e-01 	1.210000e-06 	2.030023e-06 	-2.238910e+00 	2.033962e-06 	-2.249665e+00 
1.969500e-01 	1.400000e-06 	2.020524e-06 	-1.712783e+00 	2.024341e-06 	-1.723318e+00 
1.972500e-01 	2.470000e-06 	2.011006e-06 	1.260349e+00 	2.014693e-06 	1.250226e+00 
1.975500e-01 	1.990000e-06 	2.001521e-06 	-3.179046e-02 	2.005080e-06 	-4.161026e-02 
1.978500e-01 	2.090000e-06 	1.991998e-06 	2.761092e-01 	1.995428e-06 	2.664456e-01 
1.981500e-01 	2.170000e-06 	1.982582e-06 	5.233971e-01 	1.985885e-06 	5.141740e-01 
1.984500e-01 	2.300000e-06 	1.973105e-06 	9.194078e-01 	1.976273e-06 	9.104976e-01 
1.987500e-01 	2.030000e-06 	1.963649e-06 	1.871316e-01 	1.966697e-06 	1.785332e-01 
1.990500e-01 	2.200000e-06 	1.954244e-06 	6.857414e-01 	1.957172e-06 	6.775723e-01 
1.993500e-01 	2.590000e-06 	1.944818e-06 	1.809614e+00 	1.947622e-06 	1.801749e+00 
1.996500e-01 	1.830000e-06 	1.935370e-06 	-2.921013e-01 	1.938063e-06 	-2.995670e-01 
1.999500e-01 	1.270000e-06 	1.925915e-06 	-1.848116e+00 	1.928479e-06 	-1.855341e+00 
