#q 	 Iexp 	 Ifit_avg 	 Residuals_avg 	 Ifit_weightedavg 	 Residuals_weightedavg 
5.698000e-03 	7.510000e-05 	7.249000e-05 	7.641857e-02 	7.249123e-05 	7.638249e-02 
5.998000e-03 	5.292000e-05 	7.232843e-05 	-7.205387e-01 	7.232598e-05 	-7.204477e-01 
6.298000e-03 	7.127000e-05 	7.216965e-05 	-4.339003e-02 	7.216350e-05 	-4.309356e-02 
6.598000e-03 	7.601000e-05 	7.201071e-05 	2.416199e-01 	7.200086e-05 	2.422147e-01 
6.897000e-03 	9.025000e-05 	7.185137e-05 	1.367216e+00 	7.183781e-05 	1.368224e+00 
7.197000e-03 	7.276000e-05 	7.169159e-05 	9.482649e-02 	7.167430e-05 	9.636138e-02 
7.497000e-03 	7.151000e-05 	7.153120e-05 	-2.194856e-03 	7.151016e-05 	-1.706534e-05 
7.797000e-03 	8.712000e-05 	7.137017e-05 	1.968507e+00 	7.134536e-05 	1.971609e+00 
8.097000e-03 	7.322000e-05 	7.120834e-05 	2.904758e-01 	7.117974e-05 	2.946052e-01 
8.397000e-03 	6.275000e-05 	7.104556e-05 	-1.407267e+00 	7.101314e-05 	-1.401767e+00 
8.697000e-03 	6.980000e-05 	7.088178e-05 	-2.067576e-01 	7.084548e-05 	-1.998206e-01 
8.997000e-03 	7.130000e-05 	7.071679e-05 	1.277685e-01 	7.067658e-05 	1.365771e-01 
9.297000e-03 	7.677000e-05 	7.055058e-05 	1.602199e+00 	7.050643e-05 	1.613573e+00 
9.597000e-03 	7.388000e-05 	7.038295e-05 	9.818756e-01 	7.033481e-05 	9.953924e-01 
9.896000e-03 	7.719000e-05 	7.021385e-05 	2.140842e+00 	7.016166e-05 	2.156860e+00 
1.019600e-02 	6.787000e-05 	7.004332e-05 	-7.592373e-01 	6.998701e-05 	-7.395671e-01 
1.049600e-02 	6.774000e-05 	6.987078e-05 	-8.077852e-01 	6.981031e-05 	-7.848641e-01 
1.079600e-02 	6.890000e-05 	6.969646e-05 	-3.354344e-01 	6.963175e-05 	-3.081851e-01 
1.109600e-02 	6.868000e-05 	6.952019e-05 	-3.804172e-01 	6.945120e-05 	-3.491799e-01 
1.139600e-02 	7.076000e-05 	6.934179e-05 	7.032674e-01 	6.926843e-05 	7.396468e-01 
1.169600e-02 	7.339000e-05 	6.916124e-05 	2.315224e+00 	6.908343e-05 	2.357828e+00 
1.199600e-02 	7.270000e-05 	6.897834e-05 	2.145173e+00 	6.889600e-05 	2.192633e+00 
1.229500e-02 	7.369000e-05 	6.879376e-05 	3.045117e+00 	6.870683e-05 	3.099177e+00 
1.259500e-02 	6.545000e-05 	6.860594e-05 	-2.115951e+00 	6.851432e-05 	-2.054524e+00 
1.289500e-02 	7.000000e-05 	6.841548e-05 	1.118929e+00 	6.831907e-05 	1.187013e+00 
1.319500e-02 	6.569000e-05 	6.822228e-05 	-1.917378e+00 	6.812100e-05 	-1.840690e+00 
1.349500e-02 	6.948000e-05 	6.802618e-05 	1.195480e+00 	6.791990e-05 	1.282874e+00 
1.379500e-02 	7.098000e-05 	6.782710e-05 	2.697319e+00 	6.771576e-05 	2.792577e+00 
1.409500e-02 	6.789000e-05 	6.762492e-05 	2.311510e-01 	6.750836e-05 	3.327827e-01 
1.439500e-02 	6.981000e-05 	6.741951e-05 	2.222470e+00 	6.729764e-05 	2.335771e+00 
1.469500e-02 	6.872000e-05 	6.721076e-05 	1.539919e+00 	6.708347e-05 	1.669788e+00 
1.499400e-02 	6.985000e-05 	6.699926e-05 	2.866824e+00 	6.686648e-05 	3.000354e+00 
1.529400e-02 	6.758000e-05 	6.678352e-05 	8.084830e-01 	6.664506e-05 	9.490295e-01 
1.559400e-02 	6.704000e-05 	6.656415e-05 	5.053634e-01 	6.641992e-05 	6.585360e-01 
1.589400e-02 	6.983000e-05 	6.634095e-05 	3.719394e+00 	6.619082e-05 	3.879436e+00 
1.619400e-02 	6.395000e-05 	6.611385e-05 	-2.422392e+00 	6.595773e-05 	-2.247623e+00 
1.649400e-02 	5.974000e-05 	6.588280e-05 	-6.893505e+00 	6.572055e-05 	-6.711425e+00 
1.679400e-02 	6.385000e-05 	6.564780e-05 	-2.155633e+00 	6.547934e-05 	-1.953644e+00 
1.709400e-02 	6.487000e-05 	6.540867e-05 	-6.396164e-01 	6.523391e-05 	-4.321070e-01 
1.739400e-02 	6.443000e-05 	6.516528e-05 	-8.792540e-01 	6.498415e-05 	-6.626584e-01 
1.769300e-02 	6.559000e-05 	6.491859e-05 	8.276871e-01 	6.473106e-05 	1.058860e+00 
1.799300e-02 	6.342000e-05 	6.466691e-05 	-1.574661e+00 	6.447290e-05 	-1.329649e+00 
1.829300e-02 	6.538000e-05 	6.441097e-05 	1.285772e+00 	6.421049e-05 	1.551769e+00 
1.859300e-02 	6.510000e-05 	6.415082e-05 	1.271915e+00 	6.394386e-05 	1.549246e+00 
1.889300e-02 	6.396000e-05 	6.388646e-05 	1.004731e-01 	6.367303e-05 	3.920781e-01 
1.919300e-02 	6.692000e-05 	6.361800e-05 	4.509884e+00 	6.339813e-05 	4.810181e+00 
1.949300e-02 	6.432000e-05 	6.334546e-05 	1.419901e+00 	6.311920e-05 	1.749567e+00 
1.979300e-02 	6.301000e-05 	6.306894e-05 	-8.689177e-02 	6.283633e-05 	2.560275e-01 
2.009300e-02 	6.451000e-05 	6.278861e-05 	2.539148e+00 	6.254967e-05 	2.891600e+00 
2.039200e-02 	6.473000e-05 	6.250547e-05 	3.279079e+00 	6.226030e-05 	3.640482e+00 
2.069200e-02 	6.186000e-05 	6.221764e-05 	-5.586368e-01 	6.196628e-05 	-1.660070e-01 
2.099200e-02 	6.227000e-05 	6.192628e-05 	5.555499e-01 	6.166878e-05 	9.717489e-01 
2.129200e-02 	6.247000e-05 	6.163143e-05 	1.381411e+00 	6.136787e-05 	1.815575e+00 
2.159200e-02 	6.297000e-05 	6.133321e-05 	2.798701e+00 	6.106368e-05 	3.259556e+00 
2.189200e-02 	5.979000e-05 	6.103182e-05 	-2.151152e+00 	6.075641e-05 	-1.674069e+00 
2.219200e-02 	5.945000e-05 	6.072719e-05 	-2.276785e+00 	6.044595e-05 	-1.775442e+00 
2.249200e-02 	6.099000e-05 	6.041959e-05 	1.043531e+00 	6.013266e-05 	1.568441e+00 
2.279200e-02 	6.153000e-05 	6.010907e-05 	2.594886e+00 	5.981656e-05 	3.129053e+00 
2.309100e-02 	5.998000e-05 	5.979677e-05 	3.277866e-01 	5.949881e-05 	8.608409e-01 
2.339100e-02 	5.892000e-05 	5.948070e-05 	-1.021055e+00 	5.917737e-05 	-4.686799e-01 
2.369100e-02 	5.909000e-05 	5.916210e-05 	-1.314094e-01 	5.885351e-05 	4.310470e-01 
2.399100e-02 	5.813000e-05 	5.884098e-05 	-1.297924e+00 	5.852727e-05 	-7.252347e-01 
2.429100e-02 	5.883000e-05 	5.851749e-05 	5.751029e-01 	5.819879e-05 	1.161592e+00 
2.459100e-02 	5.622000e-05 	5.819179e-05 	-3.657415e+00 	5.786825e-05 	-3.057295e+00 
2.489100e-02 	5.733000e-05 	5.786390e-05 	-1.003039e+00 	5.753565e-05 	-3.863526e-01 
2.519100e-02 	5.545000e-05 	5.753397e-05 	-3.904838e+00 	5.720115e-05 	-3.281214e+00 
2.549100e-02 	5.934000e-05 	5.720203e-05 	4.025850e+00 	5.686480e-05 	4.660866e+00 
2.579000e-02 	5.633000e-05 	5.686949e-05 	-1.035095e+00 	5.652803e-05 	-3.799527e-01 
2.609000e-02 	5.676000e-05 	5.653398e-05 	4.392147e-01 	5.618841e-05 	1.110775e+00 
2.639000e-02 	5.831000e-05 	5.619693e-05 	4.035661e+00 	5.584743e-05 	4.703149e+00 
2.669000e-02 	5.547000e-05 	5.585830e-05 	-7.470377e-01 	5.550503e-05 	-6.739068e-02 
2.699000e-02 	5.531000e-05 	5.551830e-05 	-4.078717e-01 	5.516142e-05 	2.909295e-01 
2.729000e-02 	5.309000e-05 	5.517693e-05 	-4.194580e+00 	5.481662e-05 	-3.470392e+00 
2.759000e-02 	5.414000e-05 	5.483430e-05 	-1.380918e+00 	5.447070e-05 	-6.577455e-01 
2.789000e-02 	5.318000e-05 	5.449053e-05 	-2.674222e+00 	5.412381e-05 	-1.925905e+00 
2.818900e-02 	5.514000e-05 	5.414687e-05 	2.065919e+00 	5.377723e-05 	2.834853e+00 
2.848900e-02 	5.171000e-05 	5.380111e-05 	-4.388574e+00 	5.342866e-05 	-3.606926e+00 
2.878900e-02 	5.376000e-05 	5.345448e-05 	6.489210e-01 	5.307941e-05 	1.445536e+00 
2.908900e-02 	5.262000e-05 	5.310708e-05 	-1.049838e+00 	5.272957e-05 	-2.361687e-01 
2.938900e-02 	5.285000e-05 	5.275894e-05 	1.987318e-01 	5.237915e-05 	1.027613e+00 
2.968900e-02 	5.166000e-05 	5.241022e-05 	-1.656009e+00 	5.202829e-05 	-8.129374e-01 
2.998900e-02 	5.203000e-05 	5.206092e-05 	-6.758131e-02 	5.167700e-05 	7.715280e-01 
3.028900e-02 	5.186000e-05 	5.171109e-05 	3.305178e-01 	5.132533e-05 	1.186706e+00 
3.058900e-02 	5.097000e-05 	5.136084e-05 	-8.798168e-01 	5.097341e-05 	-7.674538e-03 
3.088800e-02 	5.225000e-05 	5.101143e-05 	2.787129e+00 	5.062249e-05 	3.662348e+00 
3.118800e-02 	5.047000e-05 	5.066057e-05 	-4.402830e-01 	5.027025e-05 	4.614983e-01 
3.148800e-02 	4.936000e-05 	5.030946e-05 	-2.206502e+00 	4.991788e-05 	-1.296490e+00 
3.178800e-02 	5.003000e-05 	4.995823e-05 	1.709142e-01 	4.956557e-05 	1.106084e+00 
3.208800e-02 	5.022000e-05 	4.960694e-05 	1.437820e+00 	4.921330e-05 	2.361033e+00 
3.238800e-02 	4.841000e-05 	4.925562e-05 	-1.992422e+00 	4.886117e-05 	-1.063035e+00 
3.268800e-02 	4.973000e-05 	4.890431e-05 	1.960377e+00 	4.850919e-05 	2.898474e+00 
3.298800e-02 	4.747000e-05 	4.855303e-05 	-2.575136e+00 	4.815737e-05 	-1.634377e+00 
3.328700e-02 	4.710000e-05 	4.820300e-05 	-2.626692e+00 	4.780697e-05 	-1.683572e+00 
3.358700e-02 	4.841000e-05 	4.785199e-05 	1.357790e+00 	4.745571e-05 	2.322049e+00 
3.388700e-02 	4.691000e-05 	4.750106e-05 	-1.418065e+00 	4.710468e-05 	-4.670708e-01 
3.418700e-02 	4.795000e-05 	4.715044e-05 	1.923130e+00 	4.675409e-05 	2.876440e+00 
3.448700e-02 	4.510000e-05 	4.680006e-05 	-4.066746e+00 	4.640389e-05 	-3.119067e+00 
3.478700e-02 	4.575000e-05 	4.644998e-05 	-1.757011e+00 	4.605414e-05 	-7.634165e-01 
3.508700e-02 	4.580000e-05 	4.610028e-05 	-7.364045e-01 	4.570492e-05 	2.331743e-01 
3.538700e-02 	4.759000e-05 	4.575095e-05 	4.617027e+00 	4.535622e-05 	5.608010e+00 
3.568600e-02 	4.572000e-05 	4.540322e-05 	7.828189e-01 	4.500925e-05 	1.756376e+00 
3.598600e-02 	4.478000e-05 	4.505481e-05 	-6.868263e-01 	4.466175e-05 	2.955330e-01 
3.628600e-02 	4.512000e-05 	4.470692e-05 	1.032425e+00 	4.431494e-05 	2.012108e+00 
3.658600e-02 	4.283000e-05 	4.435956e-05 	-2.149253e+00 	4.396877e-05 	-1.600141e+00 
3.688600e-02 	4.453000e-05 	4.401280e-05 	1.311153e+00 	4.362337e-05 	2.298407e+00 
3.718600e-02 	4.479000e-05 	4.366670e-05 	2.860531e+00 	4.327877e-05 	3.848409e+00 
3.748600e-02 	4.359000e-05 	4.332130e-05 	6.897229e-01 	4.293502e-05 	1.681289e+00 
3.778600e-02 	4.225000e-05 	4.297652e-05 	-1.830725e+00 	4.259201e-05 	-8.618133e-01 
3.808500e-02 	4.175000e-05 	4.263358e-05 	-2.262331e+00 	4.225100e-05 	-1.282769e+00 
3.838500e-02 	4.155000e-05 	4.229037e-05 	-1.904338e+00 	4.190985e-05 	-9.256000e-01 
3.868500e-02 	4.247000e-05 	4.194791e-05 	1.370789e+00 	4.156961e-05 	2.364048e+00 
3.898500e-02 	4.179000e-05 	4.160626e-05 	4.720260e-01 	4.123032e-05 	1.437855e+00 
3.928500e-02 	4.002000e-05 	4.126549e-05 	-3.239418e+00 	4.089204e-05 	-2.268095e+00 
3.958500e-02 	4.217000e-05 	4.092568e-05 	3.215957e+00 	4.055486e-05 	4.174361e+00 
3.988500e-02 	3.978000e-05 	4.058677e-05 	-2.133345e+00 	4.021873e-05 	-1.160135e+00 
4.018500e-02 	4.021000e-05 	4.024888e-05 	-1.022717e-01 	3.988374e-05 	8.581547e-01 
4.048500e-02 	3.965000e-05 	3.991197e-05 	-6.827056e-01 	3.954986e-05 	2.609725e-01 
4.078400e-02 	4.039000e-05 	3.957720e-05 	2.160667e+00 	3.921827e-05 	3.114819e+00 
4.108400e-02 	3.904000e-05 	3.924239e-05 	-5.332615e-01 	3.888678e-05 	4.036978e-01 
4.138400e-02 	3.991000e-05 	3.890866e-05 	2.693512e+00 	3.855647e-05 	3.640861e+00 
4.168400e-02 	3.896000e-05 	3.857608e-05 	1.032062e+00 	3.822746e-05 	1.969237e+00 
4.198400e-02 	3.942000e-05 	3.824469e-05 	3.163009e+00 	3.789977e-05 	4.091260e+00 
4.228400e-02 	3.675000e-05 	3.791438e-05 	-3.120831e+00 	3.757327e-05 	-2.206554e+00 
4.258400e-02 	3.674000e-05 	3.758531e-05 	-2.245718e+00 	3.724813e-05 	-1.349936e+00 
4.288400e-02 	3.697000e-05 	3.725749e-05 	-7.721092e-01 	3.692438e-05 	1.225064e-01 
4.318300e-02 	3.923000e-05 	3.693201e-05 	5.935953e+00 	3.660306e-05 	6.785676e+00 
4.348300e-02 	3.663000e-05 	3.660681e-05 	6.092756e-02 	3.628218e-05 	9.139535e-01 
4.378300e-02 	3.673000e-05 	3.628287e-05 	1.152492e+00 	3.596264e-05 	1.977890e+00 
4.408300e-02 	3.622000e-05 	3.596023e-05 	6.694227e-01 	3.564451e-05 	1.483033e+00 
4.438300e-02 	3.554000e-05 	3.563904e-05 	-2.562390e-01 	3.532797e-05 	5.485791e-01 
4.468300e-02 	3.484000e-05 	3.531922e-05 	-1.207932e+00 	3.501288e-05 	-4.357746e-01 
4.498300e-02 	3.532000e-05 	3.500081e-05 	8.116168e-01 	3.469933e-05 	1.578201e+00 
4.528200e-02 	3.591000e-05 	3.468496e-05 	3.092980e+00 	3.438843e-05 	3.841670e+00 
4.558200e-02 	3.411000e-05 	3.436948e-05 	-6.710190e-01 	3.407799e-05 	8.278652e-02 
4.588200e-02 	3.296000e-05 	3.405550e-05 	-2.779120e+00 	3.376917e-05 	-2.052737e+00 
4.618200e-02 	3.416000e-05 	3.374311e-05 	1.041840e+00 	3.346203e-05 	1.744273e+00 
4.648200e-02 	3.352000e-05 	3.343217e-05 	2.212810e-01 	3.315646e-05 	9.159495e-01 
4.678200e-02 	3.240000e-05 	3.312279e-05 	-1.773065e+00 	3.285253e-05 	-1.110090e+00 
4.708200e-02 	3.232000e-05 	3.281501e-05 	-1.257193e+00 	3.255029e-05 	-5.848856e-01 
4.738200e-02 	3.267000e-05 	3.250885e-05 	4.068094e-01 	3.224977e-05 	1.060827e+00 
4.768100e-02 	3.192000e-05 	3.220526e-05 	-7.088509e-01 	3.195189e-05 	-7.925403e-02 
4.798100e-02 	3.136000e-05 	3.190235e-05 	-1.333505e+00 	3.165481e-05 	-7.248675e-01 
4.828100e-02 	3.258000e-05 	3.160108e-05 	2.371355e+00 	3.135942e-05 	2.956769e+00 
4.858100e-02 	3.206000e-05 	3.130150e-05 	1.903295e+00 	3.106582e-05 	2.494674e+00 
4.888100e-02 	3.138000e-05 	3.100357e-05 	9.326338e-01 	3.077396e-05 	1.501522e+00 
4.918100e-02 	3.120000e-05 	3.070737e-05 	1.232502e+00 	3.048389e-05 	1.791621e+00 
4.948100e-02 	2.980000e-05 	3.041288e-05 	-1.529329e+00 	3.019559e-05 	-9.871195e-01 
4.978100e-02 	2.841000e-05 	3.012012e-05 	-4.367901e+00 	2.990912e-05 	-3.828972e+00 
5.008000e-02 	2.960000e-05 	2.983018e-05 	-6.080299e-01 	2.962548e-05 	-6.731873e-02 
5.038000e-02 	2.956000e-05 	2.954093e-05 	4.937033e-02 	2.934262e-05 	5.626585e-01 
5.068000e-02 	3.037000e-05 	2.925355e-05 	2.859170e+00 	2.906171e-05 	3.350465e+00 
5.098000e-02 	3.029000e-05 	2.896794e-05 	3.422104e+00 	2.878261e-05 	3.901810e+00 
5.128000e-02 	2.875000e-05 	2.868425e-05 	1.678656e-01 	2.850552e-05 	6.241654e-01 
5.158000e-02 	2.775000e-05 	2.840232e-05 	-1.670419e+00 	2.823020e-05 	-1.229670e+00 
5.188000e-02 	2.867000e-05 	2.812228e-05 	1.390112e+00 	2.795684e-05 	1.810016e+00 
5.217900e-02 	2.842000e-05 	2.784503e-05 	1.468251e+00 	2.768629e-05 	1.873621e+00 
5.247900e-02 	2.860000e-05 	2.756878e-05 	2.610160e+00 	2.741679e-05 	2.994855e+00 
5.277900e-02 	2.731000e-05 	2.729441e-05 	3.973927e-02 	2.714922e-05 	4.098772e-01 
5.307900e-02 	2.646000e-05 	2.702194e-05 	-1.450724e+00 	2.688359e-05 	-1.093547e+00 
5.337900e-02 	2.728000e-05 	2.675133e-05 	1.341793e+00 	2.661985e-05 	1.675514e+00 
5.367900e-02 	2.726000e-05 	2.648266e-05 	1.959605e+00 	2.635806e-05 	2.273721e+00 
5.397900e-02 	2.694000e-05 	2.621594e-05 	1.844918e+00 	2.609827e-05 	2.144757e+00 
5.427900e-02 	2.650000e-05 	2.595117e-05 	1.402614e+00 	2.584042e-05 	1.685655e+00 
5.457800e-02 	2.703000e-05 	2.568911e-05 	3.503763e+00 	2.558528e-05 	3.775061e+00 
5.487800e-02 	2.569000e-05 	2.542825e-05 	6.606856e-01 	2.533139e-05 	9.051704e-01 
5.517800e-02 	2.436000e-05 	2.516927e-05 	-2.072490e+00 	2.507936e-05 	-1.842258e+00 
5.547800e-02 	2.540000e-05 	2.491226e-05 	1.252084e+00 	2.482935e-05 	1.464932e+00 
5.577800e-02 	2.523000e-05 	2.465721e-05 	1.477824e+00 	2.458126e-05 	1.673784e+00 
5.607800e-02 	2.483000e-05 	2.440423e-05 	1.097001e+00 	2.433526e-05 	1.274715e+00 
5.637800e-02 	2.470000e-05 	2.415316e-05 	1.418184e+00 	2.409117e-05 	1.578956e+00 
5.667700e-02 	2.329000e-05 	2.390490e-05 	-1.593182e+00 	2.384983e-05 	-1.450477e+00 
5.697700e-02 	2.355000e-05 	2.365788e-05 	-2.794577e-01 	2.360974e-05 	-1.547615e-01 
5.727700e-02 	2.411000e-05 	2.341280e-05 	1.811322e+00 	2.337159e-05 	1.918402e+00 
5.757700e-02 	2.267000e-05 	2.316979e-05 	-1.285239e+00 	2.313548e-05 	-1.197010e+00 
5.787700e-02 	2.184000e-05 	2.292881e-05 	-2.822592e+00 	2.290139e-05 	-2.751498e+00 
5.817700e-02 	2.365000e-05 	2.268987e-05 	2.459108e+00 	2.266928e-05 	2.511834e+00 
5.847700e-02 	2.165000e-05 	2.245293e-05 	-2.084127e+00 	2.243919e-05 	-2.048474e+00 
5.877600e-02 	2.340000e-05 	2.221873e-05 	3.096959e+00 	2.221175e-05 	3.115255e+00 
5.907600e-02 	2.319000e-05 	2.198584e-05 	3.133875e+00 	2.198561e-05 	3.134463e+00 
5.937600e-02 	2.104000e-05 	2.175494e-05 	-1.847377e+00 	2.176144e-05 	-1.864178e+00 
5.967600e-02 	2.174000e-05 	2.152600e-05 	5.573900e-01 	2.153922e-05 	5.229725e-01 
5.997600e-02 	1.929000e-05 	2.129905e-05 	-5.192282e+00 	2.131892e-05 	-5.243647e+00 
6.027600e-02 	2.095000e-05 	2.107416e-05 	-3.307516e-01 	2.110066e-05 	-4.013365e-01 
6.057600e-02 	2.173000e-05 	2.085116e-05 	2.274360e+00 	2.088423e-05 	2.188798e+00 
6.087500e-02 	1.917000e-05 	2.063096e-05 	-3.869888e+00 	2.067055e-05 	-3.974769e+00 
6.117500e-02 	2.160000e-05 	2.041190e-05 	3.166253e+00 	2.045796e-05 	3.043482e+00 
6.147500e-02 	2.193000e-05 	2.019483e-05 	4.569730e+00 	2.024735e-05 	4.431417e+00 
6.177500e-02 	2.073000e-05 	1.997975e-05 	1.960874e+00 	2.003866e-05 	1.806913e+00 
6.207500e-02 	1.910000e-05 	1.976663e-05 	-1.733545e+00 	1.983189e-05 	-1.903227e+00 
6.237500e-02 	2.016000e-05 	1.955553e-05 	1.597912e+00 	1.962708e-05 	1.408768e+00 
6.267500e-02 	1.919000e-05 	1.934625e-05 	-4.115260e-01 	1.942405e-05 	-6.164169e-01 
6.297400e-02 	1.975000e-05 	1.913967e-05 	1.608380e+00 	1.922362e-05 	1.387155e+00 
6.327400e-02 	1.938000e-05 	1.893434e-05 	1.190263e+00 	1.902443e-05 	9.496547e-01 
6.357400e-02 	2.050000e-05 	1.873089e-05 	4.671658e+00 	1.882704e-05 	4.417763e+00 
6.387400e-02 	1.930000e-05 	1.852941e-05 	2.048832e+00 	1.863157e-05 	1.777209e+00 
6.417400e-02 	2.020000e-05 	1.832985e-05 	4.937041e+00 	1.843796e-05 	4.651640e+00 
6.447400e-02 	1.937000e-05 	1.813220e-05 	3.309806e+00 	1.824622e-05 	3.004924e+00 
6.477400e-02 	1.937000e-05 	1.793638e-05 	3.886720e+00 	1.805620e-05 	3.561868e+00 
6.507300e-02 	1.705000e-05 	1.774322e-05 	-1.819905e+00 	1.786878e-05 	-2.149527e+00 
6.537300e-02 	1.880000e-05 	1.755124e-05 	3.393831e+00 	1.768248e-05 	3.037140e+00 
6.567300e-02 	1.861000e-05 	1.736115e-05 	3.331498e+00 	1.749801e-05 	2.966403e+00 
6.597300e-02 	1.777000e-05 	1.717297e-05 	1.617999e+00 	1.731537e-05 	1.232095e+00 
6.627300e-02 	1.686000e-05 	1.698666e-05 	-3.358509e-01 	1.713455e-05 	-7.279825e-01 
6.657300e-02 	1.716000e-05 	1.680217e-05 	9.601037e-01 	1.695546e-05 	5.488161e-01 
6.687200e-02 	1.637000e-05 	1.662017e-05 	-6.786721e-01 	1.677875e-05 	-1.108857e+00 
6.717200e-02 	1.571000e-05 	1.643933e-05 	-1.941734e+00 	1.660316e-05 	-2.377895e+00 
6.747200e-02 	1.531000e-05 	1.626039e-05 	-2.506422e+00 	1.642937e-05 	-2.952071e+00 
6.777200e-02 	1.621000e-05 	1.608328e-05 	3.418090e-01 	1.625733e-05 	-1.276728e-01 
6.807200e-02 	1.544000e-05 	1.590791e-05 	-1.285294e+00 	1.608698e-05 	-1.777168e+00 
6.837200e-02 	1.677000e-05 	1.573446e-05 	2.837560e+00 	1.591844e-05 	2.333423e+00 
6.867200e-02 	1.546000e-05 	1.556275e-05 	-2.799199e-01 	1.575157e-05 	-7.943002e-01 
6.897100e-02 	1.563000e-05 	1.539344e-05 	6.556502e-01 	1.558699e-05 	1.192129e-01 
6.927100e-02 	1.473000e-05 	1.522530e-05 	-1.365284e+00 	1.542350e-05 	-1.911639e+00 
6.957100e-02 	1.513000e-05 	1.505895e-05 	1.923416e-01 	1.526174e-05 	-3.566674e-01 
6.987100e-02 	1.570000e-05 	1.489440e-05 	2.176113e+00 	1.510166e-05 	1.616257e+00 
7.017100e-02 	1.401000e-05 	1.473155e-05 	-1.980116e+00 	1.494321e-05 	-2.560939e+00 
7.047100e-02 	1.574000e-05 	1.457053e-05 	3.212401e+00 	1.478649e-05 	2.619168e+00 
7.077000e-02 	1.371000e-05 	1.441175e-05 	-1.899752e+00 	1.463192e-05 	-2.495781e+00 
7.107000e-02 	1.442000e-05 	1.425412e-05 	4.481275e-01 	1.447838e-05 	-1.577190e-01 
7.137000e-02 	1.315000e-05 	1.409825e-05 	-2.592547e+00 	1.432656e-05 	-3.216749e+00 
7.167000e-02 	1.436000e-05 	1.394406e-05 	1.127458e+00 	1.417632e-05 	4.978988e-01 
7.197000e-02 	1.494000e-05 	1.379165e-05 	3.177161e+00 	1.402773e-05 	2.523987e+00 
7.227000e-02 	1.443000e-05 	1.364082e-05 	2.152805e+00 	1.388066e-05 	1.498551e+00 
7.257000e-02 	1.433000e-05 	1.349173e-05 	2.313106e+00 	1.373523e-05 	1.641199e+00 
7.286900e-02 	1.435000e-05 	1.334471e-05 	2.773610e+00 	1.359177e-05 	2.091970e+00 
7.316900e-02 	1.215000e-05 	1.319888e-05 	-2.912901e+00 	1.344941e-05 	-3.608657e+00 
7.346900e-02 	1.312000e-05 	1.305465e-05 	1.817050e-01 	1.330855e-05 	-5.242889e-01 
7.376900e-02 	1.389000e-05 	1.291206e-05 	2.696215e+00 	1.316923e-05 	1.987171e+00 
7.406900e-02 	1.259000e-05 	1.277101e-05 	-5.026789e-01 	1.303140e-05 	-1.225757e+00 
7.436900e-02 	1.319000e-05 	1.263165e-05 	1.549427e+00 	1.289513e-05 	8.182662e-01 
7.466800e-02 	1.287000e-05 	1.249420e-05 	1.033605e+00 	1.276065e-05 	3.007563e-01 
7.496800e-02 	1.386000e-05 	1.235794e-05 	4.236994e+00 	1.262733e-05 	3.477112e+00 
7.526800e-02 	1.322000e-05 	1.222320e-05 	2.731634e+00 	1.249539e-05 	1.985715e+00 
7.556800e-02 	1.275000e-05 	1.208996e-05 	1.849381e+00 	1.236490e-05 	1.079018e+00 
7.586800e-02 	1.270000e-05 	1.195828e-05 	2.052637e+00 	1.223584e-05 	1.284529e+00 
7.616800e-02 	1.158000e-05 	1.182808e-05 	-6.879003e-01 	1.210818e-05 	-1.464593e+00 
7.646700e-02 	1.343000e-05 	1.169986e-05 	4.913071e+00 	1.198238e-05 	4.110793e+00 
7.676700e-02 	1.138000e-05 	1.157267e-05 	-5.414901e-01 	1.185756e-05 	-1.342128e+00 
7.706700e-02 	1.174000e-05 	1.144694e-05 	8.185203e-01 	1.173409e-05 	1.651989e-02 
7.736700e-02 	1.288000e-05 	1.132269e-05 	4.415397e+00 	1.161200e-05 	3.595117e+00 
7.766700e-02 	1.139000e-05 	1.119989e-05 	5.343259e-01 	1.149128e-05 	-2.846636e-01 
7.796700e-02 	1.101000e-05 	1.107859e-05 	-1.898597e-01 	1.137198e-05 	-1.001973e+00 
7.826600e-02 	1.149000e-05 	1.095902e-05 	1.497866e+00 	1.125429e-05 	6.649142e-01 
7.856600e-02 	1.234000e-05 	1.084051e-05 	4.240398e+00 	1.113760e-05 	3.400271e+00 
7.886600e-02 	1.066000e-05 	1.072344e-05 	-1.730529e-01 	1.102224e-05 	-9.881669e-01 
7.916600e-02 	1.070000e-05 	1.060772e-05 	2.509572e-01 	1.090816e-05 	-5.660750e-01 
7.946600e-02 	1.093000e-05 	1.049343e-05 	1.159254e+00 	1.079540e-05 	3.574113e-01 
7.976600e-02 	1.086000e-05 	1.038047e-05 	1.253948e+00 	1.068390e-05 	4.604814e-01 
8.006500e-02 	1.054000e-05 	1.026926e-05 	7.027880e-01 	1.057407e-05 	-8.844663e-02 
8.036500e-02 	1.187000e-05 	1.015904e-05 	4.415272e+00 	1.046512e-05 	3.625397e+00 
8.066500e-02 	9.280000e-06 	1.005020e-05 	-1.982443e+00 	1.035749e-05 	-2.773389e+00 
8.096500e-02 	1.003000e-05 	9.942638e-06 	2.176981e-01 	1.025103e-05 	-5.507818e-01 
8.126500e-02 	1.043000e-05 	9.836415e-06 	1.503318e+00 	1.014583e-05 	7.196894e-01 
8.156500e-02 	1.051000e-05 	9.731473e-06 	1.924904e+00 	1.004184e-05 	1.157526e+00 
8.186400e-02 	1.111000e-05 	9.628148e-06 	3.688309e+00 	9.939378e-06 	2.913663e+00 
8.216400e-02 	1.053000e-05 	9.525810e-06 	2.510225e+00 	9.837804e-06 	1.730316e+00 
8.246400e-02 	9.350000e-06 	9.424762e-06 	-1.864817e-01 	9.737471e-06 	-9.664790e-01 
8.276400e-02 	1.037000e-05 	9.324901e-06 	2.619952e+00 	9.638228e-06 	1.834476e+00 
8.306400e-02 	1.039000e-05 	9.226347e-06 	2.896678e+00 	9.540183e-06 	2.115446e+00 
8.336400e-02 	9.950000e-06 	9.128963e-06 	2.040808e+00 	9.443263e-06 	1.259570e+00 
8.366300e-02 	1.000000e-05 	9.033151e-06 	2.378062e+00 	9.347831e-06 	1.604076e+00 
8.396300e-02 	1.032000e-05 	8.938260e-06 	3.287901e+00 	9.253230e-06 	2.538419e+00 
8.426300e-02 	9.290000e-06 	8.844507e-06 	1.156525e+00 	9.159684e-06 	3.383073e-01 
8.456300e-02 	9.750000e-06 	8.751910e-06 	2.686141e+00 	9.067230e-06 	1.837526e+00 
8.486300e-02 	9.470000e-06 	8.660525e-06 	2.140733e+00 	8.975918e-06 	1.306646e+00 
8.516300e-02 	9.540000e-06 	8.570319e-06 	2.605339e+00 	8.885688e-06 	1.758005e+00 
8.546200e-02 	8.350000e-06 	8.481527e-06 	-3.526201e-01 	8.796823e-06 	-1.197917e+00 
8.576200e-02 	8.680000e-06 	8.393519e-06 	7.725406e-01 	8.708631e-06 	-7.720896e-02 
8.606200e-02 	8.760000e-06 	8.306687e-06 	1.236904e+00 	8.621568e-06 	3.777227e-01 
8.636200e-02 	9.280000e-06 	8.220924e-06 	2.979621e+00 	8.535493e-06 	2.094607e+00 
8.666200e-02 	1.010000e-05 	8.136253e-06 	5.706577e+00 	8.450443e-06 	4.793552e+00 
8.696100e-02 	8.590000e-06 	8.052982e-06 	1.557430e+00 	8.366737e-06 	6.474954e-01 
8.726100e-02 	8.330000e-06 	7.970440e-06 	1.030435e+00 	8.283666e-06 	1.327863e-01 
8.756100e-02 	8.210000e-06 	7.889042e-06 	9.126936e-01 	8.201692e-06 	2.362486e-02 
8.786100e-02 	8.750000e-06 	7.808636e-06 	2.670990e+00 	8.120619e-06 	1.785782e+00 
8.816100e-02 	9.510000e-06 	7.729306e-06 	5.097746e+00 	8.040583e-06 	4.206627e+00 
8.846100e-02 	8.060000e-06 	7.651003e-06 	1.186978e+00 	7.961498e-06 	2.858683e-01 
8.876000e-02 	7.590000e-06 	7.573942e-06 	4.539886e-02 	7.883597e-06 	-8.300722e-01 
8.906000e-02 	8.990000e-06 	7.497690e-06 	4.255476e+00 	7.806446e-06 	3.375026e+00 
8.936000e-02 	7.930000e-06 	7.422363e-06 	1.462130e+00 	7.730145e-06 	5.756350e-01 
8.966000e-02 	8.850000e-06 	7.348047e-06 	4.278092e+00 	7.654806e-06 	3.404337e+00 
8.996000e-02 	7.640000e-06 	7.274713e-06 	1.065785e+00 	7.580377e-06 	1.739591e-01 
9.025900e-02 	8.410000e-06 	7.202559e-06 	3.462295e+00 	7.507097e-06 	2.589042e+00 
9.055900e-02 	7.230000e-06 	7.131162e-06 	2.871626e-01 	7.434497e-06 	-5.941401e-01 
9.085900e-02 	7.570000e-06 	7.060689e-06 	1.448263e+00 	7.362772e-06 	5.892670e-01 
9.115900e-02 	8.010000e-06 	6.991113e-06 	2.968267e+00 	7.291902e-06 	2.091996e+00 
9.145900e-02 	6.080000e-06 	6.922522e-06 	-2.459704e+00 	7.221932e-06 	-3.333817e+00 
9.175900e-02 	7.390000e-06 	6.854826e-06 	1.553616e+00 	7.152839e-06 	6.884821e-01 
9.205800e-02 	6.650000e-06 	6.788251e-06 	-4.077828e-01 	7.084808e-06 	-1.282507e+00 
9.235800e-02 	7.760000e-06 	6.722307e-06 	3.026314e+00 	7.017377e-06 	2.165776e+00 
9.265800e-02 	7.300000e-06 	6.657259e-06 	1.861452e+00 	6.950752e-06 	1.011462e+00 
9.295800e-02 	6.890000e-06 	6.593118e-06 	8.648888e-01 	6.885021e-06 	1.450367e-02 
9.325800e-02 	7.270000e-06 	6.529767e-06 	2.124482e+00 	6.820041e-06 	1.291391e+00 
9.355700e-02 	7.590000e-06 	6.467509e-06 	3.342240e+00 	6.756087e-06 	2.482994e+00 
9.385700e-02 	7.310000e-06 	6.405907e-06 	2.643162e+00 	6.692740e-06 	1.804589e+00 
9.415700e-02 	7.650000e-06 	6.345143e-06 	3.838265e+00 	6.630203e-06 	2.999756e+00 
9.445700e-02 	7.400000e-06 	6.285115e-06 	3.315742e+00 	6.568362e-06 	2.473345e+00 
9.475700e-02 	7.160000e-06 	6.225889e-06 	2.746256e+00 	6.507281e-06 	1.918971e+00 
9.505600e-02 	7.020000e-06 	6.167722e-06 	2.517288e+00 	6.447227e-06 	1.691740e+00 
9.535600e-02 	6.340000e-06 	6.110097e-06 	6.758280e-01 	6.387671e-06 	-1.401340e-01 
9.565600e-02 	5.640000e-06 	6.053242e-06 	-1.230399e+00 	6.328849e-06 	-2.051000e+00 
9.595600e-02 	6.480000e-06 	5.997177e-06 	1.430248e+00 	6.270782e-06 	6.197594e-01 
9.625600e-02 	6.170000e-06 	5.941849e-06 	6.670696e-01 	6.213429e-06 	-1.269767e-01 
9.655600e-02 	6.340000e-06 	5.887196e-06 	1.348272e+00 	6.156701e-06 	5.457926e-01 
9.685500e-02 	6.000000e-06 	5.833516e-06 	4.932286e-01 	6.100939e-06 	-2.990444e-01 
9.715500e-02 	6.120000e-06 	5.780356e-06 	1.009312e+00 	6.045648e-06 	2.209500e-01 
9.745500e-02 	4.520000e-06 	5.727924e-06 	-3.563093e+00 	5.991061e-06 	-4.339284e+00 
9.775500e-02 	6.680000e-06 	5.676204e-06 	3.003309e+00 	5.937150e-06 	2.222571e+00 
9.805500e-02 	6.530000e-06 	5.625156e-06 	2.680544e+00 	5.883883e-06 	1.914080e+00 
9.835400e-02 	5.860000e-06 	5.574932e-06 	8.412052e-01 	5.831425e-06 	8.432292e-02 
9.865400e-02 	6.830000e-06 	5.525319e-06 	3.887145e+00 	5.779534e-06 	3.129739e+00 
9.895400e-02 	5.850000e-06 	5.476315e-06 	1.118483e+00 	5.728237e-06 	3.644502e-01 
9.925400e-02 	6.160000e-06 	5.427956e-06 	2.181103e+00 	5.677571e-06 	1.437383e+00 
9.955400e-02 	6.430000e-06 	5.380309e-06 	3.170697e+00 	5.627587e-06 	2.423768e+00 
9.985300e-02 	5.000000e-06 	5.333410e-06 	-9.892014e-01 	5.578303e-06 	-1.715778e+00 
1.001500e-01 	6.360000e-06 	5.287465e-06 	3.254051e+00 	5.530007e-06 	2.518181e+00 
1.004500e-01 	5.170000e-06 	5.241729e-06 	-2.144248e-01 	5.481871e-06 	-9.322931e-01 
1.007500e-01 	4.890000e-06 	5.196568e-06 	-9.139266e-01 	5.434274e-06 	-1.622567e+00 
1.010500e-01 	4.960000e-06 	5.152049e-06 	-5.782529e-01 	5.387310e-06 	-1.286615e+00 
1.013500e-01 	4.650000e-06 	5.108117e-06 	-1.384583e+00 	5.340924e-06 	-2.088202e+00 
1.016500e-01 	6.180000e-06 	5.064816e-06 	3.375664e+00 	5.295140e-06 	2.678473e+00 
1.019500e-01 	5.850000e-06 	5.022126e-06 	2.507341e+00 	5.249949e-06 	1.817346e+00 
1.022500e-01 	4.100000e-06 	4.979984e-06 	-2.676512e+00 	5.205282e-06 	-3.361766e+00 
1.025500e-01 	5.980000e-06 	4.938421e-06 	3.169652e+00 	5.161198e-06 	2.491713e+00 
1.028500e-01 	5.980000e-06 	4.897469e-06 	3.302112e+00 	5.117714e-06 	2.630284e+00 
1.031500e-01 	4.140000e-06 	4.857039e-06 	-2.186093e+00 	5.074719e-06 	-2.849753e+00 
1.034500e-01 	5.280000e-06 	4.817152e-06 	1.400745e+00 	5.032266e-06 	7.497336e-01 
1.037500e-01 	4.760000e-06 	4.777871e-06 	-5.451850e-02 	4.990421e-06 	-7.029314e-01 
1.040500e-01 	5.120000e-06 	4.739102e-06 	1.158871e+00 	4.949048e-06 	5.201171e-01 
1.043500e-01 	5.940000e-06 	4.700865e-06 	3.748254e+00 	4.908221e-06 	3.121022e+00 
1.046500e-01 	3.800000e-06 	4.663145e-06 	-2.675754e+00 	4.867899e-06 	-3.310493e+00 
1.049500e-01 	6.080000e-06 	4.625934e-06 	4.587104e+00 	4.828072e-06 	3.949423e+00 
1.052500e-01 	4.230000e-06 	4.589287e-06 	-1.122984e+00 	4.788813e-06 	-1.746618e+00 
1.055500e-01 	5.540000e-06 	4.553061e-06 	3.050345e+00 	4.749951e-06 	2.441815e+00 
1.058500e-01 	4.300000e-06 	4.517399e-06 	-6.726873e-01 	4.711653e-06 	-1.273758e+00 
1.061500e-01 	4.560000e-06 	4.482156e-06 	2.393794e-01 	4.673775e-06 	-3.498732e-01 
1.064500e-01 	3.740000e-06 	4.447408e-06 	-2.158507e+00 	4.636396e-06 	-2.735165e+00 
1.067500e-01 	3.800000e-06 	4.413160e-06 	-1.898504e+00 	4.599518e-06 	-2.475519e+00 
1.070500e-01 	3.920000e-06 	4.379337e-06 	-1.407929e+00 	4.563048e-06 	-1.971030e+00 
1.073500e-01 	5.590000e-06 	4.345975e-06 	3.914983e+00 	4.527038e-06 	3.345174e+00 
1.076500e-01 	3.490000e-06 	4.313121e-06 	-2.564479e+00 	4.491551e-06 	-3.120387e+00 
1.079500e-01 	5.460000e-06 	4.280643e-06 	3.645616e+00 	4.456422e-06 	3.102250e+00 
1.082500e-01 	4.400000e-06 	4.248585e-06 	4.689374e-01 	4.421732e-06 	-6.730363e-02 
1.085500e-01 	4.370000e-06 	4.216947e-06 	4.729551e-01 	4.387464e-06 	-5.396644e-02 
1.088500e-01 	4.180000e-06 	4.185729e-06 	-1.796993e-02 	4.353615e-06 	-5.445565e-01 
1.091500e-01 	3.840000e-06 	4.154966e-06 	-9.777000e-01 	4.320216e-06 	-1.490660e+00 
1.094500e-01 	4.710000e-06 	4.124578e-06 	1.806302e+00 	4.287210e-06 	1.304503e+00 
1.097500e-01 	4.640000e-06 	4.094546e-06 	1.724537e+00 	4.254578e-06 	1.218571e+00 
1.100500e-01 	4.390000e-06 	4.064966e-06 	1.038049e+00 	4.222381e-06 	5.353200e-01 
1.103500e-01 	3.770000e-06 	4.035731e-06 	-8.345832e-01 	4.190550e-06 	-1.320823e+00 
1.106500e-01 	3.680000e-06 	4.006870e-06 	-1.021787e+00 	4.159096e-06 	-1.497642e+00 
1.109500e-01 	3.460000e-06 	3.978398e-06 	-1.624308e+00 	4.128060e-06 	-2.093248e+00 
1.112500e-01 	4.810000e-06 	3.950273e-06 	2.699471e+00 	4.097340e-06 	2.237693e+00 
1.115500e-01 	5.080000e-06 	3.922526e-06 	3.611915e+00 	4.067027e-06 	3.160996e+00 
1.118400e-01 	3.980000e-06 	3.896055e-06 	2.659924e-01 	4.038094e-06 	-1.840817e-01 
1.121400e-01 	4.810000e-06 	3.868995e-06 	2.968003e+00 	4.008471e-06 	2.528084e+00 
1.124400e-01 	3.720000e-06 	3.842272e-06 	-3.898109e-01 	3.979221e-06 	-8.264140e-01 
1.127400e-01 	4.460000e-06 	3.815928e-06 	2.031005e+00 	3.950355e-06 	1.607104e+00 
1.130400e-01 	4.260000e-06 	3.789946e-06 	1.489350e+00 	3.921835e-06 	1.071464e+00 
1.133400e-01 	4.320000e-06 	3.764279e-06 	1.808810e+00 	3.893673e-06 	1.387649e+00 
1.136400e-01 	5.210000e-06 	3.738933e-06 	4.853566e+00 	3.865828e-06 	4.434893e+00 
1.139400e-01 	5.070000e-06 	3.713895e-06 	4.370304e+00 	3.838297e-06 	3.969393e+00 
1.142400e-01 	3.590000e-06 	3.689170e-06 	-3.233648e-01 	3.811117e-06 	-7.210031e-01 
1.145400e-01 	3.950000e-06 	3.664853e-06 	9.036208e-01 	3.784330e-06 	5.250042e-01 
1.148400e-01 	3.970000e-06 	3.640784e-06 	1.070934e+00 	3.757800e-06 	6.902843e-01 
1.151400e-01 	3.940000e-06 	3.616942e-06 	1.043706e+00 	3.731515e-06 	6.735551e-01 
1.154400e-01 	3.310000e-06 	3.593551e-06 	-9.108020e-01 	3.705717e-06 	-1.271094e+00 
1.157400e-01 	3.870000e-06 	3.570357e-06 	9.505843e-01 	3.680117e-06 	6.023811e-01 
1.160400e-01 	4.020000e-06 	3.547519e-06 	1.508656e+00 	3.654891e-06 	1.165811e+00 
1.163400e-01 	2.970000e-06 	3.524922e-06 	-1.781679e+00 	3.629905e-06 	-2.118746e+00 
1.166400e-01 	2.960000e-06 	3.502617e-06 	-1.746210e+00 	3.605246e-06 	-2.076482e+00 
1.169400e-01 	4.590000e-06 	3.480611e-06 	3.532973e+00 	3.580892e-06 	3.213616e+00 
1.172400e-01 	4.350000e-06 	3.458861e-06 	2.847728e+00 	3.556798e-06 	2.534760e+00 
1.175400e-01 	3.700000e-06 	3.437385e-06 	8.506029e-01 	3.533000e-06 	5.409092e-01 
1.178400e-01 	2.590000e-06 	3.416158e-06 	-2.661420e+00 	3.509466e-06 	-2.962006e+00 
1.181400e-01 	4.250000e-06 	3.395209e-06 	2.746845e+00 	3.486251e-06 	2.454285e+00 
1.184400e-01 	4.300000e-06 	3.374558e-06 	3.000006e+00 	3.463316e-06 	2.712281e+00 
1.187400e-01 	3.510000e-06 	3.354076e-06 	4.991498e-01 	3.440573e-06 	2.222511e-01 
1.190400e-01 	4.000000e-06 	3.333899e-06 	2.140908e+00 	3.418176e-06 	1.870034e+00 
1.193400e-01 	3.580000e-06 	3.313932e-06 	8.506541e-01 	3.395992e-06 	5.882977e-01 
1.196400e-01 	4.300000e-06 	3.294196e-06 	3.273890e+00 	3.374048e-06 	3.013970e+00 
1.199400e-01 	2.630000e-06 	3.274678e-06 	-2.060399e+00 	3.352361e-06 	-2.308675e+00 
1.202400e-01 	4.270000e-06 	3.255500e-06 	3.327865e+00 	3.331021e-06 	3.080134e+00 
1.205400e-01 	3.640000e-06 	3.236457e-06 	1.281457e+00 	3.309842e-06 	1.048420e+00 
1.208400e-01 	4.050000e-06 	3.217668e-06 	2.653528e+00 	3.288931e-06 	2.426336e+00 
1.211400e-01 	3.470000e-06 	3.199039e-06 	8.925228e-01 	3.268196e-06 	6.647240e-01 
1.214400e-01 	3.270000e-06 	3.180667e-06 	2.903050e-01 	3.247744e-06 	7.232572e-02 
1.217400e-01 	2.600000e-06 	3.162453e-06 	-1.832632e+00 	3.227470e-06 	-2.044474e+00 
1.220400e-01 	3.410000e-06 	3.144471e-06 	8.556608e-01 	3.207478e-06 	6.526220e-01 
1.223400e-01 	2.630000e-06 	3.126715e-06 	-1.587608e+00 	3.187689e-06 	-1.782495e+00 
1.226400e-01 	3.440000e-06 	3.109146e-06 	1.084304e+00 	3.168129e-06 	8.910012e-01 
1.229400e-01 	2.320000e-06 	3.091702e-06 	-2.433777e+00 	3.148714e-06 	-2.613579e+00 
1.232400e-01 	3.050000e-06 	3.074500e-06 	-7.696341e-02 	3.129566e-06 	-2.499471e-01 
1.235400e-01 	2.620000e-06 	3.057441e-06 	-1.338559e+00 	3.110561e-06 	-1.501105e+00 
1.238400e-01 	2.150000e-06 	3.040588e-06 	-2.742381e+00 	3.091802e-06 	-2.900082e+00 
1.241400e-01 	1.850000e-06 	3.023931e-06 	-3.604997e+00 	3.073263e-06 	-3.756488e+00 
1.244300e-01 	2.580000e-06 	3.008018e-06 	-1.272538e+00 	3.055550e-06 	-1.413854e+00 
1.247300e-01 	3.550000e-06 	2.991690e-06 	1.694414e+00 	3.037391e-06 	1.555718e+00 
1.250300e-01 	2.460000e-06 	2.975521e-06 	-1.532784e+00 	3.019402e-06 	-1.663254e+00 
1.253300e-01 	2.210000e-06 	2.959541e-06 	-2.336182e+00 	3.001615e-06 	-2.467319e+00 
1.256300e-01 	2.090000e-06 	2.943690e-06 	-2.703434e+00 	2.983986e-06 	-2.831042e+00 
1.259300e-01 	4.610000e-06 	2.928066e-06 	5.255386e+00 	2.966608e-06 	5.134957e+00 
1.262300e-01 	3.820000e-06 	2.912539e-06 	2.903781e+00 	2.949353e-06 	2.785982e+00 
1.265300e-01 	3.210000e-06 	2.897168e-06 	9.853612e-01 	2.932278e-06 	8.747698e-01 
1.268300e-01 	2.450000e-06 	2.881988e-06 	-1.357812e+00 	2.915401e-06 	-1.462835e+00 
1.271300e-01 	2.080000e-06 	2.866920e-06 	-2.518951e+00 	2.898671e-06 	-2.620584e+00 
1.274300e-01 	4.640000e-06 	2.852030e-06 	5.658312e+00 	2.882137e-06 	5.563033e+00 
1.277300e-01 	2.150000e-06 	2.837299e-06 	-2.205002e+00 	2.865776e-06 	-2.296362e+00 
1.280300e-01 	2.370000e-06 	2.822709e-06 	-1.438130e+00 	2.849575e-06 	-1.523476e+00 
1.283300e-01 	2.430000e-06 	2.808230e-06 	-1.201990e+00 	2.833525e-06 	-1.282377e+00 
1.286300e-01 	3.230000e-06 	2.793877e-06 	1.392474e+00 	2.817606e-06 	1.316711e+00 
1.289300e-01 	3.530000e-06 	2.779697e-06 	2.441676e+00 	2.801895e-06 	2.369440e+00 
1.292300e-01 	2.980000e-06 	2.765625e-06 	6.933664e-01 	2.786308e-06 	6.264699e-01 
1.295300e-01 	2.390000e-06 	2.751768e-06 	-1.153008e+00 	2.770953e-06 	-1.214153e+00 
1.298300e-01 	3.040000e-06 	2.737963e-06 	9.789559e-01 	2.755678e-06 	9.215385e-01 
1.301300e-01 	2.950000e-06 	2.724281e-06 	7.325911e-01 	2.740555e-06 	6.797747e-01 
1.304300e-01 	2.690000e-06 	2.710735e-06 	-6.865741e-02 	2.725579e-06 	-1.178063e-01 
1.307300e-01 	3.340000e-06 	2.697349e-06 	2.114750e+00 	2.710770e-06 	2.070585e+00 
1.310300e-01 	2.850000e-06 	2.684062e-06 	5.457772e-01 	2.696100e-06 	5.061837e-01 
1.313300e-01 	1.770000e-06 	2.670888e-06 	-2.953924e+00 	2.681570e-06 	-2.988951e+00 
1.316300e-01 	2.760000e-06 	2.657852e-06 	3.369657e-01 	2.667186e-06 	3.061755e-01 
1.319300e-01 	2.980000e-06 	2.644853e-06 	1.112595e+00 	2.652865e-06 	1.085997e+00 
1.322300e-01 	2.360000e-06 	2.632063e-06 	-9.023650e-01 	2.638773e-06 	-9.246213e-01 
1.325300e-01 	2.380000e-06 	2.619364e-06 	-7.912083e-01 	2.624787e-06 	-8.091319e-01 
1.328300e-01 	2.740000e-06 	2.606759e-06 	4.407863e-01 	2.610931e-06 	4.269838e-01 
1.331300e-01 	1.970000e-06 	2.594244e-06 	-2.057902e+00 	2.597189e-06 	-2.067612e+00 
1.334300e-01 	2.220000e-06 	2.581849e-06 	-1.198532e+00 	2.583572e-06 	-1.204240e+00 
1.337300e-01 	2.140000e-06 	2.569602e-06 	-1.422241e+00 	2.570138e-06 	-1.424015e+00 
1.340300e-01 	2.560000e-06 	2.557386e-06 	8.745639e-03 	2.556749e-06 	1.087907e-02 
1.343300e-01 	2.540000e-06 	2.545317e-06 	-1.777161e-02 	2.543529e-06 	-1.179585e-02 
1.346300e-01 	2.740000e-06 	2.533325e-06 	6.949877e-01 	2.530403e-06 	7.048112e-01 
1.349300e-01 	2.860000e-06 	2.521397e-06 	1.156234e+00 	2.517381e-06 	1.169947e+00 
1.352300e-01 	2.750000e-06 	2.509559e-06 	8.002679e-01 	2.504444e-06 	8.172946e-01 
1.355300e-01 	3.120000e-06 	2.497838e-06 	2.129452e+00 	2.491663e-06 	2.150586e+00 
1.358200e-01 	3.580000e-06 	2.486595e-06 	3.662753e+00 	2.479407e-06 	3.686833e+00 
1.361200e-01 	2.880000e-06 	2.475020e-06 	1.359677e+00 	2.466819e-06 	1.387211e+00 
1.364200e-01 	2.050000e-06 	2.463563e-06 	-1.400533e+00 	2.454335e-06 	-1.369280e+00 
1.367200e-01 	2.480000e-06 	2.452187e-06 	9.364738e-02 	2.441985e-06 	1.279981e-01 
1.370200e-01 	2.080000e-06 	2.440876e-06 	-1.207104e+00 	2.429714e-06 	-1.169770e+00 
1.373200e-01 	2.600000e-06 	2.429681e-06 	5.641772e-01 	2.417572e-06 	6.042872e-01 
1.376200e-01 	2.030000e-06 	2.418514e-06 	-1.309097e+00 	2.405492e-06 	-1.265219e+00 
1.379200e-01 	2.370000e-06 	2.407470e-06 	-1.277536e-01 	2.393531e-06 	-8.022850e-02 
1.382200e-01 	2.040000e-06 	2.396475e-06 	-1.214153e+00 	2.381651e-06 	-1.163662e+00 
1.385200e-01 	2.060000e-06 	2.385568e-06 	-1.114730e+00 	2.369890e-06 	-1.061048e+00 
1.388200e-01 	2.630000e-06 	2.374780e-06 	8.698713e-01 	2.358249e-06 	9.262124e-01 
1.391200e-01 	1.250000e-06 	2.364019e-06 	-3.825220e+00 	2.346669e-06 	-3.765645e+00 
1.394200e-01 	2.900000e-06 	2.353331e-06 	1.874787e+00 	2.335167e-06 	1.937079e+00 
1.397200e-01 	1.760000e-06 	2.342727e-06 	-1.980987e+00 	2.323777e-06 	-1.916564e+00 
1.400200e-01 	2.020000e-06 	2.332178e-06 	-1.059595e+00 	2.312448e-06 	-9.926286e-01 
1.403200e-01 	2.240000e-06 	2.321730e-06 	-2.811795e-01 	2.301260e-06 	-2.107552e-01 
1.406200e-01 	2.640000e-06 	2.311322e-06 	1.125920e+00 	2.290113e-06 	1.198570e+00 
1.409200e-01 	2.740000e-06 	2.300968e-06 	1.490670e+00 	2.279044e-06 	1.565109e+00 
1.412200e-01 	2.670000e-06 	2.290682e-06 	1.284084e+00 	2.268051e-06 	1.360694e+00 
1.415200e-01 	1.770000e-06 	2.280446e-06 	-1.771151e+00 	2.257144e-06 	-1.690297e+00 
1.418200e-01 	2.100000e-06 	2.270320e-06 	-5.804846e-01 	2.246346e-06 	-4.987758e-01 
1.421200e-01 	2.590000e-06 	2.260244e-06 	1.132131e+00 	2.235629e-06 	1.216640e+00 
1.424200e-01 	1.920000e-06 	2.250199e-06 	-1.102133e+00 	2.224953e-06 	-1.017869e+00 
1.427200e-01 	2.300000e-06 	2.240235e-06 	1.968536e-01 	2.214380e-06 	2.820165e-01 
1.430200e-01 	1.870000e-06 	2.230339e-06 	-1.182486e+00 	2.203897e-06 	-1.095713e+00 
1.433200e-01 	3.980000e-06 	2.220456e-06 	5.884960e+00 	2.193416e-06 	5.975397e+00 
1.436200e-01 	1.680000e-06 	2.210672e-06 	-1.752085e+00 	2.183087e-06 	-1.661009e+00 
1.439200e-01 	2.520000e-06 	2.200889e-06 	1.014855e+00 	2.172753e-06 	1.104335e+00 
1.442200e-01 	2.440000e-06 	2.191222e-06 	8.011141e-01 	2.162544e-06 	8.934635e-01 
1.445200e-01 	1.050000e-06 	2.181557e-06 	-3.552882e+00 	2.152383e-06 	-3.461279e+00 
1.448200e-01 	3.660000e-06 	2.171996e-06 	4.695351e+00 	2.142316e-06 	4.789008e+00 
1.451200e-01 	1.650000e-06 	2.162471e-06 	-1.624880e+00 	2.132288e-06 	-1.529179e+00 
1.454200e-01 	2.330000e-06 	2.153015e-06 	5.537370e-01 	2.122373e-06 	6.496071e-01 
1.457200e-01 	2.320000e-06 	2.143584e-06 	5.559561e-01 	2.112505e-06 	6.538981e-01 
1.460100e-01 	1.910000e-06 	2.134531e-06 	-6.936600e-01 	2.103024e-06 	-5.963224e-01 
1.463100e-01 	3.700000e-07 	2.125209e-06 	-5.490518e+00 	2.093266e-06 	-5.390596e+00 
1.466100e-01 	2.000000e-06 	2.115913e-06 	-3.588983e-01 	2.083555e-06 	-2.587087e-01 
1.469100e-01 	1.860000e-06 	2.106676e-06 	-7.595889e-01 	2.073942e-06 	-6.587886e-01 
1.472100e-01 	1.420000e-06 	2.097541e-06 	-2.125686e+00 	2.064418e-06 	-2.021767e+00 
1.475100e-01 	9.900000e-07 	2.088406e-06 	-3.430162e+00 	2.054926e-06 	-3.325606e+00 
1.478100e-01 	3.270000e-06 	2.079281e-06 	3.935610e+00 	2.045430e-06 	4.047497e+00 
1.481100e-01 	2.720000e-06 	2.070273e-06 	2.164674e+00 	2.036104e-06 	2.278515e+00 
1.484100e-01 	1.880000e-06 	2.061283e-06 	-6.113276e-01 	2.026782e-06 	-4.949832e-01 
1.487100e-01 	1.230000e-06 	2.052283e-06 	-2.767884e+00 	2.017459e-06 	-2.650664e+00 
1.490100e-01 	1.890000e-06 	2.043430e-06 	-5.201716e-01 	2.008296e-06 	-4.010594e-01 
1.493100e-01 	1.130000e-06 	2.034525e-06 	-3.113362e+00 	1.999103e-06 	-2.991441e+00 
1.496100e-01 	2.080000e-06 	2.025675e-06 	1.841446e-01 	1.989990e-06 	3.051099e-01 
1.499100e-01 	2.140000e-06 	2.016921e-06 	4.186923e-01 	1.980980e-06 	5.409565e-01 
1.502100e-01 	2.480000e-06 	2.008192e-06 	1.600055e+00 	1.972007e-06 	1.722771e+00 
1.505100e-01 	1.130000e-06 	1.999466e-06 	-2.943851e+00 	1.963030e-06 	-2.820483e+00 
1.508100e-01 	1.230000e-06 	1.990827e-06 	-2.600584e+00 	1.954171e-06 	-2.475290e+00 
1.511100e-01 	2.180000e-06 	1.982173e-06 	6.708063e-01 	1.945305e-06 	7.958193e-01 
1.514100e-01 	1.610000e-06 	1.973641e-06 	-1.245772e+00 	1.936567e-06 	-1.118765e+00 
1.517100e-01 	2.170000e-06 	1.965087e-06 	7.020709e-01 	1.927823e-06 	8.297442e-01 
1.520100e-01 	9.400000e-07 	1.956532e-06 	-3.459240e+00 	1.919084e-06 	-3.331804e+00 
1.523100e-01 	2.240000e-06 	1.948101e-06 	9.985593e-01 	1.910491e-06 	1.127219e+00 
1.526100e-01 	2.310000e-06 	1.939675e-06 	1.258155e+00 	1.901911e-06 	1.386455e+00 
1.529100e-01 	1.820000e-06 	1.931288e-06 	-3.873055e-01 	1.893381e-06 	-2.553821e-01 
1.532100e-01 	2.190000e-06 	1.922921e-06 	9.261681e-01 	1.884875e-06 	1.058101e+00 
1.535100e-01 	1.340000e-06 	1.914569e-06 	-1.972362e+00 	1.876392e-06 	-1.841311e+00 
1.538100e-01 	1.100000e-06 	1.906306e-06 	-2.802788e+00 	1.868011e-06 	-2.669670e+00 
1.541100e-01 	1.360000e-06 	1.898009e-06 	-1.843949e+00 	1.859619e-06 	-1.712372e+00 
1.544100e-01 	1.990000e-06 	1.889842e-06 	3.526705e-01 	1.851345e-06 	4.882203e-01 
1.547100e-01 	1.010000e-06 	1.881673e-06 	-3.005871e+00 	1.843077e-06 	-2.872778e+00 
1.550100e-01 	1.550000e-06 	1.873495e-06 	-1.118238e+00 	1.834833e-06 	-9.845947e-01 
1.553100e-01 	1.400000e-06 	1.865353e-06 	-1.633333e+00 	1.826620e-06 	-1.497384e+00 
1.556000e-01 	2.260000e-06 	1.857578e-06 	1.392946e+00 	1.818789e-06 	1.527209e+00 
1.559000e-01 	1.450000e-06 	1.849566e-06 	-1.415196e+00 	1.810731e-06 	-1.277649e+00 
1.562000e-01 	2.700000e-06 	1.841487e-06 	2.986237e+00 	1.802600e-06 	3.121500e+00 
1.565000e-01 	2.460000e-06 	1.833522e-06 	2.199558e+00 	1.794610e-06 	2.336177e+00 
1.568000e-01 	1.710000e-06 	1.825550e-06 	-4.116503e-01 	1.786613e-06 	-2.729340e-01 
1.571000e-01 	2.870000e-06 	1.817634e-06 	3.702386e+00 	1.778667e-06 	3.839476e+00 
1.574000e-01 	1.550000e-06 	1.809754e-06 	-9.243575e-01 	1.770784e-06 	-7.856801e-01 
1.577000e-01 	1.610000e-06 	1.801858e-06 	-6.628833e-01 	1.762884e-06 	-5.282258e-01 
1.580000e-01 	6.500000e-07 	1.794040e-06 	-3.955059e+00 	1.755057e-06 	-3.820289e+00 
1.583000e-01 	1.770000e-06 	1.786224e-06 	-5.773007e-02 	1.747263e-06 	8.090731e-02 
1.586000e-01 	1.300000e-06 	1.778437e-06 	-1.674965e+00 	1.739491e-06 	-1.538620e+00 
1.589000e-01 	1.970000e-06 	1.770689e-06 	7.039064e-01 	1.731776e-06 	8.413349e-01 
1.592000e-01 	1.870000e-06 	1.763014e-06 	3.777886e-01 	1.724144e-06 	5.150467e-01 
1.595000e-01 	1.220000e-06 	1.755329e-06 	-1.900890e+00 	1.716481e-06 	-1.762948e+00 
1.598000e-01 	1.560000e-06 	1.747686e-06 	-6.578564e-01 	1.708888e-06 	-5.218640e-01 
1.601000e-01 	1.900000e-06 	1.740025e-06 	5.718898e-01 	1.701278e-06 	7.104075e-01 
1.604000e-01 	4.900000e-07 	1.732441e-06 	-4.429537e+00 	1.693746e-06 	-4.291584e+00 
1.607000e-01 	1.990000e-06 	1.724893e-06 	9.466063e-01 	1.686259e-06 	1.084557e+00 
1.610000e-01 	1.520000e-06 	1.717354e-06 	-7.042063e-01 	1.678786e-06 	-5.665855e-01 
1.613000e-01 	1.720000e-06 	1.709816e-06 	3.666489e-02 	1.671329e-06 	1.752314e-01 
1.616000e-01 	2.010000e-06 	1.702371e-06 	1.125321e+00 	1.663967e-06 	1.265805e+00 
1.619000e-01 	1.020000e-06 	1.694899e-06 	-2.464843e+00 	1.656581e-06 	-2.324900e+00 
1.622000e-01 	2.220000e-06 	1.687456e-06 	1.923792e+00 	1.649239e-06 	2.061849e+00 
1.625000e-01 	2.060000e-06 	1.680114e-06 	1.371627e+00 	1.642005e-06 	1.509224e+00 
1.628000e-01 	2.120000e-06 	1.672722e-06 	1.608740e+00 	1.634698e-06 	1.745501e+00 
1.631000e-01 	1.950000e-06 	1.665323e-06 	1.032524e+00 	1.627405e-06 	1.170051e+00 
1.634000e-01 	6.700000e-07 	1.658031e-06 	-3.572704e+00 	1.620233e-06 	-3.436026e+00 
1.637000e-01 	1.430000e-06 	1.650750e-06 	-7.969332e-01 	1.613069e-06 	-6.608982e-01 
1.640000e-01 	2.070000e-06 	1.643478e-06 	1.526946e+00 	1.605932e-06 	1.661363e+00 
1.642900e-01 	1.810000e-06 	1.636475e-06 	6.271443e-01 	1.599052e-06 	7.623982e-01 
1.645900e-01 	1.560000e-06 	1.629263e-06 	-2.512631e-01 	1.591966e-06 	-1.159609e-01 
1.648900e-01 	2.100000e-06 	1.622103e-06 	1.721471e+00 	1.584927e-06 	1.855385e+00 
1.651900e-01 	2.560000e-06 	1.614939e-06 	3.480120e+00 	1.577919e-06 	3.616443e+00 
1.654900e-01 	1.760000e-06 	1.607799e-06 	5.437709e-01 	1.570923e-06 	6.755172e-01 
1.657900e-01 	7.700000e-07 	1.600692e-06 	-3.036599e+00 	1.563960e-06 	-2.902326e+00 
1.660900e-01 	1.600000e-06 	1.593589e-06 	2.331191e-02 	1.557003e-06 	1.563409e-01 
1.663900e-01 	1.700000e-06 	1.586562e-06 	4.115729e-01 	1.550146e-06 	5.436962e-01 
1.666900e-01 	2.480000e-06 	1.579529e-06 	3.308242e+00 	1.543263e-06 	3.441482e+00 
1.669900e-01 	1.990000e-06 	1.572514e-06 	1.509458e+00 	1.536420e-06 	1.639959e+00 
1.672900e-01 	1.780000e-06 	1.565563e-06 	7.926557e-01 	1.529622e-06 	9.255089e-01 
1.675900e-01 	2.310000e-06 	1.558545e-06 	2.748656e+00 	1.522767e-06 	2.879524e+00 
1.678900e-01 	2.170000e-06 	1.551654e-06 	2.226348e+00 	1.516059e-06 	2.354509e+00 
1.681900e-01 	9.200000e-07 	1.544757e-06 	-2.281216e+00 	1.509318e-06 	-2.151816e+00 
1.684900e-01 	7.900000e-07 	1.537887e-06 	-2.685509e+00 	1.502630e-06 	-2.558906e+00 
1.687900e-01 	2.080000e-06 	1.530985e-06 	2.006633e+00 	1.495912e-06 	2.134824e+00 
1.690900e-01 	1.220000e-06 	1.524173e-06 	-1.095726e+00 	1.489277e-06 	-9.700177e-01 
1.693900e-01 	2.630000e-06 	1.517402e-06 	4.043606e+00 	1.482697e-06 	4.169736e+00 
1.696900e-01 	2.900000e-07 	1.510588e-06 	-4.474626e+00 	1.476071e-06 	-4.348086e+00 
1.699900e-01 	2.230000e-06 	1.503832e-06 	2.650539e+00 	1.469510e-06 	2.775814e+00 
1.702900e-01 	7.000000e-07 	1.497132e-06 	-2.961884e+00 	1.463000e-06 	-2.835061e+00 
1.705900e-01 	1.540000e-06 	1.490408e-06 	1.818074e-01 	1.456468e-06 	3.062346e-01 
1.708900e-01 	2.380000e-06 	1.483706e-06 	3.307846e+00 	1.449969e-06 	3.432355e+00 
1.711900e-01 	1.650000e-06 	1.477075e-06 	6.361263e-01 	1.443541e-06 	7.594868e-01 
1.714900e-01 	1.690000e-06 	1.470462e-06 	8.072750e-01 	1.437123e-06 	9.298670e-01 
1.717900e-01 	9.700000e-07 	1.463799e-06 	-1.822808e+00 	1.430664e-06 	-1.700496e+00 
1.720900e-01 	1.300000e-06 	1.457229e-06 	-5.788568e-01 	1.424309e-06 	-4.576560e-01 
1.723800e-01 	9.100000e-07 	1.450889e-06 	-2.012161e+00 	1.418155e-06 	-1.890387e+00 
1.726800e-01 	1.850000e-06 	1.444361e-06 	1.496269e+00 	1.411833e-06 	1.616254e+00 
1.729800e-01 	8.800000e-07 	1.437792e-06 	-2.054179e+00 	1.405466e-06 	-1.935133e+00 
1.732800e-01 	1.090000e-06 	1.431302e-06 	-1.263988e+00 	1.399195e-06 	-1.145081e+00 
1.735800e-01 	2.070000e-06 	1.424830e-06 	2.387219e+00 	1.392932e-06 	2.505248e+00 
1.738800e-01 	1.110000e-06 	1.418389e-06 	-1.135995e+00 	1.386712e-06 	-1.019311e+00 
1.741800e-01 	9.000000e-07 	1.411963e-06 	-1.875389e+00 	1.380505e-06 	-1.760157e+00 
1.744800e-01 	1.130000e-06 	1.405555e-06 	-1.012699e+00 	1.374315e-06 	-8.978879e-01 
1.747800e-01 	1.750000e-06 	1.399184e-06 	1.325484e+00 	1.368151e-06 	1.442738e+00 
1.750800e-01 	1.410000e-06 	1.392822e-06 	6.350988e-02 	1.362011e-06 	1.774293e-01 
1.753800e-01 	2.420000e-06 	1.386451e-06 	3.862434e+00 	1.355873e-06 	3.976706e+00 
1.756800e-01 	5.600000e-07 	1.380194e-06 	-3.028109e+00 	1.349822e-06 	-2.915980e+00 
1.759800e-01 	1.320000e-06 	1.373864e-06 	-2.014511e-01 	1.343707e-06 	-8.866568e-02 
1.762800e-01 	1.510000e-06 	1.367603e-06 	5.323858e-01 	1.337671e-06 	6.442934e-01 
1.765800e-01 	1.300000e-06 	1.361340e-06 	-2.291454e-01 	1.331627e-06 	-1.181469e-01 
1.768800e-01 	8.500000e-07 	1.355151e-06 	-1.928204e+00 	1.325661e-06 	-1.815639e+00 
1.771800e-01 	1.070000e-06 	1.348968e-06 	-1.065048e+00 	1.319696e-06 	-9.532947e-01 
1.774800e-01 	2.210000e-06 	1.342779e-06 	3.308361e+00 	1.313740e-06 	3.419143e+00 
1.777800e-01 	8.200000e-07 	1.336647e-06 	-1.948582e+00 	1.307824e-06 	-1.839872e+00 
1.780800e-01 	6.600000e-07 	1.330481e-06 	-2.516724e+00 	1.301885e-06 	-2.409389e+00 
1.783800e-01 	1.340000e-06 	1.324420e-06 	5.861660e-02 	1.296049e-06 	1.653616e-01 
1.786800e-01 	1.090000e-06 	1.318310e-06 	-8.578874e-01 	1.290172e-06 	-7.521586e-01 
1.789800e-01 	4.600000e-07 	1.312278e-06 	-3.210692e+00 	1.284346e-06 	-3.105465e+00 
1.792800e-01 	1.640000e-06 	1.306278e-06 	1.256580e+00 	1.278571e-06 	1.360904e+00 
1.795800e-01 	1.820000e-06 	1.300249e-06 	1.988334e+00 	1.272771e-06 	2.093456e+00 
1.798800e-01 	9.800000e-07 	1.294298e-06 	-1.207815e+00 	1.267035e-06 	-1.103047e+00 
1.801700e-01 	1.170000e-06 	1.288548e-06 	-4.591522e-01 	1.261503e-06 	-3.544031e-01 
1.804700e-01 	1.890000e-06 	1.282580e-06 	2.314950e+00 	1.255751e-06 	2.417199e+00 
1.807700e-01 	1.420000e-06 	1.276691e-06 	5.442794e-01 	1.250078e-06 	6.453554e-01 
1.810700e-01 	1.370000e-06 	1.270787e-06 	3.824551e-01 	1.244402e-06 	4.841679e-01 
1.813700e-01 	9.100000e-07 	1.264942e-06 	-1.338999e+00 	1.238781e-06 	-1.240307e+00 
1.816700e-01 	1.030000e-06 	1.259131e-06 	-8.657544e-01 	1.233188e-06 	-7.677327e-01 
1.819700e-01 	9.600000e-07 	1.253319e-06 	-1.122966e+00 	1.227596e-06 	-1.024486e+00 
1.822700e-01 	1.030000e-06 	1.247542e-06 	-8.355099e-01 	1.222031e-06 	-7.375322e-01 
1.825700e-01 	1.080000e-06 	1.241828e-06 	-6.279454e-01 	1.216557e-06 	-5.298863e-01 
1.828700e-01 	1.680000e-06 	1.236073e-06 	1.684222e+00 	1.210997e-06 	1.779356e+00 
1.831700e-01 	1.420000e-06 	1.230397e-06 	7.316349e-01 	1.205538e-06 	8.275585e-01 
1.834700e-01 	8.800000e-07 	1.224755e-06 	-1.318476e+00 	1.200127e-06 	-1.224287e+00 
1.837700e-01 	2.800000e-07 	1.219073e-06 	-3.576875e+00 	1.194648e-06 	-3.483844e+00 
1.840700e-01 	9.700000e-07 	1.213457e-06 	-9.310362e-01 	1.189254e-06 	-8.384785e-01 
1.843700e-01 	1.660000e-06 	1.207907e-06 	1.730235e+00 	1.183908e-06 	1.822081e+00 
1.846700e-01 	7.700000e-07 	1.202291e-06 	-1.660295e+00 	1.178519e-06 	-1.568995e+00 
1.849700e-01 	7.400000e-07 	1.196800e-06 	-1.744376e+00 	1.173217e-06 	-1.654321e+00 
1.852700e-01 	1.740000e-06 	1.191309e-06 	2.109458e+00 	1.167941e-06 	2.199295e+00 
1.855700e-01 	1.470000e-06 	1.185831e-06 	1.088563e+00 	1.162682e-06 	1.177240e+00 
1.858700e-01 	8.400000e-07 	1.180357e-06 	-1.302205e+00 	1.157411e-06 	-1.214414e+00 
1.861700e-01 	1.280000e-06 	1.174902e-06 	4.037247e-01 	1.152160e-06 	4.910862e-01 
1.864700e-01 	7.700000e-07 	1.169581e-06 	-1.535964e+00 	1.147046e-06 	-1.449340e+00 
1.867700e-01 	1.030000e-06 	1.164185e-06 	-5.216539e-01 	1.141844e-06 	-4.348002e-01 
1.870700e-01 	1.260000e-06 	1.158876e-06 	3.891935e-01 	1.136741e-06 	4.743827e-01 
1.873600e-01 	1.250000e-06 	1.153707e-06 	3.681079e-01 	1.131788e-06 	4.518995e-01 
1.876600e-01 	6.700000e-07 	1.148477e-06 	-1.834864e+00 	1.126736e-06 	-1.751490e+00 
1.879600e-01 	2.100000e-07 	1.143223e-06 	-3.575019e+00 	1.121691e-06 	-3.492534e+00 
1.882600e-01 	5.900000e-07 	1.137988e-06 	-2.102229e+00 	1.116653e-06 	-2.020381e+00 
1.885600e-01 	7.000000e-08 	1.132825e-06 	-4.134380e+00 	1.111684e-06 	-4.052141e+00 
1.888600e-01 	4.500000e-07 	1.127573e-06 	-2.566661e+00 	1.106624e-06 	-2.487307e+00 
1.891600e-01 	1.740000e-06 	1.122521e-06 	2.393977e+00 	1.101763e-06 	2.474458e+00 
1.894600e-01 	6.500000e-07 	1.117374e-06 	-1.795867e+00 	1.096816e-06 	-1.716872e+00 
1.897600e-01 	1.110000e-06 	1.112280e-06 	-8.731827e-03 	1.091920e-06 	6.924535e-02 
1.900600e-01 	1.530000e-06 	1.107201e-06 	1.634133e+00 	1.087022e-06 	1.712125e+00 
1.903600e-01 	9.200000e-07 	1.102190e-06 	-7.015959e-01 	1.082217e-06 	-6.246808e-01 
1.906600e-01 	1.300000e-06 	1.097166e-06 	7.921638e-01 	1.077394e-06 	8.693857e-01 
1.909600e-01 	1.640000e-06 	1.092162e-06 	2.137154e+00 	1.072563e-06 	2.213611e+00 
1.912600e-01 	1.880000e-06 	1.087213e-06 	3.123052e+00 	1.067821e-06 	3.199446e+00 
1.915600e-01 	6.000000e-07 	1.082224e-06 	-1.866046e+00 	1.063018e-06 	-1.791728e+00 
1.918600e-01 	3.200000e-07 	1.077301e-06 	-2.937437e+00 	1.058282e-06 	-2.863668e+00 
1.921600e-01 	1.290000e-06 	1.072391e-06 	8.483123e-01 	1.053562e-06 	9.217125e-01 
1.924600e-01 	9.300000e-07 	1.067455e-06 	-5.357423e-01 	1.048805e-06 	-4.630508e-01 
1.927600e-01 	7.700000e-07 	1.062630e-06 	-1.132164e+00 	1.044176e-06 	-1.060764e+00 
1.930600e-01 	1.200000e-06 	1.057740e-06 	5.504795e-01 	1.039485e-06 	6.211147e-01 
1.933600e-01 	8.900000e-07 	1.052906e-06 	-6.382199e-01 	1.034823e-06 	-5.673759e-01 
1.936600e-01 	2.140000e-06 	1.048073e-06 	4.304519e+00 	1.030176e-06 	4.375071e+00 
1.939500e-01 	5.300000e-07 	1.043451e-06 	-1.987654e+00 	1.025756e-06 	-1.919153e+00 
1.942500e-01 	1.300000e-06 	1.038603e-06 	1.015094e+00 	1.021088e-06 	1.083113e+00 
1.945500e-01 	1.700000e-07 	1.033840e-06 	-3.337610e+00 	1.016515e-06 	-3.270669e+00 
1.948500e-01 	7.200000e-07 	1.029090e-06 	-1.216026e+00 	1.011943e-06 	-1.148566e+00 
1.951500e-01 	1.500000e-06 	1.024308e-06 	1.840701e+00 	1.007338e-06 	1.906366e+00 
1.954500e-01 	1.470000e-06 	1.019593e-06 	1.779420e+00 	1.002825e-06 	1.845667e+00 
1.957500e-01 	1.900000e-07 	1.014851e-06 	-3.227242e+00 	9.982620e-07 	-3.162338e+00 
1.960500e-01 	1.040000e-06 	1.010079e-06 	1.157467e-01 	9.936650e-07 	1.792456e-01 
1.963500e-01 	5.300000e-07 	1.005417e-06 	-1.869292e+00 	9.892049e-07 	-1.805548e+00 
1.966500e-01 	1.050000e-06 	1.000660e-06 	1.943516e-01 	9.846318e-07 	2.574867e-01 
1.969500e-01 	6.200000e-07 	9.959949e-07 	-1.482805e+00 	9.801486e-07 	-1.420312e+00 
1.972500e-01 	1.190000e-06 	9.913199e-07 	7.758516e-01 	9.756442e-07 	8.370658e-01 
1.975500e-01 	8.700000e-07 	9.866175e-07 	-4.590519e-01 	9.711333e-07 	-3.980997e-01 
1.978500e-01 	1.000000e-06 	9.819252e-07 	7.123089e-02 	9.666293e-07 	1.315100e-01 
1.981500e-01 	8.300000e-07 	9.772707e-07 	-5.810181e-01 	9.621395e-07 	-5.213222e-01 
1.984500e-01 	8.600000e-07 	9.725635e-07 	-4.522077e-01 	9.576474e-07 	-3.922844e-01 
1.987500e-01 	1.360000e-06 	9.679064e-07 	1.564807e+00 	9.531579e-07 	1.623666e+00 
1.990500e-01 	9.600000e-07 	9.632640e-07 	-1.298138e-02 	9.487073e-07 	4.491227e-02 
1.993500e-01 	1.350000e-06 	9.585627e-07 	1.561128e+00 	9.441744e-07 	1.618512e+00 
1.996500e-01 	2.020000e-06 	9.539330e-07 	4.199264e+00 	9.397241e-07 	4.255233e+00 
1.999500e-01 	1.320000e-06 	9.492658e-07 	1.492669e+00 	9.352554e-07 	1.549078e+00 
