#Resi 	 LCD_contacts 	 LCD_contacts_rew 
133 	 0.011999 	 0.009931 
134 	 0.009105 	 0.010495 
135 	 0.005842 	 0.005764 
136 	 0.087837 	 0.086708 
137 	 0.000211 	 0.000174 
138 	 0.003842 	 0.003348 
139 	 0.007894 	 0.006471 
140 	 0.001684 	 0.001189 
141 	 0.002158 	 0.001963 
142 	 0.047103 	 0.031195 
143 	 0.031314 	 0.037548 
144 	 0.000789 	 0.001027 
145 	 0.008684 	 0.011694 
146 	 0.003316 	 0.002598 
147 	 0.032156 	 0.036011 
148 	 0.017368 	 0.018117 
149 	 0.000000 	 0.000000 
150 	 0.016789 	 0.014180 
151 	 0.056418 	 0.067084 
152 	 0.020525 	 0.028411 
153 	 0.000000 	 0.000000 
154 	 0.067523 	 0.068509 
155 	 0.210884 	 0.211592 
156 	 0.101468 	 0.095075 
157 	 0.055366 	 0.057043 
158 	 0.099363 	 0.106777 
159 	 0.024683 	 0.027356 
160 	 0.012368 	 0.011515 
161 	 0.004421 	 0.002953 
162 	 0.000895 	 0.000600 
163 	 0.000684 	 0.000409 
164 	 0.000895 	 0.000572 
165 	 0.000158 	 0.000100 
166 	 0.013420 	 0.009544 
167 	 0.006473 	 0.004654 
168 	 0.011841 	 0.008272 
169 	 0.014683 	 0.009870 
170 	 0.010315 	 0.006690 
171 	 0.006368 	 0.004034 
172 	 0.040314 	 0.023812 
173 	 0.002421 	 0.001440 
174 	 0.045050 	 0.031382 
175 	 0.006842 	 0.004411 
176 	 0.060997 	 0.048096 
177 	 0.002421 	 0.002406 
178 	 0.017525 	 0.016803 
179 	 0.000000 	 0.000000 
180 	 0.000053 	 0.000041 
181 	 0.000421 	 0.000525 
182 	 0.012210 	 0.012143 
183 	 0.076680 	 0.086874 
184 	 0.068575 	 0.073770 
185 	 0.175570 	 0.179741 
186 	 0.054787 	 0.061205 
187 	 0.023578 	 0.022369 
188 	 0.268460 	 0.238033 
189 	 0.039945 	 0.030149 
190 	 0.002368 	 0.001684 
191 	 0.113941 	 0.098832 
192 	 0.463870 	 0.397561 
193 	 0.090837 	 0.089477 
194 	 0.289669 	 0.274983 
195 	 0.163939 	 0.162167 
196 	 0.020736 	 0.018115 
197 	 0.100153 	 0.112531 
198 	 0.001947 	 0.002356 
199 	 0.019104 	 0.023497 
200 	 0.015262 	 0.020271 
201 	 0.030314 	 0.023708 
202 	 0.036735 	 0.034258 
203 	 0.012841 	 0.010196 
204 	 0.041840 	 0.041667 
205 	 0.083311 	 0.085671 
206 	 0.018104 	 0.017949 
207 	 0.079417 	 0.081511 
208 	 0.090679 	 0.081823 
209 	 0.110994 	 0.100349 
210 	 0.128099 	 0.130515 
211 	 0.371296 	 0.371776 
212 	 0.315562 	 0.287741 
213 	 0.314931 	 0.319859 
214 	 0.257302 	 0.247525 
215 	 0.181727 	 0.171329 
216 	 0.353297 	 0.317412 
217 	 0.269407 	 0.255261 
218 	 0.155413 	 0.145308 
219 	 0.158834 	 0.142650 
220 	 0.320141 	 0.332858 
221 	 0.248513 	 0.228871 
222 	 0.112099 	 0.123224 
223 	 0.084943 	 0.067860 
224 	 0.135046 	 0.131652 
225 	 0.069260 	 0.077075 
226 	 0.002474 	 0.003405 
227 	 0.123783 	 0.117824 
228 	 0.001053 	 0.000794 
229 	 0.004263 	 0.003667 
230 	 0.006000 	 0.005816 
231 	 0.003316 	 0.002898 
232 	 0.001684 	 0.001483 
233 	 0.011736 	 0.009969 
234 	 0.012684 	 0.010484 
235 	 0.000000 	 0.000000 
236 	 0.002316 	 0.001649 
237 	 0.003684 	 0.003405 
238 	 0.016631 	 0.013924 
239 	 0.007263 	 0.005672 
240 	 0.000000 	 0.000000 
241 	 0.012420 	 0.012254 
242 	 0.029209 	 0.023884 
243 	 0.003789 	 0.003129 
244 	 0.000579 	 0.000411 
245 	 0.052945 	 0.043216 
246 	 0.079733 	 0.063909 
247 	 0.022262 	 0.020395 
248 	 0.018473 	 0.014237 
249 	 0.168938 	 0.136764 
250 	 0.012105 	 0.010022 
251 	 0.056313 	 0.066098 
252 	 0.018210 	 0.023588 
253 	 0.037261 	 0.045979 
254 	 0.002947 	 0.003136 
255 	 0.039682 	 0.041393 
256 	 0.004789 	 0.004910 
257 	 0.055260 	 0.057737 
258 	 0.022788 	 0.029911 
259 	 0.097521 	 0.113779 
260 	 0.008315 	 0.011170 
261 	 0.004631 	 0.006604 
262 	 0.000211 	 0.000314 
263 	 0.011841 	 0.013902 
264 	 0.001421 	 0.001129 
265 	 0.087416 	 0.083134 
266 	 0.005421 	 0.005175 
267 	 0.101521 	 0.097749 
268 	 0.000316 	 0.000323 
269 	 0.127730 	 0.133487 
270 	 0.001263 	 0.001858 
271 	 0.026630 	 0.034706 
272 	 0.000947 	 0.000797 
273 	 0.054523 	 0.063705 
274 	 0.155466 	 0.142333 
275 	 0.620283 	 0.529122 
276 	 0.304352 	 0.271409 
277 	 0.000053 	 0.000055 
278 	 0.015052 	 0.009935 
279 	 0.222462 	 0.179282 
280 	 0.134046 	 0.125053 
281 	 0.000421 	 0.000440 
282 	 0.038945 	 0.038373 
283 	 0.185938 	 0.184817 
284 	 0.068102 	 0.067999 
285 	 0.168360 	 0.188216 
286 	 0.138940 	 0.162794 
287 	 0.007526 	 0.008615 
288 	 0.027051 	 0.025201 
289 	 0.002526 	 0.001818 
290 	 0.013999 	 0.011376 
291 	 0.011105 	 0.009522 
292 	 0.034998 	 0.033393 
293 	 0.016631 	 0.018099 
294 	 0.002053 	 0.001943 
295 	 0.043787 	 0.054290 
296 	 0.007421 	 0.013463 
297 	 0.100784 	 0.100588 
298 	 0.087153 	 0.075767 
299 	 0.017841 	 0.018560 
300 	 0.139835 	 0.128152 
301 	 0.199305 	 0.152753 
302 	 0.364244 	 0.324111 
303 	 0.384769 	 0.319229 
