#Resi 	 LCD_contacts 	 LCD_contacts_rew 
133 	 0.001421 	 0.001714 
134 	 0.000158 	 0.000094 
135 	 0.000000 	 0.000000 
136 	 0.018946 	 0.017321 
137 	 0.000474 	 0.000287 
138 	 0.002631 	 0.002264 
139 	 0.005000 	 0.005652 
140 	 0.002474 	 0.004043 
141 	 0.003158 	 0.004680 
142 	 0.026104 	 0.053389 
143 	 0.007684 	 0.008192 
144 	 0.000000 	 0.000000 
145 	 0.001368 	 0.001897 
146 	 0.001631 	 0.001319 
147 	 0.010578 	 0.010604 
148 	 0.004052 	 0.005036 
149 	 0.000000 	 0.000000 
150 	 0.002579 	 0.004449 
151 	 0.014736 	 0.019310 
152 	 0.016104 	 0.016598 
153 	 0.000000 	 0.000000 
154 	 0.009421 	 0.014239 
155 	 0.019788 	 0.029722 
156 	 0.000316 	 0.000642 
157 	 0.000211 	 0.000370 
158 	 0.006947 	 0.010952 
159 	 0.004631 	 0.009820 
160 	 0.006631 	 0.010576 
161 	 0.000000 	 0.000000 
162 	 0.001263 	 0.001192 
163 	 0.000053 	 0.000056 
164 	 0.000474 	 0.000494 
165 	 0.000158 	 0.000430 
166 	 0.003737 	 0.004792 
167 	 0.001684 	 0.001232 
168 	 0.006315 	 0.005464 
169 	 0.009368 	 0.008364 
170 	 0.015525 	 0.067630 
171 	 0.009736 	 0.022703 
172 	 0.018683 	 0.050476 
173 	 0.001263 	 0.002393 
174 	 0.012578 	 0.021826 
175 	 0.004684 	 0.007712 
176 	 0.030209 	 0.033959 
177 	 0.000158 	 0.000115 
178 	 0.004631 	 0.003728 
179 	 0.000000 	 0.000000 
180 	 0.000000 	 0.000000 
181 	 0.000000 	 0.000000 
182 	 0.001579 	 0.003060 
183 	 0.003631 	 0.004141 
184 	 0.004789 	 0.004555 
185 	 0.020104 	 0.021159 
186 	 0.001000 	 0.001953 
187 	 0.000000 	 0.000000 
188 	 0.008526 	 0.008450 
189 	 0.000263 	 0.000271 
190 	 0.000000 	 0.000000 
191 	 0.000316 	 0.000122 
192 	 0.009526 	 0.011116 
193 	 0.003052 	 0.002782 
194 	 0.012105 	 0.006287 
195 	 0.014262 	 0.012985 
196 	 0.000105 	 0.000111 
197 	 0.043103 	 0.056114 
198 	 0.001000 	 0.000576 
199 	 0.011526 	 0.012822 
200 	 0.007105 	 0.007760 
201 	 0.029998 	 0.055255 
202 	 0.000579 	 0.001055 
203 	 0.007158 	 0.010874 
204 	 0.002316 	 0.001553 
205 	 0.000158 	 0.000085 
206 	 0.004894 	 0.003538 
207 	 0.002789 	 0.002049 
208 	 0.003105 	 0.002851 
209 	 0.004000 	 0.002779 
210 	 0.010421 	 0.007263 
211 	 0.047576 	 0.062572 
212 	 0.009947 	 0.007167 
213 	 0.014789 	 0.010195 
214 	 0.039893 	 0.034008 
215 	 0.039735 	 0.036011 
216 	 0.071628 	 0.066293 
217 	 0.056155 	 0.064347 
218 	 0.011999 	 0.014903 
219 	 0.018631 	 0.019707 
220 	 0.066418 	 0.086537 
221 	 0.030946 	 0.030752 
222 	 0.017841 	 0.018865 
223 	 0.004105 	 0.004726 
224 	 0.024525 	 0.024911 
225 	 0.016315 	 0.024059 
226 	 0.000263 	 0.000168 
227 	 0.013105 	 0.009829 
228 	 0.000000 	 0.000000 
229 	 0.000211 	 0.000157 
230 	 0.000474 	 0.000373 
231 	 0.000579 	 0.000596 
232 	 0.000263 	 0.000394 
233 	 0.003474 	 0.003324 
234 	 0.001737 	 0.001924 
235 	 0.000000 	 0.000000 
236 	 0.000526 	 0.000633 
237 	 0.002895 	 0.010612 
238 	 0.002474 	 0.004569 
239 	 0.000895 	 0.001419 
240 	 0.000000 	 0.000000 
241 	 0.003000 	 0.008131 
242 	 0.000947 	 0.001237 
243 	 0.000316 	 0.000258 
244 	 0.000000 	 0.000000 
245 	 0.015104 	 0.018059 
246 	 0.033261 	 0.032932 
247 	 0.007579 	 0.007915 
248 	 0.002368 	 0.002008 
249 	 0.022894 	 0.029571 
250 	 0.001053 	 0.002241 
251 	 0.017210 	 0.031663 
252 	 0.006631 	 0.015971 
253 	 0.009947 	 0.028176 
254 	 0.001368 	 0.003368 
255 	 0.003947 	 0.009418 
256 	 0.000263 	 0.000686 
257 	 0.002526 	 0.003499 
258 	 0.003526 	 0.008254 
259 	 0.015315 	 0.016643 
260 	 0.001368 	 0.002209 
261 	 0.002474 	 0.005281 
262 	 0.000526 	 0.001102 
263 	 0.007158 	 0.007580 
264 	 0.000632 	 0.000738 
265 	 0.008947 	 0.009553 
266 	 0.000789 	 0.000780 
267 	 0.009105 	 0.007353 
268 	 0.000000 	 0.000000 
269 	 0.012526 	 0.017328 
270 	 0.000000 	 0.000000 
271 	 0.005000 	 0.014441 
272 	 0.000000 	 0.000000 
273 	 0.004894 	 0.005683 
274 	 0.009000 	 0.009088 
275 	 0.081364 	 0.085737 
276 	 0.041787 	 0.044673 
277 	 0.000000 	 0.000000 
278 	 0.000158 	 0.000125 
279 	 0.031630 	 0.034743 
280 	 0.036314 	 0.035498 
281 	 0.000000 	 0.000000 
282 	 0.006000 	 0.009680 
283 	 0.044419 	 0.047222 
284 	 0.016946 	 0.017310 
285 	 0.045682 	 0.045823 
286 	 0.054892 	 0.054568 
287 	 0.000526 	 0.000514 
288 	 0.004737 	 0.005995 
289 	 0.000000 	 0.000000 
290 	 0.001421 	 0.001887 
291 	 0.003737 	 0.003812 
292 	 0.020157 	 0.016124 
293 	 0.009105 	 0.008155 
294 	 0.000053 	 0.000035 
295 	 0.005210 	 0.004086 
296 	 0.000158 	 0.000128 
297 	 0.011684 	 0.009345 
298 	 0.007052 	 0.006998 
299 	 0.002316 	 0.003787 
300 	 0.021262 	 0.021218 
301 	 0.013999 	 0.011208 
302 	 0.072575 	 0.080786 
303 	 0.073733 	 0.069709 
