#Resi 	 LCD_contacts 	 LCD_contacts_rew 
1 	 0.054155 	 0.039960 
2 	 0.026051 	 0.020299 
3 	 0.052471 	 0.040023 
4 	 0.047524 	 0.036251 
5 	 0.062628 	 0.046589 
6 	 0.089364 	 0.066360 
7 	 0.055208 	 0.039767 
8 	 0.064155 	 0.049154 
9 	 0.051524 	 0.038214 
10 	 0.067523 	 0.052822 
11 	 0.016841 	 0.012654 
12 	 0.029683 	 0.022652 
13 	 0.016683 	 0.012490 
14 	 0.027630 	 0.019870 
15 	 0.028472 	 0.020963 
16 	 0.028525 	 0.019489 
17 	 0.048471 	 0.033524 
18 	 0.012631 	 0.008304 
19 	 0.044787 	 0.028550 
20 	 0.017894 	 0.012190 
21 	 0.051471 	 0.032315 
22 	 0.070207 	 0.046285 
23 	 0.045156 	 0.029831 
24 	 0.056629 	 0.038204 
25 	 0.030630 	 0.019487 
26 	 0.032998 	 0.020529 
27 	 0.026472 	 0.016058 
28 	 0.029472 	 0.016843 
29 	 0.022051 	 0.014394 
30 	 0.042682 	 0.028418 
31 	 0.029998 	 0.020444 
32 	 0.036788 	 0.023979 
33 	 0.033261 	 0.023090 
34 	 0.043840 	 0.029146 
35 	 0.020367 	 0.014264 
36 	 0.025314 	 0.017744 
37 	 0.015473 	 0.010866 
38 	 0.036945 	 0.025116 
39 	 0.037577 	 0.024076 
40 	 0.021315 	 0.015562 
41 	 0.028367 	 0.018097 
42 	 0.025314 	 0.016855 
43 	 0.018420 	 0.014124 
44 	 0.011315 	 0.009329 
45 	 0.017525 	 0.011862 
46 	 0.003631 	 0.002185 
47 	 0.020683 	 0.014714 
48 	 0.001368 	 0.001004 
49 	 0.012473 	 0.009698 
50 	 0.000368 	 0.000337 
51 	 0.031262 	 0.029057 
52 	 0.024736 	 0.017231 
53 	 0.095627 	 0.063252 
54 	 0.029051 	 0.019247 
55 	 0.046787 	 0.033646 
56 	 0.075207 	 0.045228 
57 	 0.131204 	 0.088430 
58 	 0.043366 	 0.029195 
59 	 0.039998 	 0.024911 
60 	 0.000737 	 0.000497 
61 	 0.043998 	 0.030094 
62 	 0.015157 	 0.010509 
63 	 0.051576 	 0.037517 
64 	 0.035367 	 0.028029 
65 	 0.001631 	 0.001153 
66 	 0.001842 	 0.000955 
67 	 0.051050 	 0.041144 
68 	 0.035998 	 0.021502 
69 	 0.000053 	 0.000033 
70 	 0.009210 	 0.005395 
71 	 0.031630 	 0.024849 
72 	 0.002158 	 0.001704 
73 	 0.000368 	 0.000192 
74 	 0.000474 	 0.000446 
75 	 0.125257 	 0.095522 
76 	 0.259618 	 0.171679 
77 	 0.140677 	 0.091069 
78 	 0.019578 	 0.013328 
79 	 0.124625 	 0.100510 
80 	 0.017052 	 0.012674 
81 	 0.153150 	 0.119421 
82 	 0.135256 	 0.109678 
83 	 0.020473 	 0.015069 
84 	 0.025683 	 0.022906 
85 	 0.027262 	 0.019367 
86 	 0.005421 	 0.003858 
87 	 0.020999 	 0.017663 
88 	 0.002158 	 0.001987 
89 	 0.086680 	 0.065272 
90 	 0.045050 	 0.034497 
91 	 0.075785 	 0.055818 
92 	 0.100258 	 0.083594 
93 	 0.010473 	 0.005663 
94 	 0.039156 	 0.027488 
95 	 0.004947 	 0.002822 
96 	 0.037524 	 0.027840 
97 	 0.004052 	 0.002711 
98 	 0.038682 	 0.027538 
99 	 0.058260 	 0.043220 
100 	 0.100258 	 0.072804 
101 	 0.048576 	 0.036000 
102 	 0.006315 	 0.003888 
103 	 0.089785 	 0.065956 
104 	 0.044366 	 0.030316 
105 	 0.061891 	 0.046117 
106 	 0.078470 	 0.055247 
107 	 0.085627 	 0.058065 
108 	 0.006631 	 0.004324 
109 	 0.044840 	 0.033630 
110 	 0.001263 	 0.000947 
111 	 0.043945 	 0.034165 
112 	 0.004789 	 0.003909 
113 	 0.075733 	 0.066636 
114 	 0.070628 	 0.044175 
115 	 0.040524 	 0.033940 
116 	 0.048997 	 0.034860 
117 	 0.089048 	 0.063926 
