#Resi 	 LCD_contacts 	 LCD_contacts_rew 
133 	 0.002210 	 0.001755 
134 	 0.003789 	 0.003319 
135 	 0.000947 	 0.000747 
136 	 0.053102 	 0.049695 
137 	 0.000737 	 0.000593 
138 	 0.006684 	 0.005350 
139 	 0.009473 	 0.008100 
140 	 0.001684 	 0.001267 
141 	 0.005158 	 0.003516 
142 	 0.043314 	 0.033469 
143 	 0.026262 	 0.024201 
144 	 0.002526 	 0.002295 
145 	 0.011210 	 0.012663 
146 	 0.014052 	 0.014346 
147 	 0.025104 	 0.025505 
148 	 0.012157 	 0.010938 
149 	 0.000000 	 0.000000 
150 	 0.007842 	 0.007685 
151 	 0.034051 	 0.029646 
152 	 0.017578 	 0.020845 
153 	 0.000211 	 0.000332 
154 	 0.032946 	 0.031370 
155 	 0.106205 	 0.148342 
156 	 0.063049 	 0.116459 
157 	 0.011736 	 0.014019 
158 	 0.017631 	 0.016286 
159 	 0.004789 	 0.004225 
160 	 0.003737 	 0.002653 
161 	 0.001053 	 0.000796 
162 	 0.000789 	 0.000622 
163 	 0.007052 	 0.005853 
164 	 0.010368 	 0.007732 
165 	 0.006210 	 0.005223 
166 	 0.025367 	 0.020994 
167 	 0.005579 	 0.005082 
168 	 0.014262 	 0.012261 
169 	 0.012684 	 0.010885 
170 	 0.027788 	 0.030189 
171 	 0.041472 	 0.038175 
172 	 0.032735 	 0.029668 
173 	 0.001789 	 0.001304 
174 	 0.067786 	 0.058068 
175 	 0.011841 	 0.009987 
176 	 0.090364 	 0.079186 
177 	 0.001684 	 0.001531 
178 	 0.017946 	 0.016064 
179 	 0.000000 	 0.000000 
180 	 0.000000 	 0.000000 
181 	 0.000000 	 0.000000 
182 	 0.001789 	 0.001241 
183 	 0.022420 	 0.035562 
184 	 0.024420 	 0.026689 
185 	 0.092258 	 0.131479 
186 	 0.019578 	 0.031511 
187 	 0.000368 	 0.000187 
188 	 0.063260 	 0.062133 
189 	 0.016999 	 0.016905 
190 	 0.000211 	 0.000191 
191 	 0.016578 	 0.016986 
192 	 0.148992 	 0.164703 
193 	 0.052366 	 0.093190 
194 	 0.093627 	 0.105148 
195 	 0.121888 	 0.157804 
196 	 0.015157 	 0.036792 
197 	 0.079470 	 0.125998 
198 	 0.000737 	 0.001266 
199 	 0.019788 	 0.019525 
200 	 0.014368 	 0.014181 
201 	 0.035209 	 0.031403 
202 	 0.024525 	 0.024409 
203 	 0.002526 	 0.002608 
204 	 0.034735 	 0.031204 
205 	 0.039945 	 0.034938 
206 	 0.006263 	 0.005005 
207 	 0.052576 	 0.046143 
208 	 0.026157 	 0.021133 
209 	 0.022525 	 0.019125 
210 	 0.057681 	 0.056712 
211 	 0.151729 	 0.158734 
212 	 0.146782 	 0.151489 
213 	 0.145361 	 0.137965 
214 	 0.144150 	 0.137722 
215 	 0.109521 	 0.097645 
216 	 0.234146 	 0.204492 
217 	 0.175675 	 0.165543 
218 	 0.071365 	 0.081512 
219 	 0.070470 	 0.078147 
220 	 0.143887 	 0.180841 
221 	 0.080154 	 0.103805 
222 	 0.058365 	 0.107551 
223 	 0.022262 	 0.028298 
224 	 0.102310 	 0.191754 
225 	 0.101205 	 0.168086 
226 	 0.002053 	 0.002283 
227 	 0.139361 	 0.199929 
228 	 0.002684 	 0.007095 
229 	 0.009578 	 0.015712 
230 	 0.017157 	 0.020261 
231 	 0.007736 	 0.011475 
232 	 0.002000 	 0.003334 
233 	 0.027683 	 0.042452 
234 	 0.025683 	 0.034227 
235 	 0.000000 	 0.000000 
236 	 0.006052 	 0.007302 
237 	 0.011263 	 0.020774 
238 	 0.029262 	 0.033615 
239 	 0.013631 	 0.013546 
240 	 0.000000 	 0.000000 
241 	 0.025525 	 0.039200 
242 	 0.024893 	 0.023889 
243 	 0.000474 	 0.000405 
244 	 0.001526 	 0.002687 
245 	 0.036419 	 0.040790 
246 	 0.061470 	 0.056206 
247 	 0.018841 	 0.016041 
248 	 0.015525 	 0.013663 
249 	 0.109889 	 0.114193 
250 	 0.019631 	 0.031250 
251 	 0.085048 	 0.129255 
252 	 0.033998 	 0.057060 
253 	 0.029209 	 0.048630 
254 	 0.008421 	 0.016999 
255 	 0.043682 	 0.065755 
256 	 0.011526 	 0.019840 
257 	 0.068838 	 0.105237 
258 	 0.057365 	 0.093869 
259 	 0.197200 	 0.265345 
260 	 0.034946 	 0.042329 
261 	 0.050576 	 0.063316 
262 	 0.007736 	 0.012505 
263 	 0.049839 	 0.071527 
264 	 0.008684 	 0.013890 
265 	 0.124888 	 0.180145 
266 	 0.008947 	 0.011908 
267 	 0.131256 	 0.191755 
268 	 0.000053 	 0.000092 
269 	 0.104889 	 0.152041 
270 	 0.001579 	 0.001533 
271 	 0.023051 	 0.035888 
272 	 0.000895 	 0.001056 
273 	 0.073049 	 0.107230 
274 	 0.070523 	 0.064545 
275 	 0.246408 	 0.215393 
276 	 0.095784 	 0.086289 
277 	 0.000000 	 0.000000 
278 	 0.002526 	 0.002026 
279 	 0.083890 	 0.070275 
280 	 0.052155 	 0.051916 
281 	 0.000211 	 0.000130 
282 	 0.049734 	 0.043874 
283 	 0.163149 	 0.149146 
284 	 0.070154 	 0.067092 
285 	 0.185780 	 0.179745 
286 	 0.171833 	 0.176644 
287 	 0.004316 	 0.003361 
288 	 0.073943 	 0.073596 
289 	 0.000368 	 0.000569 
290 	 0.016104 	 0.017221 
291 	 0.034051 	 0.038906 
292 	 0.083311 	 0.121710 
293 	 0.037156 	 0.037903 
294 	 0.006000 	 0.004217 
295 	 0.065839 	 0.068747 
296 	 0.006947 	 0.006991 
297 	 0.125941 	 0.131341 
298 	 0.061944 	 0.082045 
299 	 0.022788 	 0.039254 
300 	 0.127941 	 0.168511 
301 	 0.163728 	 0.159650 
302 	 0.217252 	 0.220045 
303 	 0.276828 	 0.253180 
