#Resi 	 LCD_contacts 	 LCD_contacts_rew 
1 	 0.038103 	 0.037631 
2 	 0.017368 	 0.018344 
3 	 0.027999 	 0.027809 
4 	 0.033472 	 0.034344 
5 	 0.042314 	 0.042513 
6 	 0.044577 	 0.045224 
7 	 0.036367 	 0.036757 
8 	 0.031998 	 0.031035 
9 	 0.042524 	 0.040654 
10 	 0.038998 	 0.037687 
11 	 0.013210 	 0.013249 
12 	 0.023630 	 0.023140 
13 	 0.014315 	 0.013770 
14 	 0.026051 	 0.025966 
15 	 0.029209 	 0.027416 
16 	 0.031735 	 0.029830 
17 	 0.069628 	 0.063871 
18 	 0.025683 	 0.023043 
19 	 0.052103 	 0.049638 
20 	 0.030683 	 0.029778 
21 	 0.055155 	 0.050637 
22 	 0.071312 	 0.066554 
23 	 0.062049 	 0.058483 
24 	 0.069417 	 0.063340 
25 	 0.041682 	 0.038857 
26 	 0.059786 	 0.055994 
27 	 0.045471 	 0.041410 
28 	 0.037577 	 0.033856 
29 	 0.037314 	 0.036459 
30 	 0.065154 	 0.059927 
31 	 0.026472 	 0.024676 
32 	 0.042787 	 0.041125 
33 	 0.036209 	 0.033324 
34 	 0.038472 	 0.035105 
35 	 0.028525 	 0.025881 
36 	 0.047682 	 0.043831 
37 	 0.029788 	 0.027236 
38 	 0.033788 	 0.030756 
39 	 0.032419 	 0.029774 
40 	 0.059839 	 0.059394 
41 	 0.033630 	 0.032146 
42 	 0.022051 	 0.020632 
43 	 0.020315 	 0.020399 
44 	 0.044366 	 0.044228 
45 	 0.035577 	 0.038106 
46 	 0.010526 	 0.009642 
47 	 0.040103 	 0.040886 
48 	 0.000947 	 0.000871 
49 	 0.016946 	 0.016510 
50 	 0.019683 	 0.019687 
51 	 0.101574 	 0.107374 
52 	 0.044050 	 0.047780 
53 	 0.116152 	 0.121550 
54 	 0.037682 	 0.040470 
55 	 0.111468 	 0.116535 
56 	 0.023157 	 0.023156 
57 	 0.168675 	 0.178885 
58 	 0.017210 	 0.016050 
59 	 0.068312 	 0.065465 
60 	 0.004316 	 0.003302 
61 	 0.033630 	 0.029950 
62 	 0.022367 	 0.021034 
63 	 0.030683 	 0.028226 
64 	 0.025157 	 0.025060 
65 	 0.002000 	 0.001945 
66 	 0.018999 	 0.020378 
67 	 0.076522 	 0.078790 
68 	 0.044050 	 0.043273 
69 	 0.004368 	 0.004074 
70 	 0.055313 	 0.059258 
71 	 0.030683 	 0.030878 
72 	 0.013368 	 0.012798 
73 	 0.008684 	 0.007547 
74 	 0.002053 	 0.002412 
75 	 0.099626 	 0.101394 
76 	 0.209305 	 0.200920 
77 	 0.138361 	 0.137956 
78 	 0.022209 	 0.022793 
79 	 0.112363 	 0.114833 
80 	 0.035314 	 0.038218 
81 	 0.171044 	 0.170591 
82 	 0.268723 	 0.281717 
83 	 0.056997 	 0.059568 
84 	 0.052103 	 0.058708 
85 	 0.117310 	 0.122595 
86 	 0.028314 	 0.029204 
87 	 0.025051 	 0.028174 
88 	 0.000421 	 0.000460 
89 	 0.029788 	 0.027383 
90 	 0.030262 	 0.030962 
91 	 0.050892 	 0.050133 
92 	 0.164255 	 0.167388 
93 	 0.053260 	 0.054922 
94 	 0.072101 	 0.075370 
95 	 0.040472 	 0.043426 
96 	 0.043629 	 0.045008 
97 	 0.001789 	 0.001824 
98 	 0.034472 	 0.035451 
99 	 0.074575 	 0.076984 
100 	 0.059523 	 0.058644 
101 	 0.011420 	 0.009727 
102 	 0.002316 	 0.002160 
103 	 0.131309 	 0.130589 
104 	 0.013736 	 0.013926 
105 	 0.064733 	 0.064221 
106 	 0.072996 	 0.074330 
107 	 0.051681 	 0.049979 
108 	 0.014473 	 0.013914 
109 	 0.030104 	 0.030514 
110 	 0.026999 	 0.026145 
111 	 0.024578 	 0.024506 
112 	 0.002526 	 0.002498 
113 	 0.094521 	 0.103409 
114 	 0.066786 	 0.070668 
115 	 0.122888 	 0.135707 
116 	 0.082101 	 0.084649 
117 	 0.132677 	 0.140791 
