#Resi 	 LCD_contacts 	 LCD_contacts_rew 
1 	 0.066575 	 0.045650 
2 	 0.018683 	 0.013042 
3 	 0.063628 	 0.045279 
4 	 0.047419 	 0.034737 
5 	 0.089679 	 0.065428 
6 	 0.093364 	 0.066385 
7 	 0.064155 	 0.046811 
8 	 0.071470 	 0.051724 
9 	 0.058313 	 0.040333 
10 	 0.083048 	 0.061390 
11 	 0.013841 	 0.009282 
12 	 0.041524 	 0.029536 
13 	 0.024736 	 0.017071 
14 	 0.039629 	 0.027752 
15 	 0.050313 	 0.034044 
16 	 0.040366 	 0.027952 
17 	 0.133677 	 0.096679 
18 	 0.041893 	 0.032880 
19 	 0.076733 	 0.055094 
20 	 0.055260 	 0.042439 
21 	 0.055944 	 0.041009 
22 	 0.118520 	 0.087557 
23 	 0.087680 	 0.070729 
24 	 0.113994 	 0.091932 
25 	 0.041103 	 0.029713 
26 	 0.047682 	 0.033300 
27 	 0.027999 	 0.017880 
28 	 0.013841 	 0.010194 
29 	 0.020157 	 0.014888 
30 	 0.022262 	 0.017747 
31 	 0.009789 	 0.008454 
32 	 0.028104 	 0.020275 
33 	 0.025314 	 0.018910 
34 	 0.023525 	 0.017889 
35 	 0.015368 	 0.011804 
36 	 0.023788 	 0.017704 
37 	 0.015315 	 0.011169 
38 	 0.023209 	 0.018240 
39 	 0.014526 	 0.010124 
40 	 0.033946 	 0.024492 
41 	 0.023630 	 0.017441 
42 	 0.012157 	 0.007902 
43 	 0.012894 	 0.008289 
44 	 0.009999 	 0.007056 
45 	 0.014789 	 0.009583 
46 	 0.001158 	 0.000989 
47 	 0.016999 	 0.012505 
48 	 0.000263 	 0.000168 
49 	 0.009157 	 0.005868 
50 	 0.007894 	 0.005618 
51 	 0.038998 	 0.030800 
52 	 0.007736 	 0.005384 
53 	 0.010789 	 0.009081 
54 	 0.001526 	 0.001215 
55 	 0.025367 	 0.025017 
56 	 0.012999 	 0.009834 
57 	 0.019999 	 0.018156 
58 	 0.036209 	 0.029038 
59 	 0.001737 	 0.001764 
60 	 0.004421 	 0.004048 
61 	 0.000211 	 0.000200 
62 	 0.013420 	 0.011916 
63 	 0.006052 	 0.004563 
64 	 0.002263 	 0.001747 
65 	 0.001210 	 0.000866 
66 	 0.000158 	 0.000102 
67 	 0.008210 	 0.006599 
68 	 0.004368 	 0.004164 
69 	 0.000000 	 0.000000 
70 	 0.000000 	 0.000000 
71 	 0.000895 	 0.000745 
72 	 0.000474 	 0.000600 
73 	 0.000000 	 0.000000 
74 	 0.000053 	 0.000044 
75 	 0.015894 	 0.015538 
76 	 0.030577 	 0.025468 
77 	 0.007210 	 0.005012 
78 	 0.000263 	 0.000189 
79 	 0.007105 	 0.006264 
80 	 0.001105 	 0.000789 
81 	 0.007684 	 0.007385 
82 	 0.012315 	 0.013586 
83 	 0.001947 	 0.002531 
84 	 0.009421 	 0.010088 
85 	 0.002368 	 0.001568 
86 	 0.000421 	 0.000260 
87 	 0.003895 	 0.002207 
88 	 0.000211 	 0.000122 
89 	 0.008421 	 0.005206 
90 	 0.006684 	 0.004490 
91 	 0.012420 	 0.008627 
92 	 0.013999 	 0.011199 
93 	 0.000263 	 0.000214 
94 	 0.004368 	 0.003345 
95 	 0.000158 	 0.000103 
96 	 0.006052 	 0.003988 
97 	 0.001474 	 0.001030 
98 	 0.014526 	 0.010481 
99 	 0.032788 	 0.024176 
100 	 0.018841 	 0.012706 
101 	 0.003263 	 0.002246 
102 	 0.000421 	 0.000238 
103 	 0.027999 	 0.019391 
104 	 0.005526 	 0.003645 
105 	 0.024946 	 0.015498 
106 	 0.023736 	 0.013883 
107 	 0.015104 	 0.010378 
108 	 0.001053 	 0.000752 
109 	 0.011052 	 0.007105 
110 	 0.000211 	 0.000128 
111 	 0.012736 	 0.007875 
112 	 0.000316 	 0.000215 
113 	 0.025578 	 0.017850 
114 	 0.002684 	 0.002250 
115 	 0.015420 	 0.014873 
116 	 0.021420 	 0.017441 
117 	 0.022367 	 0.017682 
