#Resi 	 LCD_contacts 	 LCD_contacts_rew 
133 	 0.000632 	 0.000848 
134 	 0.021788 	 0.027183 
135 	 0.000842 	 0.000859 
136 	 0.135940 	 0.148695 
137 	 0.001053 	 0.001196 
138 	 0.025525 	 0.029591 
139 	 0.036630 	 0.041029 
140 	 0.022473 	 0.023056 
141 	 0.031577 	 0.037463 
142 	 0.215462 	 0.229279 
143 	 0.085259 	 0.092497 
144 	 0.001053 	 0.001135 
145 	 0.022157 	 0.022625 
146 	 0.018525 	 0.018153 
147 	 0.048419 	 0.050650 
148 	 0.014894 	 0.015668 
149 	 0.000000 	 0.000000 
150 	 0.025314 	 0.027260 
151 	 0.043577 	 0.046728 
152 	 0.032735 	 0.037076 
153 	 0.000421 	 0.000461 
154 	 0.044419 	 0.050478 
155 	 0.121046 	 0.141753 
156 	 0.111836 	 0.128300 
157 	 0.020788 	 0.028122 
158 	 0.026104 	 0.034345 
159 	 0.026157 	 0.029687 
160 	 0.035682 	 0.040576 
161 	 0.004105 	 0.004201 
162 	 0.018736 	 0.019813 
163 	 0.001158 	 0.001440 
164 	 0.006263 	 0.006536 
165 	 0.000474 	 0.000535 
166 	 0.034788 	 0.036898 
167 	 0.026735 	 0.029564 
168 	 0.032840 	 0.034469 
169 	 0.058050 	 0.061161 
170 	 0.076207 	 0.079092 
171 	 0.050839 	 0.049242 
172 	 0.157571 	 0.165653 
173 	 0.012841 	 0.013366 
174 	 0.177780 	 0.190710 
175 	 0.030683 	 0.035793 
176 	 0.172044 	 0.190378 
177 	 0.002579 	 0.002394 
178 	 0.047945 	 0.052351 
179 	 0.000684 	 0.000915 
180 	 0.002737 	 0.003040 
181 	 0.001053 	 0.001085 
182 	 0.003684 	 0.004753 
183 	 0.038682 	 0.050234 
184 	 0.047892 	 0.054242 
185 	 0.165833 	 0.195568 
186 	 0.050050 	 0.066009 
187 	 0.031893 	 0.036380 
188 	 0.259671 	 0.303834 
189 	 0.023736 	 0.029875 
190 	 0.003737 	 0.004279 
191 	 0.158623 	 0.185227 
192 	 0.246198 	 0.294745 
193 	 0.056523 	 0.066465 
194 	 0.171938 	 0.191800 
195 	 0.184043 	 0.198845 
196 	 0.028630 	 0.034941 
197 	 0.166044 	 0.177516 
198 	 0.002053 	 0.002162 
199 	 0.049208 	 0.051934 
200 	 0.056892 	 0.060105 
201 	 0.165307 	 0.186657 
202 	 0.066049 	 0.067028 
203 	 0.042366 	 0.046105 
204 	 0.035788 	 0.036474 
205 	 0.054681 	 0.061616 
206 	 0.060681 	 0.066872 
207 	 0.087101 	 0.094087 
208 	 0.075680 	 0.085324 
209 	 0.115257 	 0.130919 
210 	 0.123415 	 0.138490 
211 	 0.237251 	 0.253297 
212 	 0.237040 	 0.271264 
213 	 0.181675 	 0.189276 
214 	 0.179359 	 0.189926 
215 	 0.113783 	 0.119257 
216 	 0.235882 	 0.248649 
217 	 0.145203 	 0.156068 
218 	 0.081048 	 0.092430 
219 	 0.079101 	 0.091197 
220 	 0.191043 	 0.197515 
221 	 0.093048 	 0.103858 
222 	 0.107679 	 0.111758 
223 	 0.057260 	 0.061560 
224 	 0.167202 	 0.185025 
225 	 0.188832 	 0.197256 
226 	 0.024472 	 0.025715 
227 	 0.171149 	 0.182721 
228 	 0.001895 	 0.002216 
229 	 0.013789 	 0.015765 
230 	 0.028367 	 0.033138 
231 	 0.017525 	 0.020755 
232 	 0.008210 	 0.010078 
233 	 0.071049 	 0.080659 
234 	 0.063049 	 0.069922 
235 	 0.000053 	 0.000032 
236 	 0.018999 	 0.020213 
237 	 0.025209 	 0.026939 
238 	 0.057786 	 0.062549 
239 	 0.043629 	 0.044894 
240 	 0.000053 	 0.000043 
241 	 0.051155 	 0.055436 
242 	 0.057313 	 0.073543 
243 	 0.016736 	 0.023233 
244 	 0.001579 	 0.001981 
245 	 0.070365 	 0.080030 
246 	 0.079996 	 0.095584 
247 	 0.023367 	 0.027570 
248 	 0.025946 	 0.029283 
249 	 0.147413 	 0.149063 
250 	 0.022104 	 0.024355 
251 	 0.112468 	 0.114914 
252 	 0.043787 	 0.046884 
253 	 0.081890 	 0.087417 
254 	 0.019946 	 0.022611 
255 	 0.080680 	 0.083582 
256 	 0.020157 	 0.021951 
257 	 0.133519 	 0.142249 
258 	 0.108731 	 0.113984 
259 	 0.294037 	 0.301438 
260 	 0.047208 	 0.050424 
261 	 0.058786 	 0.062445 
262 	 0.011473 	 0.012835 
263 	 0.130046 	 0.139059 
264 	 0.032419 	 0.037405 
265 	 0.230672 	 0.250629 
266 	 0.024999 	 0.029446 
267 	 0.167623 	 0.183586 
268 	 0.000211 	 0.000342 
269 	 0.214568 	 0.228462 
270 	 0.014578 	 0.015466 
271 	 0.101889 	 0.107197 
272 	 0.022262 	 0.021856 
273 	 0.090206 	 0.090318 
274 	 0.099153 	 0.100605 
275 	 0.349297 	 0.368327 
276 	 0.176622 	 0.176467 
277 	 0.000474 	 0.000315 
278 	 0.024104 	 0.023228 
279 	 0.118467 	 0.118337 
280 	 0.079101 	 0.083939 
281 	 0.000474 	 0.000595 
282 	 0.024893 	 0.024733 
283 	 0.114626 	 0.116731 
284 	 0.048155 	 0.054220 
285 	 0.110152 	 0.113782 
286 	 0.144677 	 0.151990 
287 	 0.007000 	 0.008237 
288 	 0.047576 	 0.053803 
289 	 0.000158 	 0.000246 
290 	 0.034630 	 0.035710 
291 	 0.030735 	 0.033291 
292 	 0.104258 	 0.118757 
293 	 0.049103 	 0.054416 
294 	 0.006000 	 0.006855 
295 	 0.055681 	 0.063091 
296 	 0.001789 	 0.001624 
297 	 0.100047 	 0.108245 
298 	 0.057997 	 0.059651 
299 	 0.028735 	 0.031305 
300 	 0.130519 	 0.136786 
301 	 0.075838 	 0.077117 
302 	 0.252408 	 0.255259 
303 	 0.209357 	 0.211640 
