#Resi 	 LCD_contacts 	 LCD_contacts_rew 
133 	 0.018367 	 0.014478 
134 	 0.000105 	 0.000120 
135 	 0.000000 	 0.000000 
136 	 0.014999 	 0.015327 
137 	 0.000263 	 0.000266 
138 	 0.002526 	 0.002218 
139 	 0.002421 	 0.002042 
140 	 0.000158 	 0.000146 
141 	 0.001000 	 0.001104 
142 	 0.008736 	 0.007597 
143 	 0.005684 	 0.005589 
144 	 0.000000 	 0.000000 
145 	 0.000474 	 0.000646 
146 	 0.001789 	 0.001291 
147 	 0.006421 	 0.006243 
148 	 0.000474 	 0.000812 
149 	 0.000000 	 0.000000 
150 	 0.014420 	 0.012378 
151 	 0.004842 	 0.004694 
152 	 0.001631 	 0.001968 
153 	 0.000000 	 0.000000 
154 	 0.017104 	 0.017274 
155 	 0.072470 	 0.075952 
156 	 0.015631 	 0.012403 
157 	 0.011263 	 0.013274 
158 	 0.032946 	 0.033405 
159 	 0.005842 	 0.004622 
160 	 0.017525 	 0.013676 
161 	 0.006000 	 0.003917 
162 	 0.000526 	 0.000558 
163 	 0.000211 	 0.000169 
164 	 0.000105 	 0.000116 
165 	 0.000316 	 0.000350 
166 	 0.000895 	 0.000683 
167 	 0.000158 	 0.000187 
168 	 0.000737 	 0.000604 
169 	 0.000842 	 0.001017 
170 	 0.000474 	 0.000389 
171 	 0.001105 	 0.000953 
172 	 0.002421 	 0.002096 
173 	 0.000316 	 0.000262 
174 	 0.005421 	 0.005308 
175 	 0.002579 	 0.002222 
176 	 0.020157 	 0.018366 
177 	 0.000368 	 0.000382 
178 	 0.001737 	 0.001568 
179 	 0.000000 	 0.000000 
180 	 0.000368 	 0.000236 
181 	 0.000000 	 0.000000 
182 	 0.008052 	 0.007427 
183 	 0.024999 	 0.026916 
184 	 0.022841 	 0.022488 
185 	 0.048366 	 0.042272 
186 	 0.011841 	 0.010956 
187 	 0.000632 	 0.000952 
188 	 0.042419 	 0.036632 
189 	 0.017999 	 0.016279 
190 	 0.000211 	 0.000105 
191 	 0.015368 	 0.010199 
192 	 0.198147 	 0.146122 
193 	 0.075575 	 0.054923 
194 	 0.061207 	 0.044203 
195 	 0.095784 	 0.068146 
196 	 0.004789 	 0.003697 
197 	 0.038314 	 0.034371 
198 	 0.001947 	 0.002068 
199 	 0.008789 	 0.010410 
200 	 0.009999 	 0.009941 
201 	 0.016631 	 0.014428 
202 	 0.011947 	 0.009355 
203 	 0.000579 	 0.000468 
204 	 0.011631 	 0.009914 
205 	 0.000000 	 0.000000 
206 	 0.012420 	 0.011469 
207 	 0.016368 	 0.012236 
208 	 0.010157 	 0.009071 
209 	 0.027104 	 0.019795 
210 	 0.063260 	 0.051177 
211 	 0.182359 	 0.166411 
212 	 0.081785 	 0.082793 
213 	 0.102258 	 0.089345 
214 	 0.072154 	 0.072492 
215 	 0.079259 	 0.076740 
216 	 0.123151 	 0.109232 
217 	 0.078470 	 0.073069 
218 	 0.037103 	 0.031748 
219 	 0.043577 	 0.036505 
220 	 0.052208 	 0.046171 
221 	 0.063470 	 0.052236 
222 	 0.016841 	 0.016962 
223 	 0.017631 	 0.013763 
224 	 0.022578 	 0.027964 
225 	 0.004473 	 0.003446 
226 	 0.000000 	 0.000000 
227 	 0.039366 	 0.030042 
228 	 0.000947 	 0.000586 
229 	 0.003737 	 0.004076 
230 	 0.008052 	 0.009791 
231 	 0.004526 	 0.003596 
232 	 0.001210 	 0.000929 
233 	 0.020525 	 0.013929 
234 	 0.027104 	 0.021933 
235 	 0.000000 	 0.000000 
236 	 0.006631 	 0.005001 
237 	 0.022104 	 0.013206 
238 	 0.039735 	 0.031191 
239 	 0.022736 	 0.016703 
240 	 0.000000 	 0.000000 
241 	 0.012631 	 0.009473 
242 	 0.067260 	 0.051411 
243 	 0.011105 	 0.007433 
244 	 0.000000 	 0.000000 
245 	 0.047208 	 0.033994 
246 	 0.063786 	 0.047440 
247 	 0.010210 	 0.007905 
248 	 0.010263 	 0.008307 
249 	 0.063576 	 0.045013 
250 	 0.001737 	 0.001427 
251 	 0.013368 	 0.011222 
252 	 0.005789 	 0.003922 
253 	 0.006736 	 0.003821 
254 	 0.017420 	 0.009308 
255 	 0.003210 	 0.001925 
256 	 0.003789 	 0.001941 
257 	 0.007579 	 0.006557 
258 	 0.029262 	 0.015716 
259 	 0.065681 	 0.041666 
260 	 0.010631 	 0.006240 
261 	 0.028420 	 0.016402 
262 	 0.004158 	 0.002353 
263 	 0.036103 	 0.023634 
264 	 0.003631 	 0.002407 
265 	 0.038209 	 0.028382 
266 	 0.004579 	 0.004275 
267 	 0.047682 	 0.035424 
268 	 0.000000 	 0.000000 
269 	 0.014789 	 0.010043 
270 	 0.000000 	 0.000000 
271 	 0.000526 	 0.000339 
272 	 0.000000 	 0.000000 
273 	 0.009894 	 0.008009 
274 	 0.032367 	 0.025068 
275 	 0.235672 	 0.209657 
276 	 0.100942 	 0.078705 
277 	 0.000000 	 0.000000 
278 	 0.004737 	 0.003449 
279 	 0.098995 	 0.095381 
280 	 0.059313 	 0.046744 
281 	 0.000000 	 0.000000 
282 	 0.022999 	 0.024634 
283 	 0.134677 	 0.123470 
284 	 0.059050 	 0.051066 
285 	 0.160676 	 0.158556 
286 	 0.182411 	 0.173201 
287 	 0.005421 	 0.004595 
288 	 0.038419 	 0.026253 
289 	 0.000263 	 0.000140 
290 	 0.032314 	 0.021675 
291 	 0.037261 	 0.026570 
292 	 0.097574 	 0.077896 
293 	 0.037209 	 0.036808 
294 	 0.003631 	 0.005942 
295 	 0.037893 	 0.036594 
296 	 0.001368 	 0.001069 
297 	 0.072365 	 0.060792 
298 	 0.038630 	 0.037113 
299 	 0.005210 	 0.005722 
300 	 0.041156 	 0.044222 
301 	 0.072628 	 0.074249 
302 	 0.078838 	 0.081422 
303 	 0.147203 	 0.146176 
