#Resi 	 RRMs_contacts 	 RRMs_contacts_rew 
314 	 0.095784 	 0.095561 
315 	 0.314615 	 0.288598 
316 	 0.233935 	 0.227799 
317 	 0.115889 	 0.109029 
318 	 0.282248 	 0.273316 
319 	 0.092837 	 0.110268 
320 	 0.161097 	 0.164139 
321 	 0.309826 	 0.382945 
322 	 0.068470 	 0.080144 
323 	 0.079154 	 0.083500 
324 	 0.059576 	 0.054478 
325 	 0.204831 	 0.210653 
326 	 0.044208 	 0.037189 
327 	 0.044577 	 0.042965 
328 	 0.037840 	 0.036689 
329 	 0.204831 	 0.294070 
330 	 0.037156 	 0.064408 
331 	 0.048734 	 0.082708 
332 	 0.088732 	 0.111945 
333 	 0.058207 	 0.061933 
334 	 0.044998 	 0.043106 
335 	 0.118625 	 0.119572 
336 	 0.014157 	 0.013970 
337 	 0.106626 	 0.102409 
338 	 0.018157 	 0.017318 
339 	 0.015631 	 0.014380 
340 	 0.063839 	 0.063226 
341 	 0.139677 	 0.129094 
342 	 0.048155 	 0.040378 
343 	 0.023420 	 0.025524 
344 	 0.091995 	 0.097906 
345 	 0.025683 	 0.036009 
346 	 0.030051 	 0.044883 
347 	 0.234988 	 0.250225 
348 	 0.049418 	 0.052057 
349 	 0.041998 	 0.041172 
350 	 0.059155 	 0.058024 
351 	 0.200832 	 0.199918 
352 	 0.047840 	 0.049017 
353 	 0.047682 	 0.048246 
354 	 0.035314 	 0.035993 
355 	 0.021473 	 0.022196 
356 	 0.146940 	 0.148849 
357 	 0.027051 	 0.026384 
358 	 0.030998 	 0.031280 
359 	 0.068365 	 0.073871 
360 	 0.029683 	 0.028183 
361 	 0.052734 	 0.054095 
362 	 0.016525 	 0.017010 
363 	 0.077049 	 0.092667 
364 	 0.035893 	 0.045226 
365 	 0.015789 	 0.019171 
366 	 0.134361 	 0.214426 
367 	 0.014262 	 0.017487 
368 	 0.034524 	 0.036265 
369 	 0.033156 	 0.030855 
370 	 0.014999 	 0.014152 
371 	 0.033893 	 0.032905 
372 	 0.044471 	 0.042980 
373 	 0.126309 	 0.124846 
374 	 0.013999 	 0.013190 
375 	 0.025262 	 0.026873 
376 	 0.028472 	 0.031837 
377 	 0.020157 	 0.020841 
378 	 0.042735 	 0.044177 
379 	 0.063786 	 0.067962 
380 	 0.020525 	 0.023193 
381 	 0.018736 	 0.023075 
382 	 0.014368 	 0.015736 
383 	 0.031051 	 0.044766 
384 	 0.038630 	 0.056160 
385 	 0.014262 	 0.018406 
386 	 0.037103 	 0.053116 
387 	 0.018367 	 0.029286 
388 	 0.013526 	 0.014226 
389 	 0.026209 	 0.024516 
390 	 0.027367 	 0.027502 
391 	 0.011736 	 0.015269 
392 	 0.005579 	 0.005897 
393 	 0.018999 	 0.020866 
394 	 0.042735 	 0.043808 
395 	 0.009473 	 0.009245 
396 	 0.011789 	 0.010479 
397 	 0.075364 	 0.081602 
398 	 0.030156 	 0.037541 
399 	 0.028156 	 0.035075 
400 	 0.011368 	 0.011958 
401 	 0.027841 	 0.030583 
402 	 0.105152 	 0.147066 
403 	 0.021894 	 0.028016 
404 	 0.025630 	 0.035468 
405 	 0.024420 	 0.035398 
406 	 0.020999 	 0.027411 
407 	 0.045471 	 0.065938 
408 	 0.127099 	 0.191211 
409 	 0.101521 	 0.153286 
410 	 0.010947 	 0.009992 
411 	 0.031525 	 0.047288 
412 	 0.038682 	 0.039966 
413 	 0.079627 	 0.073352 
414 	 0.050366 	 0.051422 
415 	 0.034946 	 0.033073 
416 	 0.022736 	 0.023287 
417 	 0.018210 	 0.020971 
418 	 0.120625 	 0.148307 
419 	 0.018210 	 0.022950 
420 	 0.016999 	 0.016374 
421 	 0.029104 	 0.027266 
422 	 0.026683 	 0.031704 
423 	 0.024262 	 0.024902 
424 	 0.028893 	 0.030061 
425 	 0.034630 	 0.040647 
426 	 0.042998 	 0.042879 
427 	 0.118099 	 0.109745 
428 	 0.017631 	 0.018014 
429 	 0.050471 	 0.082845 
430 	 0.030314 	 0.045012 
431 	 0.127625 	 0.293310 
432 	 0.059628 	 0.101115 
433 	 0.121625 	 0.156983 
