#Resi 	 RRMs_contacts 	 RRMs_contacts_rew 
314 	 0.087522 	 0.103264 
315 	 0.146519 	 0.144169 
316 	 0.122836 	 0.119384 
317 	 0.058102 	 0.052808 
318 	 0.180675 	 0.179384 
319 	 0.066996 	 0.055312 
320 	 0.061734 	 0.054900 
321 	 0.217778 	 0.192086 
322 	 0.033156 	 0.025624 
323 	 0.028998 	 0.023678 
324 	 0.031156 	 0.026816 
325 	 0.126046 	 0.117403 
326 	 0.035577 	 0.035620 
327 	 0.022578 	 0.023176 
328 	 0.014368 	 0.014867 
329 	 0.076838 	 0.086493 
330 	 0.015578 	 0.017007 
331 	 0.020946 	 0.018741 
332 	 0.053102 	 0.040717 
333 	 0.038156 	 0.039308 
334 	 0.027577 	 0.025005 
335 	 0.095100 	 0.084875 
336 	 0.010473 	 0.010283 
337 	 0.086153 	 0.074193 
338 	 0.012789 	 0.011639 
339 	 0.013631 	 0.011940 
340 	 0.039893 	 0.033261 
341 	 0.095469 	 0.075212 
342 	 0.025946 	 0.024012 
343 	 0.018578 	 0.015785 
344 	 0.046840 	 0.039336 
345 	 0.012841 	 0.010234 
346 	 0.016052 	 0.014115 
347 	 0.092785 	 0.085915 
348 	 0.011526 	 0.010801 
349 	 0.013947 	 0.011330 
350 	 0.025157 	 0.021007 
351 	 0.078154 	 0.057777 
352 	 0.010999 	 0.008534 
353 	 0.009526 	 0.007336 
354 	 0.008000 	 0.006400 
355 	 0.009105 	 0.006242 
356 	 0.070049 	 0.055582 
357 	 0.007684 	 0.006961 
358 	 0.017157 	 0.013788 
359 	 0.036577 	 0.028192 
360 	 0.015473 	 0.012551 
361 	 0.023893 	 0.020687 
362 	 0.013210 	 0.010057 
363 	 0.051524 	 0.041398 
364 	 0.020315 	 0.014704 
365 	 0.016525 	 0.012921 
366 	 0.045261 	 0.037333 
367 	 0.018894 	 0.016403 
368 	 0.032840 	 0.026242 
369 	 0.069260 	 0.058512 
370 	 0.025314 	 0.021612 
371 	 0.047313 	 0.040520 
372 	 0.045998 	 0.036332 
373 	 0.055892 	 0.043536 
374 	 0.009421 	 0.007730 
375 	 0.015683 	 0.011902 
376 	 0.014315 	 0.010671 
377 	 0.011210 	 0.008589 
378 	 0.021683 	 0.017527 
379 	 0.036945 	 0.029957 
380 	 0.017052 	 0.010400 
381 	 0.016368 	 0.011256 
382 	 0.016210 	 0.013829 
383 	 0.013841 	 0.011537 
384 	 0.019736 	 0.018051 
385 	 0.018262 	 0.011471 
386 	 0.022736 	 0.016559 
387 	 0.006947 	 0.005885 
388 	 0.008526 	 0.008357 
389 	 0.016420 	 0.017528 
390 	 0.012526 	 0.011281 
391 	 0.003895 	 0.003185 
392 	 0.009421 	 0.006228 
393 	 0.015578 	 0.011987 
394 	 0.025104 	 0.021785 
395 	 0.006105 	 0.004068 
396 	 0.006473 	 0.004441 
397 	 0.042314 	 0.031963 
398 	 0.023841 	 0.018608 
399 	 0.030893 	 0.025605 
400 	 0.007210 	 0.007782 
401 	 0.020473 	 0.022321 
402 	 0.036156 	 0.029666 
403 	 0.009105 	 0.009516 
404 	 0.012210 	 0.010771 
405 	 0.012473 	 0.011108 
406 	 0.009578 	 0.007781 
407 	 0.008526 	 0.007285 
408 	 0.028209 	 0.026913 
409 	 0.039682 	 0.042127 
410 	 0.011999 	 0.012115 
411 	 0.039524 	 0.042161 
412 	 0.027156 	 0.026026 
413 	 0.054260 	 0.048813 
414 	 0.022525 	 0.017864 
415 	 0.023367 	 0.017645 
416 	 0.005737 	 0.004269 
417 	 0.002684 	 0.002977 
418 	 0.053576 	 0.048175 
419 	 0.014789 	 0.013251 
420 	 0.019104 	 0.014921 
421 	 0.045998 	 0.033610 
422 	 0.060576 	 0.049914 
423 	 0.049524 	 0.039265 
424 	 0.073470 	 0.053974 
425 	 0.083101 	 0.056498 
426 	 0.036209 	 0.023922 
427 	 0.158992 	 0.102676 
428 	 0.016525 	 0.012618 
429 	 0.058207 	 0.039095 
430 	 0.038366 	 0.024182 
431 	 0.042366 	 0.042568 
432 	 0.055050 	 0.058175 
433 	 0.084101 	 0.062054 
