#Resi 	 RRMs_contacts 	 RRMs_contacts_rew 
314 	 0.022630 	 0.029114 
315 	 0.051839 	 0.057788 
316 	 0.084417 	 0.091265 
317 	 0.052945 	 0.056934 
318 	 0.137519 	 0.172855 
319 	 0.033472 	 0.037191 
320 	 0.035945 	 0.034238 
321 	 0.213726 	 0.178270 
322 	 0.023630 	 0.022323 
323 	 0.020946 	 0.024393 
324 	 0.021683 	 0.025485 
325 	 0.041050 	 0.047838 
326 	 0.012631 	 0.014027 
327 	 0.013947 	 0.016324 
328 	 0.011105 	 0.014995 
329 	 0.087785 	 0.112326 
330 	 0.016736 	 0.023987 
331 	 0.014368 	 0.015320 
332 	 0.022841 	 0.023988 
333 	 0.027946 	 0.036953 
334 	 0.016683 	 0.026261 
335 	 0.060313 	 0.063992 
336 	 0.010578 	 0.011808 
337 	 0.053050 	 0.061258 
338 	 0.026209 	 0.027832 
339 	 0.014157 	 0.016221 
340 	 0.022367 	 0.025685 
341 	 0.051839 	 0.058725 
342 	 0.014368 	 0.019992 
343 	 0.006736 	 0.013008 
344 	 0.028420 	 0.046171 
345 	 0.007526 	 0.013756 
346 	 0.008736 	 0.013977 
347 	 0.053629 	 0.062488 
348 	 0.005684 	 0.007931 
349 	 0.005684 	 0.009516 
350 	 0.007631 	 0.008699 
351 	 0.050050 	 0.047092 
352 	 0.009421 	 0.010559 
353 	 0.008000 	 0.009007 
354 	 0.008947 	 0.009654 
355 	 0.007000 	 0.006577 
356 	 0.057365 	 0.045917 
357 	 0.006368 	 0.005274 
358 	 0.012157 	 0.011836 
359 	 0.038209 	 0.049054 
360 	 0.018315 	 0.023655 
361 	 0.035314 	 0.037320 
362 	 0.012526 	 0.015063 
363 	 0.030419 	 0.029133 
364 	 0.015683 	 0.016144 
365 	 0.009210 	 0.011052 
366 	 0.081154 	 0.056908 
367 	 0.006684 	 0.005613 
368 	 0.013894 	 0.011410 
369 	 0.014631 	 0.010246 
370 	 0.005421 	 0.002975 
371 	 0.009526 	 0.006131 
372 	 0.011736 	 0.009304 
373 	 0.030104 	 0.026320 
374 	 0.003316 	 0.002784 
375 	 0.005894 	 0.006341 
376 	 0.010105 	 0.013956 
377 	 0.017052 	 0.031768 
378 	 0.021157 	 0.027902 
379 	 0.033051 	 0.033592 
380 	 0.003000 	 0.002760 
381 	 0.008105 	 0.011472 
382 	 0.007000 	 0.006971 
383 	 0.009684 	 0.008633 
384 	 0.013262 	 0.010888 
385 	 0.005631 	 0.004871 
386 	 0.035630 	 0.036701 
387 	 0.013157 	 0.011566 
388 	 0.015104 	 0.018402 
389 	 0.039051 	 0.041310 
390 	 0.012526 	 0.009778 
391 	 0.003895 	 0.002505 
392 	 0.003631 	 0.002411 
393 	 0.004263 	 0.003239 
394 	 0.012052 	 0.008442 
395 	 0.005631 	 0.003120 
396 	 0.005579 	 0.003088 
397 	 0.027841 	 0.018585 
398 	 0.012736 	 0.011448 
399 	 0.016683 	 0.022685 
400 	 0.004579 	 0.006934 
401 	 0.011315 	 0.012324 
402 	 0.046682 	 0.046077 
403 	 0.005105 	 0.005247 
404 	 0.007000 	 0.006753 
405 	 0.006736 	 0.006157 
406 	 0.003579 	 0.002367 
407 	 0.008210 	 0.008935 
408 	 0.027525 	 0.029394 
409 	 0.022578 	 0.023772 
410 	 0.003526 	 0.003579 
411 	 0.009999 	 0.010614 
412 	 0.003737 	 0.007067 
413 	 0.019420 	 0.019583 
414 	 0.015736 	 0.015416 
415 	 0.012947 	 0.013709 
416 	 0.004737 	 0.006492 
417 	 0.010526 	 0.011030 
418 	 0.062997 	 0.085301 
419 	 0.009315 	 0.017754 
420 	 0.007631 	 0.020936 
421 	 0.019210 	 0.055656 
422 	 0.018262 	 0.044514 
423 	 0.013368 	 0.033749 
424 	 0.009473 	 0.012734 
425 	 0.016578 	 0.020785 
426 	 0.012210 	 0.015740 
427 	 0.068049 	 0.069005 
428 	 0.003368 	 0.003448 
429 	 0.014210 	 0.017218 
430 	 0.010684 	 0.011556 
431 	 0.034840 	 0.044396 
432 	 0.021894 	 0.023157 
433 	 0.076943 	 0.078598 
