#Resi 	 RRMs_contacts 	 RRMs_contacts_rew 
314 	 0.049892 	 0.044527 
315 	 0.191779 	 0.175408 
316 	 0.225830 	 0.219002 
317 	 0.112415 	 0.125049 
318 	 0.295037 	 0.295524 
319 	 0.092153 	 0.087936 
320 	 0.117731 	 0.100433 
321 	 0.416610 	 0.343828 
322 	 0.066312 	 0.053989 
323 	 0.065733 	 0.051570 
324 	 0.074838 	 0.052826 
325 	 0.216199 	 0.191496 
326 	 0.049787 	 0.037608 
327 	 0.043261 	 0.034041 
328 	 0.029946 	 0.025584 
329 	 0.139993 	 0.125481 
330 	 0.027104 	 0.022913 
331 	 0.030683 	 0.023179 
332 	 0.069733 	 0.060398 
333 	 0.062681 	 0.054692 
334 	 0.050103 	 0.054479 
335 	 0.174465 	 0.151080 
336 	 0.040208 	 0.038526 
337 	 0.169728 	 0.172392 
338 	 0.039735 	 0.044927 
339 	 0.034998 	 0.038302 
340 	 0.063891 	 0.068719 
341 	 0.107205 	 0.113001 
342 	 0.049629 	 0.052058 
343 	 0.021788 	 0.022977 
344 	 0.109468 	 0.099448 
345 	 0.030525 	 0.031990 
346 	 0.038472 	 0.037515 
347 	 0.183780 	 0.187049 
348 	 0.034524 	 0.031533 
349 	 0.035524 	 0.032109 
350 	 0.065049 	 0.057694 
351 	 0.126309 	 0.117373 
352 	 0.034998 	 0.034095 
353 	 0.050839 	 0.045130 
354 	 0.057629 	 0.052210 
355 	 0.059681 	 0.055271 
356 	 0.155097 	 0.153902 
357 	 0.033367 	 0.033054 
358 	 0.059313 	 0.055751 
359 	 0.098574 	 0.096055 
360 	 0.067154 	 0.062906 
361 	 0.097153 	 0.098320 
362 	 0.062260 	 0.066478 
363 	 0.126099 	 0.121079 
364 	 0.058471 	 0.061146 
365 	 0.071575 	 0.077823 
366 	 0.093416 	 0.103839 
367 	 0.046892 	 0.054470 
368 	 0.055102 	 0.058739 
369 	 0.084838 	 0.085569 
370 	 0.036630 	 0.037810 
371 	 0.079101 	 0.082826 
372 	 0.069260 	 0.066823 
373 	 0.126151 	 0.127940 
374 	 0.025735 	 0.029103 
375 	 0.037209 	 0.038233 
376 	 0.034261 	 0.034473 
377 	 0.025314 	 0.022266 
378 	 0.076733 	 0.065987 
379 	 0.236356 	 0.222101 
380 	 0.058892 	 0.079995 
381 	 0.080417 	 0.084297 
382 	 0.112678 	 0.122591 
383 	 0.114047 	 0.143665 
384 	 0.203095 	 0.225612 
385 	 0.106573 	 0.110653 
386 	 0.181148 	 0.177038 
387 	 0.061155 	 0.063097 
388 	 0.095679 	 0.101727 
389 	 0.109205 	 0.097435 
390 	 0.078101 	 0.077839 
391 	 0.036314 	 0.033156 
392 	 0.026051 	 0.025292 
393 	 0.046261 	 0.042820 
394 	 0.104363 	 0.095126 
395 	 0.049892 	 0.045734 
396 	 0.045998 	 0.048006 
397 	 0.246408 	 0.275274 
398 	 0.087364 	 0.086144 
399 	 0.110889 	 0.109521 
400 	 0.029051 	 0.024551 
401 	 0.044945 	 0.036349 
402 	 0.079048 	 0.070764 
403 	 0.016736 	 0.014695 
404 	 0.025104 	 0.020839 
405 	 0.024683 	 0.022173 
406 	 0.019473 	 0.018855 
407 	 0.026314 	 0.025908 
408 	 0.048471 	 0.054979 
409 	 0.032209 	 0.032927 
410 	 0.008842 	 0.008336 
411 	 0.045787 	 0.047033 
412 	 0.028577 	 0.029055 
413 	 0.055944 	 0.058195 
414 	 0.049997 	 0.047423 
415 	 0.053787 	 0.048596 
416 	 0.044998 	 0.039861 
417 	 0.057102 	 0.049597 
418 	 0.221146 	 0.181462 
419 	 0.069154 	 0.050125 
420 	 0.087627 	 0.064500 
421 	 0.125151 	 0.097713 
422 	 0.147571 	 0.107410 
423 	 0.121415 	 0.097182 
424 	 0.198200 	 0.165803 
425 	 0.192306 	 0.181428 
426 	 0.127941 	 0.121225 
427 	 0.216778 	 0.177064 
428 	 0.030419 	 0.023087 
429 	 0.064049 	 0.058705 
430 	 0.039261 	 0.041289 
431 	 0.157729 	 0.134866 
432 	 0.185096 	 0.155783 
433 	 0.216831 	 0.210987 
