#Resi 	 RRMs_contacts 	 RRMs_contacts_rew 
314 	 0.020473 	 0.024252 
315 	 0.086153 	 0.087248 
316 	 0.069733 	 0.074764 
317 	 0.039051 	 0.036885 
318 	 0.111731 	 0.098010 
319 	 0.034367 	 0.031334 
320 	 0.035840 	 0.033296 
321 	 0.171570 	 0.153259 
322 	 0.014631 	 0.013397 
323 	 0.019262 	 0.018161 
324 	 0.017999 	 0.015883 
325 	 0.060313 	 0.060327 
326 	 0.011999 	 0.011766 
327 	 0.012526 	 0.012818 
328 	 0.016368 	 0.013369 
329 	 0.089943 	 0.133746 
330 	 0.013841 	 0.019228 
331 	 0.014631 	 0.020243 
332 	 0.020525 	 0.027062 
333 	 0.039682 	 0.113712 
334 	 0.014789 	 0.028398 
335 	 0.062523 	 0.106366 
336 	 0.009315 	 0.008111 
337 	 0.035840 	 0.041586 
338 	 0.007631 	 0.006421 
339 	 0.008263 	 0.007954 
340 	 0.014105 	 0.012440 
341 	 0.027893 	 0.024863 
342 	 0.005105 	 0.006461 
343 	 0.003737 	 0.002074 
344 	 0.010631 	 0.015144 
345 	 0.000842 	 0.001705 
346 	 0.001053 	 0.000969 
347 	 0.030051 	 0.028366 
348 	 0.012420 	 0.012320 
349 	 0.012947 	 0.014013 
350 	 0.007789 	 0.006859 
351 	 0.030946 	 0.028573 
352 	 0.007473 	 0.006400 
353 	 0.006894 	 0.006433 
354 	 0.004421 	 0.004347 
355 	 0.002158 	 0.001661 
356 	 0.023472 	 0.022952 
357 	 0.002842 	 0.003078 
358 	 0.003263 	 0.003135 
359 	 0.011263 	 0.009222 
360 	 0.007158 	 0.006200 
361 	 0.012631 	 0.011365 
362 	 0.002947 	 0.002409 
363 	 0.009842 	 0.016757 
364 	 0.005947 	 0.016970 
365 	 0.003158 	 0.002941 
366 	 0.017157 	 0.024152 
367 	 0.002421 	 0.001503 
368 	 0.003316 	 0.002731 
369 	 0.013999 	 0.027188 
370 	 0.003474 	 0.004081 
371 	 0.004737 	 0.007186 
372 	 0.008315 	 0.010850 
373 	 0.014420 	 0.018762 
374 	 0.001684 	 0.002119 
375 	 0.003000 	 0.003539 
376 	 0.002421 	 0.002496 
377 	 0.001684 	 0.001974 
378 	 0.005158 	 0.008222 
379 	 0.010263 	 0.009996 
380 	 0.003842 	 0.006864 
381 	 0.004947 	 0.003530 
382 	 0.001789 	 0.001702 
383 	 0.001947 	 0.003814 
384 	 0.003263 	 0.006124 
385 	 0.003158 	 0.003017 
386 	 0.004105 	 0.004808 
387 	 0.001158 	 0.001996 
388 	 0.001842 	 0.003074 
389 	 0.005526 	 0.006747 
390 	 0.002158 	 0.002909 
391 	 0.000632 	 0.000679 
392 	 0.000789 	 0.001616 
393 	 0.004631 	 0.009198 
394 	 0.008631 	 0.023383 
395 	 0.000211 	 0.000796 
396 	 0.000947 	 0.002951 
397 	 0.011315 	 0.026766 
398 	 0.001579 	 0.002043 
399 	 0.001368 	 0.001026 
400 	 0.000421 	 0.000623 
401 	 0.001631 	 0.002793 
402 	 0.011315 	 0.014676 
403 	 0.000895 	 0.001242 
404 	 0.001158 	 0.001662 
405 	 0.000421 	 0.000681 
406 	 0.000421 	 0.000788 
407 	 0.000368 	 0.000286 
408 	 0.008052 	 0.011151 
409 	 0.005526 	 0.009415 
410 	 0.000211 	 0.000142 
411 	 0.006368 	 0.016558 
412 	 0.002158 	 0.002607 
413 	 0.010631 	 0.017214 
414 	 0.000263 	 0.000228 
415 	 0.003000 	 0.004882 
416 	 0.002210 	 0.002155 
417 	 0.004158 	 0.003344 
418 	 0.022367 	 0.035026 
419 	 0.001474 	 0.001334 
420 	 0.002631 	 0.002320 
421 	 0.001316 	 0.000992 
422 	 0.001053 	 0.000963 
423 	 0.000105 	 0.000176 
424 	 0.001474 	 0.002675 
425 	 0.001263 	 0.001825 
426 	 0.002421 	 0.003888 
427 	 0.017631 	 0.031866 
428 	 0.001895 	 0.002227 
429 	 0.004000 	 0.003752 
430 	 0.001053 	 0.000987 
431 	 0.006526 	 0.009086 
432 	 0.004473 	 0.004423 
433 	 0.011841 	 0.013534 
