#Resi 	 SUMO_contacts 	 SUMO_contacts_rew 
314 	 0.019210 	 0.012945 
315 	 0.067786 	 0.047637 
316 	 0.049418 	 0.027443 
317 	 0.019578 	 0.013464 
318 	 0.035788 	 0.031446 
319 	 0.008789 	 0.006495 
320 	 0.015999 	 0.012025 
321 	 0.081312 	 0.074356 
322 	 0.011315 	 0.012543 
323 	 0.009210 	 0.008929 
324 	 0.011420 	 0.011741 
325 	 0.031946 	 0.024631 
326 	 0.005579 	 0.004915 
327 	 0.003000 	 0.002156 
328 	 0.005421 	 0.003646 
329 	 0.031735 	 0.020573 
330 	 0.004473 	 0.003251 
331 	 0.002105 	 0.001441 
332 	 0.006526 	 0.005763 
333 	 0.004894 	 0.003995 
334 	 0.006368 	 0.004031 
335 	 0.018473 	 0.014916 
336 	 0.003105 	 0.002123 
337 	 0.019894 	 0.014578 
338 	 0.004894 	 0.003594 
339 	 0.003316 	 0.003086 
340 	 0.005158 	 0.005623 
341 	 0.023630 	 0.019447 
342 	 0.008578 	 0.005256 
343 	 0.002579 	 0.001635 
344 	 0.020367 	 0.014891 
345 	 0.003316 	 0.002914 
346 	 0.005421 	 0.004431 
347 	 0.022104 	 0.018278 
348 	 0.002263 	 0.001972 
349 	 0.003631 	 0.004265 
350 	 0.008473 	 0.008047 
351 	 0.023367 	 0.021974 
352 	 0.004368 	 0.003926 
353 	 0.003631 	 0.002968 
354 	 0.003000 	 0.003389 
355 	 0.002368 	 0.003720 
356 	 0.016262 	 0.016352 
357 	 0.001947 	 0.001927 
358 	 0.003263 	 0.003407 
359 	 0.008842 	 0.007818 
360 	 0.003000 	 0.002090 
361 	 0.006631 	 0.004886 
362 	 0.002421 	 0.001614 
363 	 0.015473 	 0.012113 
364 	 0.003263 	 0.002569 
365 	 0.003789 	 0.002251 
366 	 0.012052 	 0.007652 
367 	 0.003526 	 0.002744 
368 	 0.005158 	 0.004515 
369 	 0.010526 	 0.007447 
370 	 0.004316 	 0.002164 
371 	 0.005421 	 0.003486 
372 	 0.003789 	 0.001866 
373 	 0.009052 	 0.005916 
374 	 0.002263 	 0.001964 
375 	 0.002631 	 0.001857 
376 	 0.002105 	 0.001807 
377 	 0.001947 	 0.001426 
378 	 0.005737 	 0.004815 
379 	 0.015157 	 0.010452 
380 	 0.003052 	 0.002043 
381 	 0.010736 	 0.008711 
382 	 0.012947 	 0.010415 
383 	 0.005105 	 0.003663 
384 	 0.005158 	 0.004130 
385 	 0.002789 	 0.002324 
386 	 0.005158 	 0.004963 
387 	 0.001421 	 0.000912 
388 	 0.001789 	 0.001468 
389 	 0.003895 	 0.002312 
390 	 0.005421 	 0.005483 
391 	 0.001684 	 0.001344 
392 	 0.001579 	 0.001454 
393 	 0.004105 	 0.003812 
394 	 0.008421 	 0.007313 
395 	 0.003474 	 0.003250 
396 	 0.004263 	 0.003809 
397 	 0.021683 	 0.020548 
398 	 0.006263 	 0.006314 
399 	 0.008315 	 0.008749 
400 	 0.001842 	 0.001896 
401 	 0.003842 	 0.004806 
402 	 0.010842 	 0.010628 
403 	 0.001210 	 0.001123 
404 	 0.000632 	 0.000460 
405 	 0.000421 	 0.000358 
406 	 0.000842 	 0.000325 
407 	 0.001789 	 0.000884 
408 	 0.002210 	 0.002384 
409 	 0.000947 	 0.000657 
410 	 0.000263 	 0.000143 
411 	 0.003105 	 0.001723 
412 	 0.002631 	 0.001241 
413 	 0.006421 	 0.003137 
414 	 0.002263 	 0.001716 
415 	 0.003789 	 0.003128 
416 	 0.002474 	 0.002330 
417 	 0.001526 	 0.001431 
418 	 0.009368 	 0.006993 
419 	 0.001316 	 0.000821 
420 	 0.001158 	 0.000728 
421 	 0.002316 	 0.001211 
422 	 0.004631 	 0.003310 
423 	 0.002947 	 0.002780 
424 	 0.007368 	 0.005207 
425 	 0.006315 	 0.004978 
426 	 0.006263 	 0.006695 
427 	 0.009999 	 0.009470 
428 	 0.002579 	 0.001804 
429 	 0.008052 	 0.006181 
430 	 0.001789 	 0.001804 
431 	 0.011631 	 0.006761 
432 	 0.014999 	 0.011011 
433 	 0.012105 	 0.008669 
