#Resi 	 SUMO_contacts 	 SUMO_contacts_rew 
314 	 0.029420 	 0.026481 
315 	 0.070417 	 0.063189 
316 	 0.054629 	 0.049785 
317 	 0.028262 	 0.026018 
318 	 0.069312 	 0.071020 
319 	 0.037419 	 0.040864 
320 	 0.046576 	 0.043645 
321 	 0.131519 	 0.119676 
322 	 0.027314 	 0.025374 
323 	 0.023367 	 0.020995 
324 	 0.033577 	 0.035811 
325 	 0.125309 	 0.121923 
326 	 0.026946 	 0.029920 
327 	 0.019999 	 0.019233 
328 	 0.017999 	 0.016270 
329 	 0.110520 	 0.097282 
330 	 0.024262 	 0.021329 
331 	 0.027946 	 0.025729 
332 	 0.044208 	 0.042741 
333 	 0.067733 	 0.064619 
334 	 0.050418 	 0.051457 
335 	 0.179885 	 0.170651 
336 	 0.042366 	 0.044856 
337 	 0.149150 	 0.144473 
338 	 0.031525 	 0.034471 
339 	 0.039524 	 0.042820 
340 	 0.056681 	 0.057422 
341 	 0.196779 	 0.210307 
342 	 0.048103 	 0.046216 
343 	 0.038103 	 0.039201 
344 	 0.108152 	 0.104993 
345 	 0.027946 	 0.026392 
346 	 0.019473 	 0.018700 
347 	 0.101731 	 0.105109 
348 	 0.026209 	 0.028050 
349 	 0.023893 	 0.024685 
350 	 0.033735 	 0.031621 
351 	 0.081469 	 0.079111 
352 	 0.016525 	 0.016126 
353 	 0.015315 	 0.015123 
354 	 0.018367 	 0.017531 
355 	 0.017631 	 0.016363 
356 	 0.069786 	 0.067532 
357 	 0.014578 	 0.013586 
358 	 0.026314 	 0.025296 
359 	 0.058418 	 0.056235 
360 	 0.030630 	 0.027210 
361 	 0.069523 	 0.065891 
362 	 0.036840 	 0.034790 
363 	 0.115047 	 0.117715 
364 	 0.033893 	 0.035761 
365 	 0.032472 	 0.031450 
366 	 0.089364 	 0.094900 
367 	 0.018631 	 0.018050 
368 	 0.024157 	 0.024753 
369 	 0.020894 	 0.020842 
370 	 0.008421 	 0.008638 
371 	 0.021473 	 0.022900 
372 	 0.028525 	 0.031447 
373 	 0.061418 	 0.066041 
374 	 0.012684 	 0.013924 
375 	 0.014315 	 0.016342 
376 	 0.014315 	 0.015622 
377 	 0.012105 	 0.012500 
378 	 0.021367 	 0.022239 
379 	 0.058576 	 0.059362 
380 	 0.009421 	 0.008934 
381 	 0.014736 	 0.014908 
382 	 0.021630 	 0.022248 
383 	 0.019841 	 0.019105 
384 	 0.022420 	 0.021405 
385 	 0.025735 	 0.028031 
386 	 0.062523 	 0.066628 
387 	 0.009315 	 0.009092 
388 	 0.026051 	 0.029313 
389 	 0.031262 	 0.034027 
390 	 0.046787 	 0.049297 
391 	 0.015157 	 0.016886 
392 	 0.015736 	 0.019257 
393 	 0.028367 	 0.032714 
394 	 0.081627 	 0.092447 
395 	 0.021630 	 0.024866 
396 	 0.024946 	 0.029100 
397 	 0.107415 	 0.115011 
398 	 0.044156 	 0.046723 
399 	 0.049155 	 0.052930 
400 	 0.020841 	 0.022571 
401 	 0.047682 	 0.047870 
402 	 0.103047 	 0.103231 
403 	 0.014157 	 0.014565 
404 	 0.018104 	 0.018163 
405 	 0.017894 	 0.018454 
406 	 0.020841 	 0.021346 
407 	 0.023578 	 0.024070 
408 	 0.036998 	 0.037402 
409 	 0.040945 	 0.043356 
410 	 0.009105 	 0.010225 
411 	 0.041156 	 0.047176 
412 	 0.031946 	 0.032856 
413 	 0.036735 	 0.038796 
414 	 0.032946 	 0.031483 
415 	 0.020157 	 0.020580 
416 	 0.014894 	 0.015073 
417 	 0.012684 	 0.013203 
418 	 0.094942 	 0.090055 
419 	 0.034788 	 0.031107 
420 	 0.036577 	 0.033472 
421 	 0.061313 	 0.061672 
422 	 0.121309 	 0.112816 
423 	 0.073575 	 0.071474 
424 	 0.110573 	 0.101562 
425 	 0.060892 	 0.057661 
426 	 0.064891 	 0.063625 
427 	 0.148255 	 0.152740 
428 	 0.027209 	 0.028124 
429 	 0.047682 	 0.047767 
430 	 0.024736 	 0.028104 
431 	 0.126467 	 0.130146 
432 	 0.095995 	 0.094920 
433 	 0.089943 	 0.092507 
