#Resi 	 SUMO_contacts 	 SUMO_contacts_rew 
314 	 0.031525 	 0.029029 
315 	 0.070417 	 0.057248 
316 	 0.061681 	 0.052917 
317 	 0.027472 	 0.026422 
318 	 0.057734 	 0.051051 
319 	 0.012736 	 0.010572 
320 	 0.021736 	 0.016057 
321 	 0.068733 	 0.052539 
322 	 0.011157 	 0.008609 
323 	 0.013052 	 0.010363 
324 	 0.012947 	 0.010038 
325 	 0.077733 	 0.060301 
326 	 0.011052 	 0.008223 
327 	 0.013473 	 0.010535 
328 	 0.018631 	 0.013336 
329 	 0.090048 	 0.070152 
330 	 0.014210 	 0.010725 
331 	 0.011736 	 0.008778 
332 	 0.022420 	 0.015765 
333 	 0.010684 	 0.007289 
334 	 0.019262 	 0.011720 
335 	 0.041893 	 0.027429 
336 	 0.005473 	 0.003361 
337 	 0.038893 	 0.024449 
338 	 0.008105 	 0.005100 
339 	 0.012789 	 0.007705 
340 	 0.033577 	 0.026681 
341 	 0.067839 	 0.050271 
342 	 0.017946 	 0.015384 
343 	 0.022209 	 0.020024 
344 	 0.043892 	 0.030831 
345 	 0.010368 	 0.008909 
346 	 0.013999 	 0.010451 
347 	 0.078627 	 0.054300 
348 	 0.012684 	 0.009216 
349 	 0.010315 	 0.008270 
350 	 0.024262 	 0.018186 
351 	 0.037314 	 0.028859 
352 	 0.009000 	 0.006769 
353 	 0.011894 	 0.008745 
354 	 0.013105 	 0.009023 
355 	 0.008421 	 0.005699 
356 	 0.046682 	 0.032141 
357 	 0.012210 	 0.008032 
358 	 0.016052 	 0.010820 
359 	 0.038945 	 0.027104 
360 	 0.020788 	 0.014173 
361 	 0.019367 	 0.012738 
362 	 0.010473 	 0.007516 
363 	 0.025630 	 0.017673 
364 	 0.015683 	 0.011529 
365 	 0.011631 	 0.009518 
366 	 0.045156 	 0.031827 
367 	 0.008736 	 0.006668 
368 	 0.017052 	 0.012502 
369 	 0.017946 	 0.013113 
370 	 0.007368 	 0.005456 
371 	 0.014105 	 0.010233 
372 	 0.015420 	 0.009827 
373 	 0.060628 	 0.043474 
374 	 0.008000 	 0.006135 
375 	 0.009157 	 0.006871 
376 	 0.007368 	 0.005263 
377 	 0.006947 	 0.005216 
378 	 0.014052 	 0.009754 
379 	 0.024999 	 0.018405 
380 	 0.005684 	 0.003396 
381 	 0.010578 	 0.006643 
382 	 0.010842 	 0.006825 
383 	 0.010736 	 0.006259 
384 	 0.018999 	 0.011668 
385 	 0.009578 	 0.005973 
386 	 0.035840 	 0.022243 
387 	 0.010421 	 0.007767 
388 	 0.014841 	 0.010506 
389 	 0.017631 	 0.014032 
390 	 0.018157 	 0.011631 
391 	 0.004631 	 0.003044 
392 	 0.004526 	 0.002490 
393 	 0.009842 	 0.006224 
394 	 0.022999 	 0.014551 
395 	 0.004368 	 0.002558 
396 	 0.004052 	 0.002357 
397 	 0.033840 	 0.021524 
398 	 0.010052 	 0.007071 
399 	 0.011947 	 0.008621 
400 	 0.003842 	 0.002786 
401 	 0.010631 	 0.007821 
402 	 0.032314 	 0.022840 
403 	 0.006947 	 0.005183 
404 	 0.005894 	 0.004106 
405 	 0.005210 	 0.003774 
406 	 0.005631 	 0.004063 
407 	 0.007684 	 0.005437 
408 	 0.021473 	 0.015073 
409 	 0.015999 	 0.010961 
410 	 0.007052 	 0.004814 
411 	 0.022578 	 0.015812 
412 	 0.020630 	 0.014755 
413 	 0.022262 	 0.015817 
414 	 0.013315 	 0.009607 
415 	 0.010526 	 0.006955 
416 	 0.003000 	 0.002053 
417 	 0.004105 	 0.002849 
418 	 0.036945 	 0.026670 
419 	 0.006210 	 0.005285 
420 	 0.008000 	 0.006671 
421 	 0.023420 	 0.020029 
422 	 0.022683 	 0.017268 
423 	 0.027262 	 0.022509 
424 	 0.037366 	 0.030877 
425 	 0.028630 	 0.024369 
426 	 0.027525 	 0.020752 
427 	 0.050261 	 0.038460 
428 	 0.008947 	 0.007600 
429 	 0.020578 	 0.015533 
430 	 0.010052 	 0.008444 
431 	 0.039945 	 0.031449 
432 	 0.051734 	 0.040071 
433 	 0.059471 	 0.047281 
