#Resi 	 SUMO_contacts 	 SUMO_contacts_rew 
314 	 0.045892 	 0.030821 
315 	 0.091416 	 0.080150 
316 	 0.100100 	 0.076703 
317 	 0.043471 	 0.035830 
318 	 0.139729 	 0.107688 
319 	 0.057944 	 0.043898 
320 	 0.056839 	 0.045514 
321 	 0.150308 	 0.130728 
322 	 0.026999 	 0.025597 
323 	 0.022946 	 0.020199 
324 	 0.020052 	 0.018405 
325 	 0.097626 	 0.081829 
326 	 0.026367 	 0.024130 
327 	 0.025946 	 0.024812 
328 	 0.019367 	 0.018498 
329 	 0.066312 	 0.056006 
330 	 0.011999 	 0.010250 
331 	 0.009789 	 0.008557 
332 	 0.016473 	 0.012919 
333 	 0.031998 	 0.035255 
334 	 0.020630 	 0.018205 
335 	 0.061997 	 0.051734 
336 	 0.023578 	 0.019578 
337 	 0.108415 	 0.080104 
338 	 0.023946 	 0.019055 
339 	 0.012736 	 0.010023 
340 	 0.023946 	 0.019459 
341 	 0.045156 	 0.034219 
342 	 0.025314 	 0.019495 
343 	 0.012526 	 0.009098 
344 	 0.041472 	 0.030931 
345 	 0.013210 	 0.010018 
346 	 0.017210 	 0.011835 
347 	 0.065733 	 0.043671 
348 	 0.012052 	 0.007687 
349 	 0.010315 	 0.007634 
350 	 0.014947 	 0.011586 
351 	 0.061891 	 0.048100 
352 	 0.013473 	 0.010035 
353 	 0.015578 	 0.011578 
354 	 0.019736 	 0.013200 
355 	 0.013526 	 0.009054 
356 	 0.045892 	 0.031657 
357 	 0.011894 	 0.007343 
358 	 0.032630 	 0.019932 
359 	 0.038945 	 0.029370 
360 	 0.044156 	 0.033415 
361 	 0.074470 	 0.055616 
362 	 0.056681 	 0.039025 
363 	 0.066365 	 0.044418 
364 	 0.027788 	 0.017594 
365 	 0.031051 	 0.022261 
366 	 0.075838 	 0.049647 
367 	 0.009631 	 0.006481 
368 	 0.021525 	 0.014755 
369 	 0.021315 	 0.012695 
370 	 0.007315 	 0.004620 
371 	 0.020736 	 0.012795 
372 	 0.025367 	 0.016150 
373 	 0.091100 	 0.057189 
374 	 0.022525 	 0.013944 
375 	 0.031946 	 0.020304 
376 	 0.052418 	 0.033594 
377 	 0.062313 	 0.038437 
378 	 0.098574 	 0.060648 
379 	 0.057365 	 0.040409 
380 	 0.066575 	 0.041870 
381 	 0.017946 	 0.011679 
382 	 0.017104 	 0.010257 
383 	 0.030472 	 0.018625 
384 	 0.037998 	 0.023959 
385 	 0.027156 	 0.018871 
386 	 0.059892 	 0.038875 
387 	 0.030683 	 0.018877 
388 	 0.040893 	 0.024938 
389 	 0.047103 	 0.029593 
390 	 0.034946 	 0.023148 
391 	 0.009000 	 0.005704 
392 	 0.011105 	 0.007050 
393 	 0.018683 	 0.010930 
394 	 0.027893 	 0.017169 
395 	 0.009578 	 0.005924 
396 	 0.004579 	 0.002941 
397 	 0.044577 	 0.032187 
398 	 0.024893 	 0.017679 
399 	 0.026314 	 0.017670 
400 	 0.015052 	 0.011670 
401 	 0.037209 	 0.031219 
402 	 0.093206 	 0.071684 
403 	 0.015104 	 0.011866 
404 	 0.012947 	 0.010138 
405 	 0.012473 	 0.009468 
406 	 0.012210 	 0.008768 
407 	 0.021683 	 0.014939 
408 	 0.041156 	 0.030189 
409 	 0.049418 	 0.037776 
410 	 0.016262 	 0.012844 
411 	 0.043735 	 0.032854 
412 	 0.028472 	 0.017808 
413 	 0.081996 	 0.058948 
414 	 0.025578 	 0.015702 
415 	 0.036840 	 0.023622 
416 	 0.015578 	 0.010474 
417 	 0.015578 	 0.011816 
418 	 0.119046 	 0.080347 
419 	 0.016473 	 0.011610 
420 	 0.016578 	 0.011922 
421 	 0.033472 	 0.020560 
422 	 0.037524 	 0.025923 
423 	 0.029683 	 0.021131 
424 	 0.045156 	 0.030948 
425 	 0.094784 	 0.057590 
426 	 0.094995 	 0.057286 
427 	 0.205410 	 0.131320 
428 	 0.022473 	 0.015465 
429 	 0.049576 	 0.033565 
430 	 0.070891 	 0.041241 
431 	 0.064786 	 0.048430 
432 	 0.076838 	 0.056217 
433 	 0.085995 	 0.058028 
