#Resi 	 SUMO_contacts 	 SUMO_contacts_rew 
314 	 0.018052 	 0.041390 
315 	 0.018894 	 0.028914 
316 	 0.013262 	 0.020981 
317 	 0.002631 	 0.002866 
318 	 0.011473 	 0.012577 
319 	 0.004316 	 0.004944 
320 	 0.008052 	 0.011093 
321 	 0.021946 	 0.047886 
322 	 0.002789 	 0.003417 
323 	 0.005000 	 0.006857 
324 	 0.004684 	 0.008780 
325 	 0.022367 	 0.034814 
326 	 0.004684 	 0.009160 
327 	 0.002895 	 0.005849 
328 	 0.003579 	 0.005837 
329 	 0.034630 	 0.054230 
330 	 0.006421 	 0.011531 
331 	 0.006736 	 0.007004 
332 	 0.019683 	 0.034917 
333 	 0.017104 	 0.028808 
334 	 0.010894 	 0.025679 
335 	 0.037945 	 0.055122 
336 	 0.002947 	 0.006734 
337 	 0.027788 	 0.039967 
338 	 0.007210 	 0.012610 
339 	 0.008421 	 0.015654 
340 	 0.022104 	 0.041950 
341 	 0.069260 	 0.124332 
342 	 0.018578 	 0.027006 
343 	 0.016157 	 0.020052 
344 	 0.045629 	 0.075930 
345 	 0.007263 	 0.017500 
346 	 0.014210 	 0.034027 
347 	 0.073417 	 0.131986 
348 	 0.009999 	 0.016951 
349 	 0.015315 	 0.022267 
350 	 0.024157 	 0.040525 
351 	 0.107942 	 0.178108 
352 	 0.015999 	 0.038181 
353 	 0.014683 	 0.031820 
354 	 0.010789 	 0.034614 
355 	 0.009684 	 0.034877 
356 	 0.034367 	 0.094991 
357 	 0.010052 	 0.042999 
358 	 0.018525 	 0.084413 
359 	 0.040208 	 0.179290 
360 	 0.013262 	 0.070102 
361 	 0.016683 	 0.059279 
362 	 0.003579 	 0.010004 
363 	 0.018104 	 0.055940 
364 	 0.003210 	 0.013976 
365 	 0.001000 	 0.001575 
366 	 0.007894 	 0.014446 
367 	 0.002474 	 0.002781 
368 	 0.004579 	 0.008002 
369 	 0.006579 	 0.011463 
370 	 0.001105 	 0.000667 
371 	 0.002368 	 0.002554 
372 	 0.002000 	 0.001823 
373 	 0.006842 	 0.008616 
374 	 0.001210 	 0.001660 
375 	 0.001895 	 0.003230 
376 	 0.001684 	 0.002606 
377 	 0.002684 	 0.003196 
378 	 0.006158 	 0.007700 
379 	 0.023104 	 0.027414 
380 	 0.002474 	 0.002930 
381 	 0.011263 	 0.013384 
382 	 0.012684 	 0.016998 
383 	 0.004316 	 0.007353 
384 	 0.021473 	 0.032381 
385 	 0.008315 	 0.011421 
386 	 0.012789 	 0.018879 
387 	 0.005368 	 0.016496 
388 	 0.006158 	 0.015470 
389 	 0.008947 	 0.034766 
390 	 0.004789 	 0.006875 
391 	 0.000842 	 0.000911 
392 	 0.001842 	 0.001525 
393 	 0.003947 	 0.005836 
394 	 0.013210 	 0.020922 
395 	 0.004263 	 0.002906 
396 	 0.003263 	 0.003507 
397 	 0.012052 	 0.014626 
398 	 0.004316 	 0.007182 
399 	 0.005105 	 0.010309 
400 	 0.001210 	 0.001287 
401 	 0.005210 	 0.005491 
402 	 0.012736 	 0.013742 
403 	 0.002210 	 0.001824 
404 	 0.002368 	 0.001758 
405 	 0.001579 	 0.001294 
406 	 0.000263 	 0.000235 
407 	 0.000947 	 0.000779 
408 	 0.007473 	 0.008162 
409 	 0.005894 	 0.008362 
410 	 0.001474 	 0.004142 
411 	 0.005684 	 0.011721 
412 	 0.004421 	 0.006575 
413 	 0.007894 	 0.015277 
414 	 0.001210 	 0.001662 
415 	 0.004579 	 0.007399 
416 	 0.003000 	 0.004559 
417 	 0.002421 	 0.004569 
418 	 0.014789 	 0.027988 
419 	 0.001053 	 0.003746 
420 	 0.000789 	 0.003707 
421 	 0.001631 	 0.006553 
422 	 0.002895 	 0.012121 
423 	 0.003210 	 0.005110 
424 	 0.009052 	 0.018852 
425 	 0.005052 	 0.007939 
426 	 0.006105 	 0.012436 
427 	 0.009000 	 0.020352 
428 	 0.000368 	 0.001356 
429 	 0.001684 	 0.004271 
430 	 0.003947 	 0.003615 
431 	 0.006789 	 0.008817 
432 	 0.005684 	 0.014714 
433 	 0.014157 	 0.019086 
