### Datafile rebinned by Will It Rebin...? 
### Original datafile = Vektors_Computer/Special/ILL and ESRF 091816/ESRF SAXS Data/DeltaH4H5_DMPC/AverageData_subtracted.txt
### Number of datapoints = 96
   5.2736640000e-03   4.8475653788e-03   1.1827391178e-03   0.0
   5.7453300000e-03   7.7828818433e-03   1.0145802378e-03   0.0
   6.2169970000e-03   1.0220624583e-02   8.8362518519e-04   0.0
   6.6886640000e-03   1.1710774710e-02   7.7185648994e-04   0.0
   7.1603310000e-03   1.2220562319e-02   6.8965835303e-04   0.0
   7.6319970000e-03   1.2721341704e-02   6.2482671613e-04   0.0
   8.1036640000e-03   1.2702630498e-02   5.7267009283e-04   0.0
   8.5753310000e-03   1.2808071583e-02   5.2463528490e-04   0.0
   9.0469980000e-03   1.2755359472e-02   4.8440006767e-04   0.0
   9.5186640000e-03   1.2851811443e-02   4.5270936351e-04   0.0
   9.9903310000e-03   1.2804784981e-02   4.2413187168e-04   0.0
   1.0462000000e-02   1.3079848361e-02   3.9750808417e-04   0.0
   1.0933660000e-02   1.3066628317e-02   3.7439356113e-04   0.0
   1.1405330000e-02   1.2786608895e-02   3.5403721236e-04   0.0
   1.1877000000e-02   1.2913757856e-02   3.3633921470e-04   0.0
   1.2348660000e-02   1.3119589887e-02   3.2041055076e-04   0.0
   1.2820330000e-02   1.3224920913e-02   3.0606191666e-04   0.0
   1.3527835000e-02   1.3005582895e-02   2.0302525178e-04   0.0
   1.4471165000e-02   1.2911689100e-02   1.8705156169e-04   0.0
   1.5414500000e-02   1.2841507492e-02   1.7400776042e-04   0.0
   1.6357835000e-02   1.2818191558e-02   1.6277305461e-04   0.0
   1.7301165000e-02   1.2618583554e-02   1.5316179565e-04   0.0
   1.8244500000e-02   1.2502658113e-02   1.4474275868e-04   0.0
   1.9187835000e-02   1.2376877895e-02   1.3746626286e-04   0.0
   2.0131165000e-02   1.2135836189e-02   1.3115233126e-04   0.0
   2.1074500000e-02   1.1926627984e-02   1.2531852231e-04   0.0
   2.2017835000e-02   1.1764770715e-02   1.2029977962e-04   0.0
   2.2961165000e-02   1.1636846420e-02   1.1566983790e-04   0.0
   2.4140333333e-02   1.1293540997e-02   9.0195816280e-05   0.0
   2.5555333333e-02   1.0969530999e-02   8.5654346221e-05   0.0
   2.6970333333e-02   1.0654418323e-02   8.1758469314e-05   0.0
   2.8385333333e-02   1.0303349794e-02   7.8362732053e-05   0.0
   2.9800333333e-02   9.9608995420e-03   7.5326641178e-05   0.0
   3.1215333333e-02   9.6501370567e-03   7.2604003823e-05   0.0
   3.2630333333e-02   9.2805509655e-03   7.0154872395e-05   0.0
   3.4281167500e-02   8.8448766049e-03   6.0702780975e-05   0.0
   3.6167835000e-02   8.3611404904e-03   6.3165487833e-05   0.0
   3.8054502500e-02   7.8581844832e-03   6.4341985319e-05   0.0
   3.9941170000e-02   7.4478679153e-03   6.8131935354e-05   0.0
   4.1827837500e-02   6.8472634496e-03   7.2246667040e-05   0.0
   4.3714502500e-02   6.4161642367e-03   7.5933596824e-05   0.0
   4.5837004000e-02   5.8521340851e-03   6.8383909831e-05   0.0
   4.8195336000e-02   5.3309820037e-03   6.3385556790e-05   0.0
   5.0553670000e-02   4.8471042539e-03   6.0967599525e-05   0.0
   5.2912004000e-02   4.2166133250e-03   5.8541569495e-05   0.0
   5.5506170000e-02   3.6913825158e-03   5.1138464770e-05   0.0
   5.8336171667e-02   3.1567548363e-03   4.9498054036e-05   0.0
   6.1166173333e-02   2.6324667636e-03   4.8394196097e-05   0.0
   6.3996173333e-02   2.1406134617e-03   4.7345474126e-05   0.0
   6.7062007143e-02   1.7374686942e-03   4.2895467505e-05   0.0
   7.0363672857e-02   1.2878586625e-03   4.1951432930e-05   0.0
   7.3665340000e-02   1.0127006482e-03   4.1084669037e-05   0.0
   7.6967007143e-02   7.3313496203e-04   4.0313024546e-05   0.0
   8.0504508750e-02   4.9380829022e-04   3.6995799274e-05   0.0
   8.4277843750e-02   3.6830818822e-04   3.6286474229e-05   0.0
   8.8051176250e-02   2.8349760219e-04   3.5634007091e-05   0.0
   9.2060343333e-02   2.6044118840e-04   3.3016025078e-05   0.0
   9.6305343333e-02   3.0269766528e-04   3.2456682428e-05   0.0
   1.0078617300e-01   3.3977418687e-04   3.0261154226e-05   0.0
   1.0550283000e-01   4.5898959773e-04   2.9761698073e-05   0.0
   1.1021950000e-01   6.3137197108e-04   2.9303129233e-05   0.0
   1.1517200000e-01   7.5802099719e-04   2.7495760346e-05   0.0
   1.2036033636e-01   9.2795387960e-04   2.8549868532e-05   0.0
   1.2578450000e-01   1.0532664114e-03   2.8992482811e-05   0.0
   1.3144450000e-01   1.1685574568e-03   2.6110631492e-05   0.0
   1.3734036923e-01   1.2601286912e-03   2.4345273066e-05   0.0
   1.4347203077e-01   1.2872566533e-03   2.3807128524e-05   0.0
   1.4983953571e-01   1.3193437977e-03   2.2761856394e-05   0.0
   1.5644286429e-01   1.2749419394e-03   2.3025319087e-05   0.0
   1.6328203333e-01   1.1980155103e-03   2.1078469361e-05   0.0
   1.7059286875e-01   1.1114710872e-03   1.9926742069e-05   0.0
   1.7813953125e-01   1.0129335295e-03   1.9476007208e-05   0.0
   1.8592203529e-01   8.8153818722e-04   1.8472715620e-05   0.0
   1.9417620000e-01   7.6642174979e-04   1.7498891082e-05   0.0
   2.0266620000e-01   6.6800995863e-04   1.8525658810e-05   0.0
   2.1139203158e-01   5.6368230013e-04   1.7026219713e-05   0.0
   2.2058953500e-01   4.7904237465e-04   1.5943400288e-05   0.0
   2.3025870000e-01   3.9760309234e-04   1.5155235884e-05   0.0
   2.4039953182e-01   3.2406589286e-04   1.4447265625e-05   0.0
   2.5101203478e-01   2.7516123012e-04   1.3776727018e-05   0.0
   2.6186036522e-01   2.3659165437e-04   1.3492042505e-05   0.0
   2.7294453333e-01   2.0125582774e-04   1.2929004188e-05   0.0
   2.8450036800e-01   1.8644190297e-04   1.3137983450e-05   0.0
   2.9652786538e-01   1.7632843349e-04   1.2194792186e-05   0.0
   3.0926286786e-01   1.6390938050e-04   1.1413429791e-05   0.0
   3.2270536552e-01   1.5082890172e-04   1.0925071886e-05   0.0
   3.3661953333e-01   1.3134587407e-04   1.0732888588e-05   0.0
   3.5100537742e-01   1.0969468114e-04   1.1322903483e-05   0.0
   3.6586290000e-01   9.7420950030e-05   1.2633388109e-05   0.0
   3.8142790000e-01   9.8168499125e-05   1.4108720942e-05   0.0
   3.9770040000e-01   1.0062234182e-04   1.5391898690e-05   0.0
   4.1444456667e-01   1.0504525310e-04   1.7092350415e-05   0.0
   4.3189623421e-01   9.9693457509e-05   1.9351488474e-05   0.0
   4.5005540000e-01   8.2497275306e-05   2.2421909619e-05   0.0
   4.6892206585e-01   8.0258854171e-05   2.9714127299e-05   0.0
   4.8660956765e-01   8.5006990602e-05   9.8943525073e-05   0.0
