### Datafile rebinned by Will It Rebin...? 
### Original datafile = Vektors_Computer/Special/ILL and ESRF 091816/ESRF SAXS Data/DeltaH5_DMPC/AverageData_subtracted.txt
### Number of datapoints = 96
   5.2736640000e-03   2.4560474791e-02   1.1453315411e-03   0.0
   5.7453300000e-03   2.4618623426e-02   9.8537977684e-04   0.0
   6.2169970000e-03   2.4630419895e-02   8.6104894640e-04   0.0
   6.6886640000e-03   2.4262696661e-02   7.5460845096e-04   0.0
   7.1603310000e-03   2.4269422083e-02   6.7652058964e-04   0.0
   7.6319970000e-03   2.4167163538e-02   6.1448011514e-04   0.0
   8.1036640000e-03   2.3978817707e-02   5.6421111288e-04   0.0
   8.5753310000e-03   2.4038755921e-02   5.1790210050e-04   0.0
   9.0469980000e-03   2.4038120522e-02   4.7936599800e-04   0.0
   9.5186640000e-03   2.3802107809e-02   4.4857492242e-04   0.0
   9.9903310000e-03   2.3943128814e-02   4.2104450049e-04   0.0
   1.0462000000e-02   2.3479443761e-02   3.9497161645e-04   0.0
   1.0933660000e-02   2.3613741293e-02   3.7278303436e-04   0.0
   1.1405330000e-02   2.3535876266e-02   3.5309102126e-04   0.0
   1.1877000000e-02   2.3404748307e-02   3.3579539508e-04   0.0
   1.2348660000e-02   2.3520922365e-02   3.2038657289e-04   0.0
   1.2820330000e-02   2.3230017528e-02   3.0640478390e-04   0.0
   1.3527835000e-02   2.2726243885e-02   2.0374740007e-04   0.0
   1.4471165000e-02   2.2744432105e-02   1.8845122633e-04   0.0
   1.5414500000e-02   2.2457743486e-02   1.7564275693e-04   0.0
   1.6357835000e-02   2.1967649170e-02   1.6459281600e-04   0.0
   1.7301165000e-02   2.1797749870e-02   1.5523307387e-04   0.0
   1.8244500000e-02   2.1294071043e-02   1.4690558806e-04   0.0
   1.9187835000e-02   2.1030352944e-02   1.3978347854e-04   0.0
   2.0131165000e-02   2.0544951298e-02   1.3354227314e-04   0.0
   2.1074500000e-02   2.0208808010e-02   1.2778368894e-04   0.0
   2.2017835000e-02   1.9770537925e-02   1.2270559792e-04   0.0
   2.2961165000e-02   1.9362272996e-02   1.1802799660e-04   0.0
   2.4140333333e-02   1.8636444151e-02   9.2026860377e-05   0.0
   2.5555333333e-02   1.8044160727e-02   8.7461110569e-05   0.0
   2.6970333333e-02   1.7321443740e-02   8.3439806954e-05   0.0
   2.8385333333e-02   1.6586193814e-02   7.9894366529e-05   0.0
   2.9800333333e-02   1.5826770172e-02   7.6775319932e-05   0.0
   3.1215333333e-02   1.5053827981e-02   7.3866417481e-05   0.0
   3.2630333333e-02   1.4341606453e-02   7.1272792450e-05   0.0
   3.4281167500e-02   1.3506537828e-02   6.1566641018e-05   0.0
   3.6167835000e-02   1.2526106015e-02   6.3924259297e-05   0.0
   3.8054502500e-02   1.1527634969e-02   6.4949871375e-05   0.0
   3.9941170000e-02   1.0584264541e-02   6.8585102188e-05   0.0
   4.1827837500e-02   9.5714275072e-03   7.2531882682e-05   0.0
   4.3714502500e-02   8.6357663647e-03   7.5983122658e-05   0.0
   4.5837004000e-02   7.6741310221e-03   6.8219505228e-05   0.0
   4.8195336000e-02   6.6753537989e-03   6.3030781367e-05   0.0
   5.0553670000e-02   5.7564489826e-03   6.0447641058e-05   0.0
   5.2912004000e-02   4.8598652782e-03   5.7916135498e-05   0.0
   5.5506170000e-02   3.9827620270e-03   5.0425245667e-05   0.0
   5.8336171667e-02   3.1594565536e-03   4.8749874336e-05   0.0
   6.1166173333e-02   2.4776944290e-03   4.7578225255e-05   0.0
   6.3996173333e-02   1.8813374317e-03   4.6514939238e-05   0.0
   6.7062007143e-02   1.3666635267e-03   4.2098041830e-05   0.0
   7.0363672857e-02   9.7155447856e-04   4.1200116162e-05   0.0
   7.3665340000e-02   6.9119562286e-04   4.0413945862e-05   0.0
   7.6967007143e-02   5.5548317766e-04   3.9705028292e-05   0.0
   8.0504508750e-02   5.3358081022e-04   3.6534983266e-05   0.0
   8.4277843750e-02   5.8410111816e-04   3.5937095562e-05   0.0
   8.8051176250e-02   7.4482245166e-04   3.5407972492e-05   0.0
   9.2060343333e-02   9.5950041390e-04   3.2899987225e-05   0.0
   9.6305343333e-02   1.2069469970e-03   3.2440939563e-05   0.0
   1.0078617300e-01   1.4921391672e-03   3.0328329275e-05   0.0
   1.0550283000e-01   1.7899436013e-03   2.9899131087e-05   0.0
   1.1021950000e-01   2.0231112477e-03   2.9472925691e-05   0.0
   1.1517200000e-01   2.1840562809e-03   2.7660436861e-05   0.0
   1.2036033636e-01   2.3125341064e-03   2.8718496618e-05   0.0
   1.2578450000e-01   2.3782744104e-03   2.9143449333e-05   0.0
   1.3144450000e-01   2.3547748905e-03   2.6202633717e-05   0.0
   1.3734036923e-01   2.2629149631e-03   2.4395947320e-05   0.0
   1.4347203077e-01   2.1409395072e-03   2.3810234669e-05   0.0
   1.4983953571e-01   2.0168966893e-03   2.2729428368e-05   0.0
   1.5644286429e-01   1.8776800499e-03   2.2962306346e-05   0.0
   1.6328203333e-01   1.7360333164e-03   2.1014441635e-05   0.0
   1.7059286875e-01   1.6109475550e-03   1.9851675732e-05   0.0
   1.7813953125e-01   1.4802047174e-03   1.9401429104e-05   0.0
   1.8592203529e-01   1.3433621573e-03   1.8404776299e-05   0.0
   1.9417620000e-01   1.2100525605e-03   1.7429661119e-05   0.0
   2.0266620000e-01   1.0218642121e-03   1.8436349695e-05   0.0
   2.1139203158e-01   8.3336584738e-04   1.6925750978e-05   0.0
   2.2058953500e-01   6.4647800091e-04   1.5836307284e-05   0.0
   2.3025870000e-01   4.7609931542e-04   1.5030334107e-05   0.0
   2.4039953182e-01   3.5107777348e-04   1.4320235412e-05   0.0
   2.5101203478e-01   2.7804254621e-04   1.3654082311e-05   0.0
   2.6186036522e-01   2.5316438752e-04   1.3373281299e-05   0.0
   2.7294453333e-01   2.5457396080e-04   1.2817604231e-05   0.0
   2.8450036800e-01   2.5028468113e-04   1.3030096493e-05   0.0
   2.9652786538e-01   2.2944176467e-04   1.2095841991e-05   0.0
   3.0926286786e-01   2.0242220040e-04   1.1317236931e-05   0.0
   3.2270536552e-01   1.7743883323e-04   1.0831917777e-05   0.0
   3.3661953333e-01   1.5578811941e-04   1.0640334888e-05   0.0
   3.5100537742e-01   1.4446227876e-04   1.1227243295e-05   0.0
   3.6586290000e-01   1.3282481516e-04   1.2525098084e-05   0.0
   3.8142790000e-01   1.3928125144e-04   1.3987515251e-05   0.0
   3.9770040000e-01   1.3225591135e-04   1.5261741701e-05   0.0
   4.1444456667e-01   1.2116754283e-04   1.6947129986e-05   0.0
   4.3189623421e-01   1.2750454977e-04   1.9185103239e-05   0.0
   4.5005540000e-01   1.3301314755e-04   2.2236252095e-05   0.0
   4.6892206585e-01   1.5906859592e-04   2.9472688153e-05   0.0
   4.8660956765e-01   1.0951912618e-04   9.8045211491e-05   0.0
