### Datafile rebinned by Will It Rebin...? 
### Original datafile = Vektors_Computer/Special/ILL and ESRF 091816/ILL SANS Data/LA_6_DeltaH5_DMPC_29N/Plots/AverageData_subtracted.txt
### Number of datapoints = 47
   8.6951200000e-03   1.4267853333e-01   1.7329274448e-02   0.0
   1.0394600000e-02   1.4125912644e-01   1.0113320776e-02   0.0
   1.1861900000e-02   1.4200189655e-01   8.0345127209e-03   0.0
   1.3322100000e-02   1.3678638506e-01   6.9443382542e-03   0.0
   1.4816000000e-02   1.3528590345e-01   6.4804277439e-03   0.0
   1.6335300000e-02   1.3182350345e-01   5.9500727775e-03   0.0
   1.7859300000e-02   1.3360737586e-01   5.6812241885e-03   0.0
   1.9341400000e-02   1.3066553103e-01   5.5119258864e-03   0.0
   2.0812500000e-02   1.2748615058e-01   5.2312069077e-03   0.0
   2.2325300000e-02   1.2454621839e-01   4.9247333955e-03   0.0
   2.3844100000e-02   1.2532387012e-01   4.7457283787e-03   0.0
   2.5360400000e-02   1.1980091264e-01   4.5616417145e-03   0.0
   2.6840500000e-02   1.1860016897e-01   4.5136158731e-03   0.0
   2.8305200000e-02   1.1745555287e-01   4.3307624736e-03   0.0
   2.9819300000e-02   1.1331715862e-01   4.1075175127e-03   0.0
   3.1320300000e-02   1.1074190805e-01   4.1251818793e-03   0.0
   3.2820800000e-02   1.0712644483e-01   3.9295722510e-03   0.0
   3.5077750000e-02   1.0189745805e-01   2.6734727943e-03   0.0
   3.8071200000e-02   9.8788375862e-02   2.5942671481e-03   0.0
   4.1055700000e-02   9.1809254023e-02   2.5141115906e-03   0.0
   4.4086100000e-02   8.6622989080e-02   2.5409122438e-03   0.0
   4.7050050000e-02   8.0569522414e-02   2.5242168602e-03   0.0
   5.0065300000e-02   7.5360698563e-02   2.4583734935e-03   0.0
   5.3055700000e-02   6.8510532184e-02   2.4395211143e-03   0.0
   5.6038350000e-02   6.2245692816e-02   2.3694505053e-03   0.0
   5.9031900000e-02   5.7556503161e-02   2.3476520488e-03   0.0
   6.2041150000e-02   5.3182176149e-02   2.2789146948e-03   0.0
   6.5010050000e-02   4.8482830172e-02   2.2715470399e-03   0.0
   6.8779566667e-02   4.2119415709e-02   1.7772745667e-03   0.0
   7.3269900000e-02   3.6171052107e-02   1.7541322508e-03   0.0
   7.7761300000e-02   3.0154306705e-02   1.6985081700e-03   0.0
   8.2288866667e-02   2.5410901341e-02   1.6749789221e-03   0.0
   8.6769200000e-02   2.2209036973e-02   1.6242262852e-03   0.0
   9.1269800000e-02   1.6603800192e-02   1.6294146904e-03   0.0
   9.5735466667e-02   1.4088285441e-02   1.8100754501e-03   0.0
   1.0099760000e-01   1.0981924425e-02   1.7199729215e-03   0.0
   1.0698400000e-01   7.0482788793e-03   1.7651428238e-03   0.0
   1.1298775000e-01   6.4509393678e-03   1.7970373636e-03   0.0
   1.1895725000e-01   3.8870557471e-03   1.7966537151e-03   0.0
   1.2496600000e-01   4.7615840517e-03   1.8118538059e-03   0.0
   1.3093175000e-01   4.0038622126e-03   1.8230659196e-03   0.0
   1.3766300000e-01   3.1084550575e-03   1.6418044497e-03   0.0
   1.4513720000e-01   3.5269663218e-03   1.6510957344e-03   0.0
   1.5261060000e-01   2.9077321839e-03   1.9485810495e-03   0.0
   1.6008840000e-01   1.1564585057e-03   2.6428924070e-03   0.0
   1.6831616667e-01   3.8090584291e-04   3.9151057856e-03   0.0
   1.7418650000e-01   1.3351606839e-02   1.9490131325e-02   0.0
