### Datafile rebinned by Will It Rebin...? 
### Original datafile = Vektors_Computer/Special/ILL and ESRF 091816/ILL SANS Data/LA_5_DeltaH4H5_DMPC_29_N/Plots/AverageData_subtracted.txt
### Number of datapoints = 47
   8.6951200000e-03   6.8469917687e-02   1.7172100969e-02   0.0
   1.0382000000e-02   8.9206826531e-02   9.2135173269e-03   0.0
   1.1860900000e-02   9.1576319728e-02   7.7463174726e-03   0.0
   1.3322100000e-02   8.2803960544e-02   6.7241443368e-03   0.0
   1.4816000000e-02   8.5587739116e-02   6.3026017336e-03   0.0
   1.6335300000e-02   8.0090768707e-02   5.7601097307e-03   0.0
   1.7859300000e-02   8.2410769388e-02   5.5190571719e-03   0.0
   1.9341400000e-02   7.6642536054e-02   5.3377119194e-03   0.0
   2.0812500000e-02   7.7662091156e-02   5.0518339600e-03   0.0
   2.2325300000e-02   8.2396755102e-02   4.7911998410e-03   0.0
   2.3844100000e-02   7.6712203401e-02   4.6051137786e-03   0.0
   2.5360400000e-02   7.6210906803e-02   4.4477318897e-03   0.0
   2.6840500000e-02   7.3949739796e-02   4.3606499017e-03   0.0
   2.8305200000e-02   7.4194196939e-02   4.2084729937e-03   0.0
   2.9819300000e-02   7.6842456803e-02   3.9891175162e-03   0.0
   3.1320300000e-02   7.0279119388e-02   3.9751404308e-03   0.0
   3.2820800000e-02   7.2229179592e-02   3.8154114456e-03   0.0
   3.5077750000e-02   6.8607026531e-02   2.6063422504e-03   0.0
   3.8071200000e-02   6.4181246769e-02   2.5243567493e-03   0.0
   4.1055700000e-02   6.2710984694e-02   2.4574307620e-03   0.0
   4.4086100000e-02   5.9100680612e-02   2.4811038707e-03   0.0
   4.7050050000e-02   5.5802070408e-02   2.4624289715e-03   0.0
   5.0065300000e-02   5.2823522279e-02   2.4046891777e-03   0.0
   5.3055700000e-02   4.8249097619e-02   2.3897947758e-03   0.0
   5.6038350000e-02   4.6480919048e-02   2.3324840279e-03   0.0
   5.9031900000e-02   4.4342311395e-02   2.3127959163e-03   0.0
   6.2041150000e-02   3.9693332483e-02   2.2395759714e-03   0.0
   6.5010050000e-02   3.8116178571e-02   2.2420251574e-03   0.0
   6.8779566667e-02   3.4837775624e-02   1.7563798543e-03   0.0
   7.3269900000e-02   3.1101924830e-02   1.7312777747e-03   0.0
   7.7761300000e-02   2.6899050680e-02   1.6821346680e-03   0.0
   8.2288866667e-02   2.2742521655e-02   1.6612437953e-03   0.0
   8.6769200000e-02   2.1225141497e-02   1.6107383471e-03   0.0
   9.1269800000e-02   1.8283580612e-02   1.6142460398e-03   0.0
   9.5735466667e-02   1.5003936395e-02   1.8000678778e-03   0.0
   1.0099760000e-01   1.2937528827e-02   1.7048337553e-03   0.0
   1.0698400000e-01   1.0772413265e-02   1.7505061820e-03   0.0
   1.1298775000e-01   9.0811497449e-03   1.7858016255e-03   0.0
   1.1895725000e-01   6.8431588435e-03   1.7867924493e-03   0.0
   1.2496600000e-01   5.7827817177e-03   1.7986681340e-03   0.0
   1.3093175000e-01   4.7046204082e-03   1.8091119469e-03   0.0
   1.3766300000e-01   4.7865989116e-03   1.6265940027e-03   0.0
   1.4513720000e-01   3.2657068027e-03   1.6408427351e-03   0.0
   1.5261060000e-01   1.7368493878e-03   1.9348307285e-03   0.0
   1.6008840000e-01   1.8741353742e-03   2.6193320349e-03   0.0
   1.6831616667e-01   4.4590780045e-03   3.9125048419e-03   0.0
   1.7418650000e-01   3.2321913605e-03   1.9774042273e-02   0.0
