#Resi 	 LCD_contacts 	 LCD_contacts_rew 
1 	 0.101258 	 0.077298 
2 	 0.039419 	 0.031058 
3 	 0.078733 	 0.062850 
4 	 0.077206 	 0.062965 
5 	 0.118099 	 0.093949 
6 	 0.138098 	 0.109032 
7 	 0.112310 	 0.084694 
8 	 0.112363 	 0.085245 
9 	 0.104679 	 0.078203 
10 	 0.122362 	 0.092978 
11 	 0.032998 	 0.023442 
12 	 0.063891 	 0.047036 
13 	 0.033209 	 0.025149 
14 	 0.057997 	 0.042602 
15 	 0.066312 	 0.048952 
16 	 0.064365 	 0.047002 
17 	 0.139361 	 0.102534 
18 	 0.055102 	 0.042442 
19 	 0.080469 	 0.063307 
20 	 0.069681 	 0.053901 
21 	 0.082364 	 0.061392 
22 	 0.120730 	 0.091267 
23 	 0.104205 	 0.076647 
24 	 0.132782 	 0.098774 
25 	 0.050682 	 0.038340 
26 	 0.064944 	 0.051211 
27 	 0.040419 	 0.028870 
28 	 0.034051 	 0.024412 
29 	 0.031472 	 0.023875 
30 	 0.041472 	 0.032868 
31 	 0.019420 	 0.015933 
32 	 0.054576 	 0.041927 
33 	 0.032314 	 0.025994 
34 	 0.030314 	 0.023310 
35 	 0.019104 	 0.015485 
36 	 0.028262 	 0.022287 
37 	 0.025788 	 0.020219 
38 	 0.030893 	 0.024011 
39 	 0.037472 	 0.027937 
40 	 0.032630 	 0.025325 
41 	 0.028683 	 0.023067 
42 	 0.044787 	 0.035911 
43 	 0.027367 	 0.022115 
44 	 0.025525 	 0.020468 
45 	 0.009789 	 0.008178 
46 	 0.003316 	 0.003321 
47 	 0.025841 	 0.023361 
48 	 0.000105 	 0.000100 
49 	 0.013631 	 0.012449 
50 	 0.005894 	 0.006058 
51 	 0.087995 	 0.076428 
52 	 0.059997 	 0.052624 
53 	 0.183201 	 0.155607 
54 	 0.014315 	 0.012377 
55 	 0.073154 	 0.064286 
56 	 0.028367 	 0.024425 
57 	 0.115783 	 0.097843 
58 	 0.021209 	 0.017046 
59 	 0.029051 	 0.024803 
60 	 0.000000 	 0.000000 
61 	 0.037209 	 0.031882 
62 	 0.002684 	 0.002213 
63 	 0.053734 	 0.043658 
64 	 0.019420 	 0.016381 
65 	 0.000895 	 0.000717 
66 	 0.000684 	 0.000589 
67 	 0.030419 	 0.025915 
68 	 0.016894 	 0.014634 
69 	 0.000000 	 0.000000 
70 	 0.002210 	 0.002054 
71 	 0.008631 	 0.007636 
72 	 0.000947 	 0.000855 
73 	 0.000211 	 0.000176 
74 	 0.002737 	 0.002511 
75 	 0.074680 	 0.063851 
76 	 0.116889 	 0.104534 
77 	 0.071259 	 0.064444 
78 	 0.019473 	 0.017825 
79 	 0.080680 	 0.073697 
80 	 0.006210 	 0.005801 
81 	 0.082680 	 0.076036 
82 	 0.092206 	 0.084007 
83 	 0.025472 	 0.025214 
84 	 0.009157 	 0.007997 
85 	 0.007736 	 0.006255 
86 	 0.000842 	 0.000783 
87 	 0.006000 	 0.004979 
88 	 0.001631 	 0.001380 
89 	 0.032893 	 0.026011 
90 	 0.024157 	 0.020925 
91 	 0.020788 	 0.017444 
92 	 0.032472 	 0.028107 
93 	 0.002579 	 0.002072 
94 	 0.023736 	 0.019987 
95 	 0.002421 	 0.002012 
96 	 0.022262 	 0.018045 
97 	 0.001263 	 0.001118 
98 	 0.019894 	 0.017454 
99 	 0.040735 	 0.034396 
100 	 0.036840 	 0.027165 
101 	 0.025999 	 0.021365 
102 	 0.000263 	 0.000187 
103 	 0.076364 	 0.065533 
104 	 0.032735 	 0.028107 
105 	 0.028841 	 0.023152 
106 	 0.021841 	 0.017825 
107 	 0.030419 	 0.023897 
108 	 0.006684 	 0.005353 
109 	 0.030788 	 0.025789 
110 	 0.000368 	 0.000351 
111 	 0.021052 	 0.018794 
112 	 0.000263 	 0.000231 
113 	 0.036367 	 0.029242 
114 	 0.045629 	 0.042123 
115 	 0.035735 	 0.032540 
116 	 0.062734 	 0.054376 
117 	 0.114889 	 0.098289 
