#Resi 	 LCD_contacts 	 LCD_contacts_rew 
1 	 0.034735 	 0.063329 
2 	 0.007894 	 0.016326 
3 	 0.018999 	 0.040344 
4 	 0.012736 	 0.017998 
5 	 0.022578 	 0.033148 
6 	 0.038103 	 0.046657 
7 	 0.022578 	 0.038942 
8 	 0.035314 	 0.049702 
9 	 0.024209 	 0.044959 
10 	 0.024893 	 0.037420 
11 	 0.004421 	 0.009325 
12 	 0.010263 	 0.024761 
13 	 0.003947 	 0.010796 
14 	 0.008473 	 0.021163 
15 	 0.012315 	 0.046957 
16 	 0.013947 	 0.042753 
17 	 0.034735 	 0.106107 
18 	 0.014736 	 0.058068 
19 	 0.022367 	 0.064264 
20 	 0.020262 	 0.089222 
21 	 0.019631 	 0.081832 
22 	 0.026472 	 0.074253 
23 	 0.011368 	 0.039757 
24 	 0.028104 	 0.143140 
25 	 0.007315 	 0.028229 
26 	 0.011263 	 0.038153 
27 	 0.003947 	 0.006796 
28 	 0.002947 	 0.005449 
29 	 0.012947 	 0.037985 
30 	 0.007789 	 0.015066 
31 	 0.004579 	 0.015951 
32 	 0.020525 	 0.076492 
33 	 0.020157 	 0.078443 
34 	 0.009157 	 0.022673 
35 	 0.009315 	 0.016638 
36 	 0.018736 	 0.032917 
37 	 0.011947 	 0.025398 
38 	 0.011947 	 0.021250 
39 	 0.009368 	 0.025082 
40 	 0.011263 	 0.023157 
41 	 0.007000 	 0.018505 
42 	 0.010578 	 0.025657 
43 	 0.013157 	 0.030787 
44 	 0.020367 	 0.035803 
45 	 0.001000 	 0.002294 
46 	 0.000474 	 0.001046 
47 	 0.009421 	 0.012991 
48 	 0.000421 	 0.000543 
49 	 0.006947 	 0.006319 
50 	 0.000526 	 0.000549 
51 	 0.012894 	 0.008429 
52 	 0.006947 	 0.004729 
53 	 0.050997 	 0.047470 
54 	 0.004684 	 0.005933 
55 	 0.031472 	 0.031368 
56 	 0.012315 	 0.010886 
57 	 0.042787 	 0.058507 
58 	 0.017525 	 0.025550 
59 	 0.005737 	 0.010358 
60 	 0.005737 	 0.010520 
61 	 0.038051 	 0.095238 
62 	 0.005000 	 0.010493 
63 	 0.061734 	 0.122920 
64 	 0.013210 	 0.022832 
65 	 0.000105 	 0.000352 
66 	 0.000105 	 0.000134 
67 	 0.016104 	 0.021420 
68 	 0.024999 	 0.045555 
69 	 0.001000 	 0.001791 
70 	 0.001895 	 0.001835 
71 	 0.006842 	 0.009649 
72 	 0.002526 	 0.006357 
73 	 0.000421 	 0.000679 
74 	 0.000211 	 0.000218 
75 	 0.010473 	 0.020437 
76 	 0.025578 	 0.034826 
77 	 0.012841 	 0.013485 
78 	 0.001474 	 0.001463 
79 	 0.009263 	 0.012052 
80 	 0.003526 	 0.003513 
81 	 0.014841 	 0.017753 
82 	 0.018578 	 0.019540 
83 	 0.000526 	 0.000502 
84 	 0.000684 	 0.000466 
85 	 0.002000 	 0.001759 
86 	 0.000000 	 0.000000 
87 	 0.001368 	 0.001310 
88 	 0.000000 	 0.000000 
89 	 0.000789 	 0.001159 
90 	 0.002000 	 0.002316 
91 	 0.008368 	 0.010279 
92 	 0.016210 	 0.015411 
93 	 0.000105 	 0.000097 
94 	 0.005316 	 0.006392 
95 	 0.000632 	 0.000809 
96 	 0.017368 	 0.022701 
97 	 0.000053 	 0.000033 
98 	 0.017894 	 0.031668 
99 	 0.018473 	 0.030956 
100 	 0.005842 	 0.008530 
101 	 0.000158 	 0.000233 
102 	 0.001000 	 0.001395 
103 	 0.016525 	 0.023143 
104 	 0.000842 	 0.000927 
105 	 0.013894 	 0.018565 
106 	 0.001579 	 0.002250 
107 	 0.003684 	 0.004899 
108 	 0.000211 	 0.000685 
109 	 0.004737 	 0.005846 
110 	 0.000368 	 0.000512 
111 	 0.007894 	 0.006183 
112 	 0.002842 	 0.001829 
113 	 0.009157 	 0.005429 
114 	 0.003052 	 0.002580 
115 	 0.003895 	 0.003657 
116 	 0.004210 	 0.003060 
117 	 0.018894 	 0.014957 
