#Resi 	 LCD_contacts 	 LCD_contacts_rew 
1 	 0.036945 	 0.029859 
2 	 0.013157 	 0.011392 
3 	 0.034261 	 0.032025 
4 	 0.028525 	 0.022290 
5 	 0.047050 	 0.040487 
6 	 0.058944 	 0.050189 
7 	 0.041840 	 0.035571 
8 	 0.060471 	 0.045000 
9 	 0.046998 	 0.039405 
10 	 0.054260 	 0.039547 
11 	 0.006526 	 0.005919 
12 	 0.016157 	 0.012380 
13 	 0.006526 	 0.005357 
14 	 0.019841 	 0.016869 
15 	 0.017946 	 0.015312 
16 	 0.016578 	 0.012700 
17 	 0.029630 	 0.021672 
18 	 0.007315 	 0.005304 
19 	 0.016946 	 0.011498 
20 	 0.008157 	 0.005735 
21 	 0.013683 	 0.010837 
22 	 0.019736 	 0.014396 
23 	 0.013736 	 0.011012 
24 	 0.011841 	 0.009805 
25 	 0.004579 	 0.003233 
26 	 0.008000 	 0.005907 
27 	 0.006789 	 0.005159 
28 	 0.006894 	 0.005678 
29 	 0.004684 	 0.003438 
30 	 0.012052 	 0.011426 
31 	 0.004894 	 0.004216 
32 	 0.012999 	 0.010507 
33 	 0.011999 	 0.008811 
34 	 0.014420 	 0.011942 
35 	 0.012841 	 0.009785 
36 	 0.018157 	 0.011434 
37 	 0.012052 	 0.007635 
38 	 0.006368 	 0.005535 
39 	 0.006052 	 0.005602 
40 	 0.008526 	 0.006624 
41 	 0.004631 	 0.003427 
42 	 0.010157 	 0.007062 
43 	 0.005947 	 0.003782 
44 	 0.004789 	 0.003973 
45 	 0.002105 	 0.001092 
46 	 0.000053 	 0.000011 
47 	 0.001579 	 0.001890 
48 	 0.000000 	 0.000000 
49 	 0.001684 	 0.003123 
50 	 0.002842 	 0.001730 
51 	 0.010842 	 0.006711 
52 	 0.000211 	 0.000109 
53 	 0.002895 	 0.001087 
54 	 0.000105 	 0.000043 
55 	 0.002053 	 0.000949 
56 	 0.001316 	 0.002105 
57 	 0.014210 	 0.016986 
58 	 0.006421 	 0.005327 
59 	 0.002368 	 0.002658 
60 	 0.004631 	 0.005799 
61 	 0.000105 	 0.000113 
62 	 0.002631 	 0.002548 
63 	 0.000211 	 0.000378 
64 	 0.000421 	 0.000211 
65 	 0.001737 	 0.000780 
66 	 0.001263 	 0.000605 
67 	 0.003421 	 0.001578 
68 	 0.003210 	 0.004244 
69 	 0.000000 	 0.000000 
70 	 0.002789 	 0.001384 
71 	 0.003263 	 0.001954 
72 	 0.000105 	 0.000122 
73 	 0.000000 	 0.000000 
74 	 0.000053 	 0.000016 
75 	 0.009842 	 0.006634 
76 	 0.019894 	 0.015067 
77 	 0.003684 	 0.002188 
78 	 0.000263 	 0.000239 
79 	 0.008842 	 0.005442 
80 	 0.005316 	 0.003112 
81 	 0.031788 	 0.019596 
82 	 0.036735 	 0.024682 
83 	 0.000421 	 0.000395 
84 	 0.011789 	 0.009529 
85 	 0.001947 	 0.001511 
86 	 0.000684 	 0.000615 
87 	 0.006105 	 0.005919 
88 	 0.001842 	 0.000801 
89 	 0.001421 	 0.000948 
90 	 0.010947 	 0.009125 
91 	 0.016894 	 0.013282 
92 	 0.043314 	 0.035148 
93 	 0.001368 	 0.000749 
94 	 0.011052 	 0.007539 
95 	 0.001368 	 0.000621 
96 	 0.010210 	 0.006380 
97 	 0.000947 	 0.000484 
98 	 0.008578 	 0.007141 
99 	 0.027999 	 0.029047 
100 	 0.011947 	 0.013724 
101 	 0.000368 	 0.000253 
102 	 0.000000 	 0.000000 
103 	 0.009157 	 0.009698 
104 	 0.000053 	 0.000042 
105 	 0.006368 	 0.007052 
106 	 0.004473 	 0.002875 
107 	 0.001789 	 0.001659 
108 	 0.000158 	 0.000076 
109 	 0.001421 	 0.001894 
110 	 0.000105 	 0.000188 
111 	 0.004052 	 0.003839 
112 	 0.000105 	 0.000159 
113 	 0.044577 	 0.034189 
114 	 0.000474 	 0.000251 
115 	 0.013841 	 0.010813 
116 	 0.012368 	 0.010194 
117 	 0.001789 	 0.001062 
