#Resi 	 LCD_contacts 	 LCD_contacts_rew 
1 	 0.038051 	 0.069954 
2 	 0.007894 	 0.016326 
3 	 0.021420 	 0.043260 
4 	 0.014473 	 0.020023 
5 	 0.030788 	 0.045329 
6 	 0.053839 	 0.062835 
7 	 0.030419 	 0.055448 
8 	 0.049945 	 0.069351 
9 	 0.035156 	 0.064886 
10 	 0.034946 	 0.054195 
11 	 0.004421 	 0.009325 
12 	 0.011894 	 0.027595 
13 	 0.003947 	 0.010796 
14 	 0.009578 	 0.024134 
15 	 0.013789 	 0.050730 
16 	 0.015525 	 0.047370 
17 	 0.041050 	 0.126573 
18 	 0.014736 	 0.058068 
19 	 0.025472 	 0.072341 
20 	 0.020262 	 0.089222 
21 	 0.024051 	 0.100008 
22 	 0.029525 	 0.083969 
23 	 0.012526 	 0.041990 
24 	 0.030683 	 0.159543 
25 	 0.008000 	 0.030635 
26 	 0.012368 	 0.041243 
27 	 0.004105 	 0.006972 
28 	 0.003421 	 0.006456 
29 	 0.013736 	 0.039891 
30 	 0.008315 	 0.016165 
31 	 0.004579 	 0.015951 
32 	 0.025578 	 0.096296 
33 	 0.022894 	 0.088017 
34 	 0.009631 	 0.023818 
35 	 0.010684 	 0.019363 
36 	 0.023209 	 0.041550 
37 	 0.013473 	 0.029589 
38 	 0.012631 	 0.022432 
39 	 0.010736 	 0.029674 
40 	 0.013210 	 0.028483 
41 	 0.007631 	 0.019816 
42 	 0.011473 	 0.027659 
43 	 0.014526 	 0.034373 
44 	 0.026841 	 0.047021 
45 	 0.001158 	 0.002413 
46 	 0.000474 	 0.001046 
47 	 0.009789 	 0.013372 
48 	 0.000421 	 0.000543 
49 	 0.007526 	 0.006958 
50 	 0.000526 	 0.000549 
51 	 0.015368 	 0.009953 
52 	 0.006947 	 0.004729 
53 	 0.059944 	 0.057220 
54 	 0.004842 	 0.006096 
55 	 0.035156 	 0.034865 
56 	 0.014841 	 0.012775 
57 	 0.062313 	 0.083150 
58 	 0.023262 	 0.034719 
59 	 0.006684 	 0.011710 
60 	 0.007421 	 0.013815 
61 	 0.047050 	 0.112811 
62 	 0.005421 	 0.011051 
63 	 0.068733 	 0.133992 
64 	 0.013999 	 0.024075 
65 	 0.000105 	 0.000352 
66 	 0.000158 	 0.000199 
67 	 0.020315 	 0.026514 
68 	 0.030262 	 0.054587 
69 	 0.001000 	 0.001791 
70 	 0.002000 	 0.001913 
71 	 0.007842 	 0.010922 
72 	 0.002526 	 0.006357 
73 	 0.000421 	 0.000679 
74 	 0.000211 	 0.000218 
75 	 0.012841 	 0.024825 
76 	 0.029788 	 0.041643 
77 	 0.015210 	 0.015690 
78 	 0.001474 	 0.001463 
79 	 0.012052 	 0.014974 
80 	 0.003947 	 0.003922 
81 	 0.016578 	 0.019182 
82 	 0.019999 	 0.021025 
83 	 0.000684 	 0.000665 
84 	 0.000737 	 0.000518 
85 	 0.002000 	 0.001759 
86 	 0.000000 	 0.000000 
87 	 0.001368 	 0.001310 
88 	 0.000000 	 0.000000 
89 	 0.000842 	 0.001193 
90 	 0.002000 	 0.002316 
91 	 0.009578 	 0.011541 
92 	 0.018683 	 0.018036 
93 	 0.000105 	 0.000097 
94 	 0.006000 	 0.007057 
95 	 0.000632 	 0.000809 
96 	 0.017736 	 0.023512 
97 	 0.000053 	 0.000033 
98 	 0.019210 	 0.034488 
99 	 0.021157 	 0.036064 
100 	 0.006158 	 0.008914 
101 	 0.000158 	 0.000233 
102 	 0.001000 	 0.001395 
103 	 0.019473 	 0.027083 
104 	 0.000842 	 0.000927 
105 	 0.015052 	 0.019953 
106 	 0.001579 	 0.002250 
107 	 0.004158 	 0.005519 
108 	 0.000211 	 0.000685 
109 	 0.004842 	 0.006001 
110 	 0.000368 	 0.000512 
111 	 0.009631 	 0.007313 
112 	 0.002842 	 0.001829 
113 	 0.013315 	 0.007791 
114 	 0.003316 	 0.002799 
115 	 0.003895 	 0.003657 
116 	 0.004210 	 0.003060 
117 	 0.020473 	 0.016145 
