#Resi 	 LCD_contacts 	 LCD_contacts_rew 
1 	 0.073470 	 0.050296 
2 	 0.018683 	 0.013042 
3 	 0.074154 	 0.052821 
4 	 0.056050 	 0.040888 
5 	 0.127572 	 0.092711 
6 	 0.132361 	 0.094314 
7 	 0.089627 	 0.065710 
8 	 0.102942 	 0.074315 
9 	 0.082048 	 0.057155 
10 	 0.119099 	 0.087729 
11 	 0.013841 	 0.009282 
12 	 0.048997 	 0.034713 
13 	 0.024736 	 0.017071 
14 	 0.044208 	 0.030983 
15 	 0.058471 	 0.039552 
16 	 0.047682 	 0.033229 
17 	 0.164255 	 0.118431 
18 	 0.041893 	 0.032880 
19 	 0.086627 	 0.062197 
20 	 0.055260 	 0.042439 
21 	 0.063576 	 0.046573 
22 	 0.129572 	 0.095810 
23 	 0.102310 	 0.082385 
24 	 0.127309 	 0.102399 
25 	 0.047997 	 0.034379 
26 	 0.052418 	 0.036577 
27 	 0.031525 	 0.020256 
28 	 0.015104 	 0.011165 
29 	 0.021473 	 0.016000 
30 	 0.023788 	 0.019193 
31 	 0.009789 	 0.008454 
32 	 0.034367 	 0.024677 
33 	 0.028735 	 0.021600 
34 	 0.025420 	 0.019340 
35 	 0.017315 	 0.013268 
36 	 0.028472 	 0.021207 
37 	 0.018262 	 0.013154 
38 	 0.025104 	 0.019920 
39 	 0.016525 	 0.011364 
40 	 0.043471 	 0.031688 
41 	 0.026683 	 0.019445 
42 	 0.013420 	 0.008721 
43 	 0.014368 	 0.009292 
44 	 0.013631 	 0.009481 
45 	 0.015525 	 0.010072 
46 	 0.001158 	 0.000989 
47 	 0.017894 	 0.013168 
48 	 0.000263 	 0.000168 
49 	 0.009315 	 0.005984 
50 	 0.010421 	 0.007335 
51 	 0.040735 	 0.032403 
52 	 0.007736 	 0.005384 
53 	 0.013262 	 0.010749 
54 	 0.001631 	 0.001289 
55 	 0.027104 	 0.027160 
56 	 0.013999 	 0.010548 
57 	 0.025788 	 0.023183 
58 	 0.054155 	 0.043814 
59 	 0.001737 	 0.001764 
60 	 0.004894 	 0.004561 
61 	 0.000211 	 0.000200 
62 	 0.017683 	 0.015567 
63 	 0.006052 	 0.004563 
64 	 0.002263 	 0.001747 
65 	 0.001263 	 0.000906 
66 	 0.000158 	 0.000102 
67 	 0.008789 	 0.007085 
68 	 0.004579 	 0.004390 
69 	 0.000000 	 0.000000 
70 	 0.000000 	 0.000000 
71 	 0.000895 	 0.000745 
72 	 0.000474 	 0.000600 
73 	 0.000000 	 0.000000 
74 	 0.000053 	 0.000044 
75 	 0.020262 	 0.019875 
76 	 0.039103 	 0.032538 
77 	 0.007894 	 0.005500 
78 	 0.000263 	 0.000189 
79 	 0.008736 	 0.007851 
80 	 0.001368 	 0.000978 
81 	 0.008000 	 0.007684 
82 	 0.014420 	 0.016095 
83 	 0.002053 	 0.002689 
84 	 0.011052 	 0.011928 
85 	 0.003210 	 0.002118 
86 	 0.000421 	 0.000260 
87 	 0.004210 	 0.002378 
88 	 0.000211 	 0.000122 
89 	 0.010368 	 0.006435 
90 	 0.006684 	 0.004490 
91 	 0.014736 	 0.010371 
92 	 0.016683 	 0.012957 
93 	 0.000263 	 0.000214 
94 	 0.004579 	 0.003513 
95 	 0.000158 	 0.000103 
96 	 0.006842 	 0.004553 
97 	 0.001684 	 0.001155 
98 	 0.015841 	 0.011443 
99 	 0.036945 	 0.026912 
100 	 0.020946 	 0.013916 
101 	 0.003842 	 0.002718 
102 	 0.000421 	 0.000238 
103 	 0.029893 	 0.020969 
104 	 0.006000 	 0.003951 
105 	 0.025999 	 0.016133 
106 	 0.025104 	 0.014700 
107 	 0.016578 	 0.011458 
108 	 0.001053 	 0.000752 
109 	 0.011315 	 0.007257 
110 	 0.000211 	 0.000128 
111 	 0.012999 	 0.008023 
112 	 0.000316 	 0.000215 
113 	 0.037314 	 0.026038 
114 	 0.003000 	 0.002461 
115 	 0.017262 	 0.016649 
116 	 0.022736 	 0.018611 
117 	 0.024051 	 0.018976 
