#Resi 	 LCD_contacts 	 LCD_contacts_rew 
1 	 0.060944 	 0.044764 
2 	 0.026051 	 0.020299 
3 	 0.061628 	 0.046581 
4 	 0.055944 	 0.042615 
5 	 0.090101 	 0.067161 
6 	 0.129783 	 0.096176 
7 	 0.080522 	 0.057822 
8 	 0.092995 	 0.071644 
9 	 0.075101 	 0.055897 
10 	 0.097311 	 0.076782 
11 	 0.016841 	 0.012654 
12 	 0.035051 	 0.026868 
13 	 0.016683 	 0.012490 
14 	 0.030209 	 0.021844 
15 	 0.032735 	 0.024142 
16 	 0.032472 	 0.022242 
17 	 0.059260 	 0.040884 
18 	 0.012631 	 0.008304 
19 	 0.051629 	 0.032601 
20 	 0.017894 	 0.012190 
21 	 0.059576 	 0.037563 
22 	 0.078943 	 0.051865 
23 	 0.053102 	 0.035193 
24 	 0.060471 	 0.040980 
25 	 0.034524 	 0.021978 
26 	 0.036261 	 0.022422 
27 	 0.029998 	 0.018332 
28 	 0.031525 	 0.017999 
29 	 0.023683 	 0.015421 
30 	 0.046892 	 0.031476 
31 	 0.029998 	 0.020444 
32 	 0.044524 	 0.028984 
33 	 0.037945 	 0.026460 
34 	 0.049787 	 0.032803 
35 	 0.023420 	 0.016397 
36 	 0.030472 	 0.021437 
37 	 0.017946 	 0.012833 
38 	 0.040103 	 0.027234 
39 	 0.042524 	 0.027238 
40 	 0.024841 	 0.018132 
41 	 0.030946 	 0.019808 
42 	 0.026630 	 0.017865 
43 	 0.021420 	 0.016331 
44 	 0.015525 	 0.013029 
45 	 0.018946 	 0.012879 
46 	 0.003684 	 0.002214 
47 	 0.021104 	 0.015009 
48 	 0.001368 	 0.001004 
49 	 0.013683 	 0.010631 
50 	 0.000368 	 0.000337 
51 	 0.034946 	 0.032373 
52 	 0.024736 	 0.017231 
53 	 0.110205 	 0.072588 
54 	 0.036261 	 0.024041 
55 	 0.050576 	 0.036429 
56 	 0.079154 	 0.047842 
57 	 0.190779 	 0.129231 
58 	 0.055892 	 0.037850 
59 	 0.048892 	 0.030664 
60 	 0.000789 	 0.000538 
61 	 0.056523 	 0.038072 
62 	 0.016525 	 0.011436 
63 	 0.058418 	 0.042205 
64 	 0.037366 	 0.029445 
65 	 0.001789 	 0.001248 
66 	 0.001947 	 0.001021 
67 	 0.062576 	 0.050578 
68 	 0.042471 	 0.025104 
69 	 0.000053 	 0.000033 
70 	 0.009368 	 0.005507 
71 	 0.033051 	 0.025750 
72 	 0.002158 	 0.001704 
73 	 0.000368 	 0.000192 
74 	 0.000474 	 0.000446 
75 	 0.164412 	 0.124763 
76 	 0.327351 	 0.217115 
77 	 0.159097 	 0.102746 
78 	 0.019578 	 0.013328 
79 	 0.159097 	 0.128176 
80 	 0.019999 	 0.014873 
81 	 0.166939 	 0.129311 
82 	 0.155623 	 0.124360 
83 	 0.024946 	 0.017803 
84 	 0.030577 	 0.026918 
85 	 0.032735 	 0.022854 
86 	 0.005684 	 0.003991 
87 	 0.022630 	 0.019074 
88 	 0.002842 	 0.002504 
89 	 0.098732 	 0.074432 
90 	 0.045050 	 0.034497 
91 	 0.083101 	 0.061391 
92 	 0.120152 	 0.099389 
93 	 0.012631 	 0.006728 
94 	 0.041156 	 0.028762 
95 	 0.004947 	 0.002822 
96 	 0.042156 	 0.031128 
97 	 0.004368 	 0.002956 
98 	 0.041735 	 0.029703 
99 	 0.068786 	 0.051207 
100 	 0.114678 	 0.082611 
101 	 0.059944 	 0.044856 
102 	 0.006315 	 0.003888 
103 	 0.104416 	 0.076079 
104 	 0.050682 	 0.034389 
105 	 0.069365 	 0.050919 
106 	 0.086838 	 0.060413 
107 	 0.097574 	 0.065779 
108 	 0.006631 	 0.004324 
109 	 0.051208 	 0.037952 
110 	 0.001263 	 0.000947 
111 	 0.048261 	 0.037601 
112 	 0.004789 	 0.003909 
113 	 0.112468 	 0.098647 
114 	 0.081259 	 0.050774 
115 	 0.042629 	 0.035827 
116 	 0.052418 	 0.037101 
117 	 0.100205 	 0.072075 
