#Resi 	 LCD_contacts 	 LCD_contacts_rew 
1 	 0.033419 	 0.027462 
2 	 0.013157 	 0.011392 
3 	 0.029683 	 0.028004 
4 	 0.023946 	 0.019030 
5 	 0.033419 	 0.028794 
6 	 0.040945 	 0.035137 
7 	 0.030209 	 0.026198 
8 	 0.041208 	 0.031152 
9 	 0.034314 	 0.028939 
10 	 0.038472 	 0.028152 
11 	 0.006526 	 0.005919 
12 	 0.013631 	 0.010454 
13 	 0.006526 	 0.005357 
14 	 0.017841 	 0.015094 
15 	 0.015104 	 0.012819 
16 	 0.013947 	 0.010616 
17 	 0.025262 	 0.018501 
18 	 0.007315 	 0.005304 
19 	 0.014578 	 0.009740 
20 	 0.008157 	 0.005735 
21 	 0.012578 	 0.009927 
22 	 0.017736 	 0.013033 
23 	 0.011157 	 0.008931 
24 	 0.010789 	 0.009102 
25 	 0.003684 	 0.002668 
26 	 0.007052 	 0.005255 
27 	 0.006526 	 0.004945 
28 	 0.006736 	 0.005513 
29 	 0.004263 	 0.003070 
30 	 0.010999 	 0.010486 
31 	 0.004894 	 0.004216 
32 	 0.009947 	 0.008074 
33 	 0.010842 	 0.008001 
34 	 0.013631 	 0.011116 
35 	 0.011157 	 0.008526 
36 	 0.014315 	 0.009065 
37 	 0.010263 	 0.006455 
38 	 0.006052 	 0.005120 
39 	 0.005421 	 0.005133 
40 	 0.007421 	 0.005939 
41 	 0.003842 	 0.002925 
42 	 0.009315 	 0.006513 
43 	 0.005210 	 0.003222 
44 	 0.003368 	 0.002954 
45 	 0.002000 	 0.001024 
46 	 0.000053 	 0.000011 
47 	 0.001526 	 0.001879 
48 	 0.000000 	 0.000000 
49 	 0.001684 	 0.003123 
50 	 0.001842 	 0.001169 
51 	 0.009631 	 0.006248 
52 	 0.000211 	 0.000109 
53 	 0.002526 	 0.000941 
54 	 0.000105 	 0.000043 
55 	 0.002053 	 0.000949 
56 	 0.001316 	 0.002105 
57 	 0.010526 	 0.012337 
58 	 0.004000 	 0.003367 
59 	 0.002368 	 0.002658 
60 	 0.004105 	 0.005148 
61 	 0.000105 	 0.000113 
62 	 0.002263 	 0.002108 
63 	 0.000211 	 0.000378 
64 	 0.000421 	 0.000211 
65 	 0.001631 	 0.000730 
66 	 0.001263 	 0.000605 
67 	 0.002789 	 0.001286 
68 	 0.003105 	 0.004120 
69 	 0.000000 	 0.000000 
70 	 0.002789 	 0.001384 
71 	 0.003105 	 0.001854 
72 	 0.000105 	 0.000122 
73 	 0.000000 	 0.000000 
74 	 0.000053 	 0.000016 
75 	 0.008000 	 0.005441 
76 	 0.017210 	 0.013479 
77 	 0.003526 	 0.002111 
78 	 0.000263 	 0.000239 
79 	 0.007736 	 0.004803 
80 	 0.005052 	 0.002909 
81 	 0.028209 	 0.017382 
82 	 0.031893 	 0.021333 
83 	 0.000368 	 0.000343 
84 	 0.009894 	 0.007755 
85 	 0.001842 	 0.001429 
86 	 0.000684 	 0.000615 
87 	 0.006000 	 0.005779 
88 	 0.001105 	 0.000481 
89 	 0.001263 	 0.000809 
90 	 0.010947 	 0.009125 
91 	 0.014105 	 0.011042 
92 	 0.034682 	 0.028837 
93 	 0.001368 	 0.000749 
94 	 0.010684 	 0.007390 
95 	 0.001368 	 0.000621 
96 	 0.009263 	 0.005981 
97 	 0.000842 	 0.000434 
98 	 0.007631 	 0.006178 
99 	 0.023946 	 0.023906 
100 	 0.010789 	 0.012209 
101 	 0.000368 	 0.000253 
102 	 0.000000 	 0.000000 
103 	 0.009105 	 0.009617 
104 	 0.000053 	 0.000042 
105 	 0.006263 	 0.007001 
106 	 0.004210 	 0.002731 
107 	 0.001526 	 0.001554 
108 	 0.000158 	 0.000076 
109 	 0.001263 	 0.001676 
110 	 0.000105 	 0.000188 
111 	 0.004000 	 0.003760 
112 	 0.000105 	 0.000159 
113 	 0.029946 	 0.022952 
114 	 0.000474 	 0.000251 
115 	 0.012526 	 0.009436 
116 	 0.011578 	 0.009416 
117 	 0.001526 	 0.000902 
