#Resi 	 LCD_contacts 	 LCD_contacts_rew 
133 	 0.004473 	 0.005826 
134 	 0.002526 	 0.002785 
135 	 0.000000 	 0.000000 
136 	 0.010894 	 0.008540 
137 	 0.000105 	 0.000047 
138 	 0.001842 	 0.001403 
139 	 0.002684 	 0.001971 
140 	 0.000368 	 0.000199 
141 	 0.001526 	 0.001072 
142 	 0.021209 	 0.020659 
143 	 0.017420 	 0.021332 
144 	 0.000053 	 0.000029 
145 	 0.000842 	 0.000854 
146 	 0.000053 	 0.000065 
147 	 0.002842 	 0.004133 
148 	 0.000579 	 0.001085 
149 	 0.000000 	 0.000000 
150 	 0.001263 	 0.001194 
151 	 0.008052 	 0.024428 
152 	 0.005105 	 0.013355 
153 	 0.000000 	 0.000000 
154 	 0.004947 	 0.011316 
155 	 0.018525 	 0.028346 
156 	 0.004421 	 0.006741 
157 	 0.001421 	 0.003262 
158 	 0.003210 	 0.007820 
159 	 0.005158 	 0.010523 
160 	 0.003947 	 0.007915 
161 	 0.000105 	 0.000058 
162 	 0.000789 	 0.001070 
163 	 0.000000 	 0.000000 
164 	 0.000737 	 0.001185 
165 	 0.000053 	 0.000017 
166 	 0.009894 	 0.015661 
167 	 0.003579 	 0.004058 
168 	 0.009368 	 0.015569 
169 	 0.008473 	 0.010195 
170 	 0.007894 	 0.009658 
171 	 0.005000 	 0.008643 
172 	 0.018104 	 0.017521 
173 	 0.001105 	 0.000768 
174 	 0.012052 	 0.012217 
175 	 0.001947 	 0.001460 
176 	 0.016525 	 0.014426 
177 	 0.000316 	 0.000296 
178 	 0.010105 	 0.011471 
179 	 0.000000 	 0.000000 
180 	 0.000579 	 0.000364 
181 	 0.000316 	 0.000131 
182 	 0.002263 	 0.004130 
183 	 0.004789 	 0.007671 
184 	 0.007315 	 0.006428 
185 	 0.015210 	 0.010992 
186 	 0.002526 	 0.003647 
187 	 0.000368 	 0.000163 
188 	 0.017525 	 0.010862 
189 	 0.001263 	 0.000820 
190 	 0.000000 	 0.000000 
191 	 0.020841 	 0.021762 
192 	 0.062418 	 0.074578 
193 	 0.013894 	 0.015008 
194 	 0.029262 	 0.031693 
195 	 0.058839 	 0.062533 
196 	 0.004894 	 0.005542 
197 	 0.066523 	 0.075627 
198 	 0.000105 	 0.000113 
199 	 0.006473 	 0.006802 
200 	 0.015525 	 0.015036 
201 	 0.032209 	 0.027550 
202 	 0.016841 	 0.019407 
203 	 0.000368 	 0.000234 
204 	 0.012578 	 0.011354 
205 	 0.001000 	 0.000907 
206 	 0.009736 	 0.007388 
207 	 0.022209 	 0.016234 
208 	 0.001631 	 0.001237 
209 	 0.016420 	 0.012585 
210 	 0.024893 	 0.022574 
211 	 0.061891 	 0.052671 
212 	 0.038209 	 0.032711 
213 	 0.062839 	 0.053882 
214 	 0.046945 	 0.039947 
215 	 0.057944 	 0.047979 
216 	 0.102784 	 0.086089 
217 	 0.067996 	 0.054984 
218 	 0.016789 	 0.014980 
219 	 0.028209 	 0.025962 
220 	 0.076470 	 0.059554 
221 	 0.038893 	 0.032654 
222 	 0.021578 	 0.016113 
223 	 0.004894 	 0.003663 
224 	 0.030788 	 0.024231 
225 	 0.027420 	 0.021809 
226 	 0.000000 	 0.000000 
227 	 0.073680 	 0.070010 
228 	 0.000316 	 0.000398 
229 	 0.007894 	 0.007311 
230 	 0.009526 	 0.008730 
231 	 0.000947 	 0.001203 
232 	 0.000474 	 0.000512 
233 	 0.005000 	 0.005287 
234 	 0.009684 	 0.008749 
235 	 0.000000 	 0.000000 
236 	 0.001842 	 0.002015 
237 	 0.002158 	 0.002008 
238 	 0.009263 	 0.010306 
239 	 0.006736 	 0.012818 
240 	 0.000000 	 0.000000 
241 	 0.020473 	 0.012488 
242 	 0.005737 	 0.009256 
243 	 0.000368 	 0.000128 
244 	 0.006052 	 0.003152 
245 	 0.024420 	 0.018281 
246 	 0.006158 	 0.006307 
247 	 0.001000 	 0.001331 
248 	 0.002474 	 0.001806 
249 	 0.030156 	 0.021707 
250 	 0.010947 	 0.006275 
251 	 0.011894 	 0.008269 
252 	 0.004684 	 0.002810 
253 	 0.003474 	 0.003515 
254 	 0.001158 	 0.001264 
255 	 0.012368 	 0.011842 
256 	 0.003000 	 0.002569 
257 	 0.033682 	 0.029932 
258 	 0.013473 	 0.011994 
259 	 0.071049 	 0.061043 
260 	 0.007947 	 0.006179 
261 	 0.004526 	 0.004415 
262 	 0.000895 	 0.000817 
263 	 0.010210 	 0.010138 
264 	 0.001842 	 0.001925 
265 	 0.052471 	 0.048999 
266 	 0.003947 	 0.003817 
267 	 0.068102 	 0.065338 
268 	 0.000000 	 0.000000 
269 	 0.044734 	 0.041868 
270 	 0.000000 	 0.000000 
271 	 0.001895 	 0.001204 
272 	 0.004210 	 0.002288 
273 	 0.008052 	 0.005069 
274 	 0.007947 	 0.006397 
275 	 0.096258 	 0.102674 
276 	 0.037051 	 0.042311 
277 	 0.000000 	 0.000000 
278 	 0.000368 	 0.001077 
279 	 0.037419 	 0.049578 
280 	 0.020367 	 0.023091 
281 	 0.000000 	 0.000000 
282 	 0.011420 	 0.012225 
283 	 0.074417 	 0.097821 
284 	 0.040208 	 0.053900 
285 	 0.107731 	 0.179306 
286 	 0.130572 	 0.206193 
287 	 0.001105 	 0.000959 
288 	 0.025735 	 0.036217 
289 	 0.000053 	 0.000054 
290 	 0.010052 	 0.015910 
291 	 0.018315 	 0.026782 
292 	 0.031735 	 0.032253 
293 	 0.018210 	 0.024448 
294 	 0.002579 	 0.002053 
295 	 0.037103 	 0.039069 
296 	 0.000579 	 0.000667 
297 	 0.050787 	 0.085866 
298 	 0.018631 	 0.030457 
299 	 0.007105 	 0.006439 
300 	 0.049524 	 0.043102 
301 	 0.042577 	 0.070114 
302 	 0.114310 	 0.103892 
303 	 0.114941 	 0.133912 
