#Resi 	 LCD_contacts 	 LCD_contacts_rew 
1 	 0.041893 	 0.041388 
2 	 0.017368 	 0.018344 
3 	 0.031998 	 0.031627 
4 	 0.039261 	 0.040288 
5 	 0.060628 	 0.061272 
6 	 0.064418 	 0.065504 
7 	 0.050997 	 0.051862 
8 	 0.044998 	 0.043593 
9 	 0.058997 	 0.056451 
10 	 0.055260 	 0.053016 
11 	 0.013210 	 0.013249 
12 	 0.028051 	 0.027481 
13 	 0.014315 	 0.013770 
14 	 0.028577 	 0.028496 
15 	 0.034893 	 0.032809 
16 	 0.036367 	 0.034262 
17 	 0.086627 	 0.078930 
18 	 0.025683 	 0.023043 
19 	 0.060049 	 0.057467 
20 	 0.030683 	 0.029778 
21 	 0.064576 	 0.059387 
22 	 0.080154 	 0.075279 
23 	 0.072470 	 0.068125 
24 	 0.075470 	 0.069252 
25 	 0.049839 	 0.046520 
26 	 0.066207 	 0.062035 
27 	 0.053787 	 0.048880 
28 	 0.042682 	 0.038318 
29 	 0.041472 	 0.040498 
30 	 0.070996 	 0.065209 
31 	 0.026472 	 0.024676 
32 	 0.050945 	 0.049083 
33 	 0.040314 	 0.037209 
34 	 0.042208 	 0.038534 
35 	 0.033682 	 0.030553 
36 	 0.059471 	 0.054739 
37 	 0.034524 	 0.031388 
38 	 0.036998 	 0.033459 
39 	 0.037051 	 0.033865 
40 	 0.073996 	 0.073273 
41 	 0.038419 	 0.036835 
42 	 0.023736 	 0.022288 
43 	 0.023051 	 0.022969 
44 	 0.062470 	 0.061786 
45 	 0.042892 	 0.045602 
46 	 0.011210 	 0.010219 
47 	 0.046313 	 0.046624 
48 	 0.000947 	 0.000871 
49 	 0.017368 	 0.016962 
50 	 0.022578 	 0.022627 
51 	 0.115362 	 0.122000 
52 	 0.044050 	 0.047780 
53 	 0.139993 	 0.145994 
54 	 0.046471 	 0.049426 
55 	 0.123993 	 0.129455 
56 	 0.028893 	 0.028857 
57 	 0.240514 	 0.255585 
58 	 0.022894 	 0.021058 
59 	 0.087943 	 0.084239 
60 	 0.004316 	 0.003302 
61 	 0.042050 	 0.036882 
62 	 0.031209 	 0.029453 
63 	 0.034893 	 0.032113 
64 	 0.026104 	 0.026085 
65 	 0.002631 	 0.002545 
66 	 0.020630 	 0.022309 
67 	 0.102416 	 0.105891 
68 	 0.053576 	 0.052806 
69 	 0.004368 	 0.004074 
70 	 0.056208 	 0.060160 
71 	 0.032946 	 0.033340 
72 	 0.013368 	 0.012798 
73 	 0.013526 	 0.011473 
74 	 0.002053 	 0.002412 
75 	 0.128256 	 0.130266 
76 	 0.264828 	 0.252994 
77 	 0.155676 	 0.155439 
78 	 0.022209 	 0.022793 
79 	 0.142308 	 0.146156 
80 	 0.040472 	 0.043567 
81 	 0.187095 	 0.185947 
82 	 0.301300 	 0.315440 
83 	 0.062628 	 0.065033 
84 	 0.063523 	 0.072094 
85 	 0.141729 	 0.147818 
86 	 0.050103 	 0.050481 
87 	 0.026209 	 0.029515 
88 	 0.000421 	 0.000460 
89 	 0.033840 	 0.031077 
90 	 0.030262 	 0.030962 
91 	 0.058365 	 0.058028 
92 	 0.200042 	 0.203106 
93 	 0.069470 	 0.071768 
94 	 0.078733 	 0.082762 
95 	 0.040472 	 0.043426 
96 	 0.048103 	 0.049506 
97 	 0.001789 	 0.001824 
98 	 0.038314 	 0.039110 
99 	 0.087574 	 0.090403 
100 	 0.067628 	 0.066529 
101 	 0.014052 	 0.011879 
102 	 0.002421 	 0.002263 
103 	 0.148097 	 0.146652 
104 	 0.014052 	 0.014191 
105 	 0.070786 	 0.070317 
106 	 0.079785 	 0.081331 
107 	 0.056260 	 0.054653 
108 	 0.014578 	 0.014017 
109 	 0.035367 	 0.035867 
110 	 0.031525 	 0.030548 
111 	 0.024999 	 0.024956 
112 	 0.002526 	 0.002498 
113 	 0.132361 	 0.144746 
114 	 0.081785 	 0.086723 
115 	 0.130835 	 0.144260 
116 	 0.087574 	 0.090224 
117 	 0.150518 	 0.159803 
