#Resi 	 LCD_contacts 	 LCD_contacts_rew 
1 	 0.112205 	 0.085353 
2 	 0.039419 	 0.031058 
3 	 0.091785 	 0.073479 
4 	 0.090101 	 0.073097 
5 	 0.169728 	 0.134595 
6 	 0.196674 	 0.155073 
7 	 0.158728 	 0.119772 
8 	 0.159465 	 0.121490 
9 	 0.151308 	 0.112621 
10 	 0.176254 	 0.134250 
11 	 0.032998 	 0.023442 
12 	 0.075154 	 0.055345 
13 	 0.033209 	 0.025149 
14 	 0.065312 	 0.047805 
15 	 0.077627 	 0.057569 
16 	 0.075154 	 0.054861 
17 	 0.170096 	 0.125070 
18 	 0.055102 	 0.042442 
19 	 0.091206 	 0.072069 
20 	 0.069681 	 0.053901 
21 	 0.095890 	 0.071558 
22 	 0.134309 	 0.101854 
23 	 0.119415 	 0.087905 
24 	 0.147308 	 0.109604 
25 	 0.057892 	 0.043803 
26 	 0.071680 	 0.056559 
27 	 0.045998 	 0.032800 
28 	 0.038051 	 0.027318 
29 	 0.033893 	 0.025759 
30 	 0.045366 	 0.035798 
31 	 0.019420 	 0.015933 
32 	 0.068049 	 0.052147 
33 	 0.036261 	 0.029076 
34 	 0.033998 	 0.026206 
35 	 0.021630 	 0.017385 
36 	 0.034630 	 0.027275 
37 	 0.029525 	 0.023024 
38 	 0.033261 	 0.025839 
39 	 0.042840 	 0.032046 
40 	 0.038787 	 0.029835 
41 	 0.032209 	 0.025870 
42 	 0.047734 	 0.038336 
43 	 0.030209 	 0.024481 
44 	 0.037524 	 0.029772 
45 	 0.011631 	 0.009819 
46 	 0.003316 	 0.003321 
47 	 0.026683 	 0.024171 
48 	 0.000105 	 0.000100 
49 	 0.013947 	 0.012750 
50 	 0.006684 	 0.006936 
51 	 0.091785 	 0.080064 
52 	 0.059997 	 0.052624 
53 	 0.207621 	 0.175584 
54 	 0.017946 	 0.015754 
55 	 0.078733 	 0.069009 
56 	 0.032314 	 0.027782 
57 	 0.167202 	 0.142230 
58 	 0.030525 	 0.024672 
59 	 0.036209 	 0.030808 
60 	 0.000000 	 0.000000 
61 	 0.043787 	 0.037725 
62 	 0.003105 	 0.002544 
63 	 0.058418 	 0.047515 
64 	 0.020315 	 0.017124 
65 	 0.001105 	 0.000874 
66 	 0.000895 	 0.000791 
67 	 0.035630 	 0.030413 
68 	 0.017631 	 0.015203 
69 	 0.000000 	 0.000000 
70 	 0.002210 	 0.002054 
71 	 0.008947 	 0.007889 
72 	 0.000947 	 0.000855 
73 	 0.000263 	 0.000218 
74 	 0.002737 	 0.002511 
75 	 0.094784 	 0.080858 
76 	 0.143729 	 0.128994 
77 	 0.075996 	 0.068951 
78 	 0.019473 	 0.017825 
79 	 0.110468 	 0.101467 
80 	 0.007421 	 0.007008 
81 	 0.088627 	 0.081779 
82 	 0.102626 	 0.093840 
83 	 0.032104 	 0.031918 
84 	 0.010736 	 0.009546 
85 	 0.008842 	 0.007124 
86 	 0.000842 	 0.000783 
87 	 0.006052 	 0.005056 
88 	 0.001789 	 0.001492 
89 	 0.037524 	 0.029906 
90 	 0.024157 	 0.020925 
91 	 0.024051 	 0.020534 
92 	 0.038209 	 0.033364 
93 	 0.002789 	 0.002282 
94 	 0.024788 	 0.020791 
95 	 0.002421 	 0.002012 
96 	 0.024367 	 0.019665 
97 	 0.001263 	 0.001118 
98 	 0.021841 	 0.019313 
99 	 0.046366 	 0.038696 
100 	 0.040051 	 0.029411 
101 	 0.028472 	 0.023438 
102 	 0.000263 	 0.000187 
103 	 0.081627 	 0.069864 
104 	 0.032788 	 0.028163 
105 	 0.030630 	 0.024502 
106 	 0.022736 	 0.018539 
107 	 0.035945 	 0.028318 
108 	 0.006684 	 0.005353 
109 	 0.037419 	 0.031116 
110 	 0.000368 	 0.000351 
111 	 0.021262 	 0.018979 
112 	 0.000263 	 0.000231 
113 	 0.051366 	 0.041434 
114 	 0.047787 	 0.043989 
115 	 0.040314 	 0.036793 
116 	 0.070680 	 0.062156 
117 	 0.125888 	 0.107007 
