#Resi 	 RRMs_contacts 	 RRMs_contacts_rew 
314 	 0.020473 	 0.024252 
315 	 0.110205 	 0.112381 
316 	 0.081048 	 0.087149 
317 	 0.039051 	 0.036885 
318 	 0.128783 	 0.113152 
319 	 0.034367 	 0.031334 
320 	 0.038682 	 0.035907 
321 	 0.240356 	 0.212833 
322 	 0.014631 	 0.013397 
323 	 0.019262 	 0.018161 
324 	 0.017999 	 0.015883 
325 	 0.072470 	 0.072065 
326 	 0.011999 	 0.011766 
327 	 0.012526 	 0.012818 
328 	 0.016368 	 0.013369 
329 	 0.123467 	 0.187341 
330 	 0.013841 	 0.019228 
331 	 0.014631 	 0.020243 
332 	 0.022315 	 0.029531 
333 	 0.045156 	 0.132898 
334 	 0.015683 	 0.029005 
335 	 0.084259 	 0.143280 
336 	 0.009315 	 0.008111 
337 	 0.042471 	 0.051414 
338 	 0.007631 	 0.006421 
339 	 0.008263 	 0.007954 
340 	 0.015683 	 0.013866 
341 	 0.039787 	 0.035467 
342 	 0.005473 	 0.007272 
343 	 0.003737 	 0.002074 
344 	 0.012578 	 0.018912 
345 	 0.000842 	 0.001705 
346 	 0.001053 	 0.000969 
347 	 0.040945 	 0.037857 
348 	 0.012420 	 0.012320 
349 	 0.012947 	 0.014013 
350 	 0.008210 	 0.007366 
351 	 0.035577 	 0.033080 
352 	 0.007473 	 0.006400 
353 	 0.006894 	 0.006433 
354 	 0.004421 	 0.004347 
355 	 0.002158 	 0.001661 
356 	 0.035314 	 0.033990 
357 	 0.002842 	 0.003078 
358 	 0.003263 	 0.003135 
359 	 0.012684 	 0.010665 
360 	 0.007158 	 0.006200 
361 	 0.014420 	 0.012779 
362 	 0.002947 	 0.002409 
363 	 0.014736 	 0.026414 
364 	 0.006368 	 0.018115 
365 	 0.003158 	 0.002941 
366 	 0.023946 	 0.031170 
367 	 0.002421 	 0.001503 
368 	 0.003526 	 0.002864 
369 	 0.015315 	 0.029159 
370 	 0.003474 	 0.004081 
371 	 0.005421 	 0.008188 
372 	 0.009526 	 0.012515 
373 	 0.019262 	 0.024720 
374 	 0.001684 	 0.002119 
375 	 0.003000 	 0.003539 
376 	 0.002421 	 0.002496 
377 	 0.001684 	 0.001974 
378 	 0.005263 	 0.008391 
379 	 0.013473 	 0.012792 
380 	 0.003895 	 0.006964 
381 	 0.004947 	 0.003530 
382 	 0.001789 	 0.001702 
383 	 0.002316 	 0.004429 
384 	 0.003737 	 0.006858 
385 	 0.003579 	 0.003409 
386 	 0.005105 	 0.005945 
387 	 0.001158 	 0.001996 
388 	 0.001842 	 0.003074 
389 	 0.006210 	 0.007598 
390 	 0.002631 	 0.003550 
391 	 0.000632 	 0.000679 
392 	 0.000789 	 0.001616 
393 	 0.005263 	 0.010854 
394 	 0.011052 	 0.030268 
395 	 0.000211 	 0.000796 
396 	 0.000947 	 0.002951 
397 	 0.012420 	 0.030776 
398 	 0.001631 	 0.002099 
399 	 0.001474 	 0.001119 
400 	 0.000421 	 0.000623 
401 	 0.001684 	 0.002845 
402 	 0.016946 	 0.021069 
403 	 0.000895 	 0.001242 
404 	 0.001158 	 0.001662 
405 	 0.000421 	 0.000681 
406 	 0.000421 	 0.000788 
407 	 0.000368 	 0.000286 
408 	 0.011157 	 0.014374 
409 	 0.007368 	 0.012496 
410 	 0.000211 	 0.000142 
411 	 0.007000 	 0.018284 
412 	 0.002684 	 0.003396 
413 	 0.011894 	 0.018995 
414 	 0.000263 	 0.000228 
415 	 0.003000 	 0.004882 
416 	 0.002210 	 0.002155 
417 	 0.004158 	 0.003344 
418 	 0.031683 	 0.048750 
419 	 0.001474 	 0.001334 
420 	 0.002631 	 0.002320 
421 	 0.001474 	 0.001125 
422 	 0.001053 	 0.000963 
423 	 0.000105 	 0.000176 
424 	 0.001579 	 0.002824 
425 	 0.001368 	 0.001896 
426 	 0.002631 	 0.004252 
427 	 0.025630 	 0.046546 
428 	 0.001895 	 0.002227 
429 	 0.004316 	 0.004084 
430 	 0.001053 	 0.000987 
431 	 0.008157 	 0.011477 
432 	 0.004894 	 0.004916 
433 	 0.015631 	 0.017861 
