#Resi 	 RRMs_contacts 	 RRMs_contacts_rew 
314 	 0.095784 	 0.095561 
315 	 0.380612 	 0.346901 
316 	 0.259355 	 0.252508 
317 	 0.115889 	 0.109029 
318 	 0.318931 	 0.310360 
319 	 0.092837 	 0.110268 
320 	 0.173728 	 0.177411 
321 	 0.433188 	 0.530288 
322 	 0.068470 	 0.080144 
323 	 0.079154 	 0.083500 
324 	 0.059576 	 0.054478 
325 	 0.246408 	 0.247318 
326 	 0.044208 	 0.037189 
327 	 0.044577 	 0.042965 
328 	 0.037840 	 0.036689 
329 	 0.285196 	 0.411030 
330 	 0.037156 	 0.064408 
331 	 0.048734 	 0.082708 
332 	 0.096679 	 0.121825 
333 	 0.070365 	 0.074086 
334 	 0.048840 	 0.046934 
335 	 0.163518 	 0.164390 
336 	 0.014157 	 0.013970 
337 	 0.130046 	 0.125285 
338 	 0.018157 	 0.017318 
339 	 0.015631 	 0.014380 
340 	 0.068260 	 0.067261 
341 	 0.190674 	 0.176218 
342 	 0.053313 	 0.044732 
343 	 0.023420 	 0.025524 
344 	 0.109678 	 0.119872 
345 	 0.025683 	 0.036009 
346 	 0.030051 	 0.044883 
347 	 0.338824 	 0.364855 
348 	 0.049418 	 0.052057 
349 	 0.041998 	 0.041172 
350 	 0.066575 	 0.065144 
351 	 0.246513 	 0.244884 
352 	 0.047840 	 0.049017 
353 	 0.047682 	 0.048246 
354 	 0.035314 	 0.035993 
355 	 0.021473 	 0.022196 
356 	 0.218094 	 0.220425 
357 	 0.027051 	 0.026384 
358 	 0.030998 	 0.031280 
359 	 0.079206 	 0.085669 
360 	 0.029683 	 0.028183 
361 	 0.058418 	 0.060435 
362 	 0.016525 	 0.017010 
363 	 0.112257 	 0.135023 
364 	 0.040051 	 0.050184 
365 	 0.015789 	 0.019171 
366 	 0.187780 	 0.301294 
367 	 0.014262 	 0.017487 
368 	 0.037366 	 0.039541 
369 	 0.037051 	 0.035794 
370 	 0.014999 	 0.014152 
371 	 0.040629 	 0.039282 
372 	 0.049313 	 0.047655 
373 	 0.177149 	 0.175478 
374 	 0.013999 	 0.013190 
375 	 0.025262 	 0.026873 
376 	 0.028472 	 0.031837 
377 	 0.020157 	 0.020841 
378 	 0.046840 	 0.047994 
379 	 0.092311 	 0.099418 
380 	 0.023209 	 0.026322 
381 	 0.020946 	 0.025423 
382 	 0.015157 	 0.016734 
383 	 0.036051 	 0.052682 
384 	 0.042050 	 0.061105 
385 	 0.014947 	 0.019530 
386 	 0.046892 	 0.065861 
387 	 0.018367 	 0.029286 
388 	 0.015315 	 0.016270 
389 	 0.028367 	 0.026651 
390 	 0.033840 	 0.034178 
391 	 0.011736 	 0.015269 
392 	 0.005579 	 0.005897 
393 	 0.020578 	 0.022600 
394 	 0.057102 	 0.059272 
395 	 0.009473 	 0.009245 
396 	 0.011789 	 0.010479 
397 	 0.089785 	 0.097078 
398 	 0.033314 	 0.042153 
399 	 0.032840 	 0.041171 
400 	 0.011368 	 0.011958 
401 	 0.031104 	 0.033370 
402 	 0.162623 	 0.226404 
403 	 0.021894 	 0.028016 
404 	 0.025630 	 0.035468 
405 	 0.024420 	 0.035398 
406 	 0.020999 	 0.027411 
407 	 0.049103 	 0.070883 
408 	 0.201042 	 0.300025 
409 	 0.145413 	 0.218996 
410 	 0.010947 	 0.009992 
411 	 0.034946 	 0.053002 
412 	 0.043050 	 0.044419 
413 	 0.094363 	 0.087683 
414 	 0.058418 	 0.059555 
415 	 0.038103 	 0.036037 
416 	 0.022736 	 0.023287 
417 	 0.018210 	 0.020971 
418 	 0.188464 	 0.229373 
419 	 0.018210 	 0.022950 
420 	 0.016999 	 0.016374 
421 	 0.033630 	 0.031280 
422 	 0.032367 	 0.037337 
423 	 0.028577 	 0.029208 
424 	 0.033946 	 0.035078 
425 	 0.040893 	 0.047351 
426 	 0.051366 	 0.051005 
427 	 0.185201 	 0.171487 
428 	 0.017631 	 0.018014 
429 	 0.057155 	 0.091220 
430 	 0.030314 	 0.045012 
431 	 0.144677 	 0.326048 
432 	 0.071154 	 0.122892 
433 	 0.172201 	 0.219876 
