#Resi 	 RRMs_contacts 	 RRMs_contacts_rew 
314 	 0.022630 	 0.029114 
315 	 0.060207 	 0.066310 
316 	 0.097311 	 0.104291 
317 	 0.052945 	 0.056934 
318 	 0.155518 	 0.195399 
319 	 0.033472 	 0.037191 
320 	 0.039103 	 0.037024 
321 	 0.300405 	 0.252367 
322 	 0.023630 	 0.022323 
323 	 0.020946 	 0.024393 
324 	 0.021683 	 0.025485 
325 	 0.049629 	 0.058297 
326 	 0.012631 	 0.014027 
327 	 0.013947 	 0.016324 
328 	 0.011105 	 0.014995 
329 	 0.121257 	 0.154841 
330 	 0.016736 	 0.023987 
331 	 0.014368 	 0.015320 
332 	 0.024736 	 0.025774 
333 	 0.031209 	 0.041176 
334 	 0.017736 	 0.027527 
335 	 0.084469 	 0.091003 
336 	 0.010578 	 0.011808 
337 	 0.064576 	 0.073677 
338 	 0.026209 	 0.027832 
339 	 0.014157 	 0.016221 
340 	 0.024736 	 0.028583 
341 	 0.073733 	 0.081854 
342 	 0.017157 	 0.023671 
343 	 0.006736 	 0.013008 
344 	 0.034209 	 0.057186 
345 	 0.007526 	 0.013756 
346 	 0.008736 	 0.013977 
347 	 0.075522 	 0.088470 
348 	 0.005684 	 0.007931 
349 	 0.005684 	 0.009516 
350 	 0.008368 	 0.009615 
351 	 0.060102 	 0.055234 
352 	 0.009421 	 0.010559 
353 	 0.008000 	 0.009007 
354 	 0.008947 	 0.009654 
355 	 0.007000 	 0.006577 
356 	 0.086732 	 0.069839 
357 	 0.006368 	 0.005274 
358 	 0.012157 	 0.011836 
359 	 0.043208 	 0.055184 
360 	 0.018315 	 0.023655 
361 	 0.042208 	 0.043903 
362 	 0.012526 	 0.015063 
363 	 0.043735 	 0.040549 
364 	 0.016420 	 0.016688 
365 	 0.009210 	 0.011052 
366 	 0.115468 	 0.080793 
367 	 0.006684 	 0.005613 
368 	 0.015210 	 0.012059 
369 	 0.016052 	 0.011001 
370 	 0.005421 	 0.002975 
371 	 0.010684 	 0.006803 
372 	 0.012368 	 0.009908 
373 	 0.042419 	 0.036855 
374 	 0.003316 	 0.002784 
375 	 0.005894 	 0.006341 
376 	 0.010105 	 0.013956 
377 	 0.017052 	 0.031768 
378 	 0.022578 	 0.029789 
379 	 0.048945 	 0.050757 
380 	 0.003316 	 0.002969 
381 	 0.008368 	 0.011927 
382 	 0.007263 	 0.007255 
383 	 0.010526 	 0.009285 
384 	 0.014210 	 0.011574 
385 	 0.005789 	 0.005003 
386 	 0.048840 	 0.050126 
387 	 0.013157 	 0.011566 
388 	 0.017262 	 0.021235 
389 	 0.041945 	 0.044648 
390 	 0.015052 	 0.011576 
391 	 0.003895 	 0.002505 
392 	 0.003631 	 0.002411 
393 	 0.004526 	 0.003417 
394 	 0.016368 	 0.011569 
395 	 0.005631 	 0.003120 
396 	 0.005579 	 0.003088 
397 	 0.033261 	 0.022203 
398 	 0.014368 	 0.012668 
399 	 0.018894 	 0.025288 
400 	 0.004579 	 0.006934 
401 	 0.012947 	 0.014091 
402 	 0.069154 	 0.068423 
403 	 0.005105 	 0.005247 
404 	 0.007000 	 0.006753 
405 	 0.006736 	 0.006157 
406 	 0.003579 	 0.002367 
407 	 0.008368 	 0.009053 
408 	 0.043156 	 0.046367 
409 	 0.031946 	 0.033806 
410 	 0.003526 	 0.003579 
411 	 0.011999 	 0.012662 
412 	 0.004263 	 0.008290 
413 	 0.022473 	 0.022366 
414 	 0.017736 	 0.017882 
415 	 0.014157 	 0.014868 
416 	 0.004737 	 0.006492 
417 	 0.010526 	 0.011030 
418 	 0.095679 	 0.130431 
419 	 0.009315 	 0.017754 
420 	 0.007631 	 0.020936 
421 	 0.020788 	 0.060120 
422 	 0.020999 	 0.049969 
423 	 0.016631 	 0.044514 
424 	 0.012631 	 0.016953 
425 	 0.018736 	 0.022732 
426 	 0.013736 	 0.017143 
427 	 0.102942 	 0.104842 
428 	 0.003368 	 0.003448 
429 	 0.016631 	 0.019901 
430 	 0.010684 	 0.011556 
431 	 0.041524 	 0.053680 
432 	 0.025420 	 0.026695 
433 	 0.108626 	 0.107931 
