#Resi 	 RRMs_contacts 	 RRMs_contacts_rew 
314 	 0.094784 	 0.091269 
315 	 0.270775 	 0.272410 
316 	 0.348718 	 0.350550 
317 	 0.135940 	 0.144556 
318 	 0.331930 	 0.339036 
319 	 0.090837 	 0.092380 
320 	 0.125309 	 0.134982 
321 	 0.707015 	 0.747552 
322 	 0.067786 	 0.075042 
323 	 0.059155 	 0.064345 
324 	 0.071470 	 0.081296 
325 	 0.275880 	 0.301758 
326 	 0.071838 	 0.081226 
327 	 0.066733 	 0.075205 
328 	 0.054313 	 0.059773 
329 	 0.382348 	 0.413728 
330 	 0.056734 	 0.060192 
331 	 0.054366 	 0.057860 
332 	 0.096153 	 0.103351 
333 	 0.118467 	 0.124355 
334 	 0.071523 	 0.081325 
335 	 0.335667 	 0.374758 
336 	 0.047576 	 0.051134 
337 	 0.265565 	 0.296804 
338 	 0.057839 	 0.064161 
339 	 0.062997 	 0.075421 
340 	 0.143624 	 0.176309 
341 	 0.348034 	 0.403369 
342 	 0.088469 	 0.098804 
343 	 0.070786 	 0.085820 
344 	 0.187148 	 0.205677 
345 	 0.034314 	 0.037600 
346 	 0.047103 	 0.053256 
347 	 0.436819 	 0.475559 
348 	 0.069207 	 0.076009 
349 	 0.070838 	 0.079460 
350 	 0.113362 	 0.131102 
351 	 0.238409 	 0.260839 
352 	 0.043156 	 0.048841 
353 	 0.044524 	 0.050855 
354 	 0.044419 	 0.050991 
355 	 0.032840 	 0.038006 
356 	 0.239672 	 0.255320 
357 	 0.044419 	 0.046980 
358 	 0.060155 	 0.062697 
359 	 0.192043 	 0.205408 
360 	 0.094100 	 0.098262 
361 	 0.247355 	 0.264463 
362 	 0.100416 	 0.104805 
363 	 0.402821 	 0.432387 
364 	 0.074786 	 0.079480 
365 	 0.076785 	 0.080214 
366 	 0.342877 	 0.359601 
367 	 0.049471 	 0.050732 
368 	 0.126467 	 0.131416 
369 	 0.161570 	 0.171013 
370 	 0.045524 	 0.047428 
371 	 0.116783 	 0.119347 
372 	 0.120888 	 0.126096 
373 	 0.349666 	 0.382131 
374 	 0.077312 	 0.078128 
375 	 0.095732 	 0.098130 
376 	 0.085732 	 0.086915 
377 	 0.052471 	 0.054787 
378 	 0.077312 	 0.078666 
379 	 0.165097 	 0.162901 
380 	 0.075049 	 0.072841 
381 	 0.049945 	 0.050492 
382 	 0.086680 	 0.093559 
383 	 0.125625 	 0.124839 
384 	 0.160413 	 0.175816 
385 	 0.060523 	 0.068203 
386 	 0.149361 	 0.173112 
387 	 0.049471 	 0.053911 
388 	 0.054471 	 0.062054 
389 	 0.089416 	 0.104941 
390 	 0.062102 	 0.068768 
391 	 0.034524 	 0.040127 
392 	 0.023893 	 0.027138 
393 	 0.038419 	 0.045214 
394 	 0.092469 	 0.106725 
395 	 0.027841 	 0.032772 
396 	 0.017946 	 0.021794 
397 	 0.099100 	 0.119576 
398 	 0.041156 	 0.047456 
399 	 0.051576 	 0.056780 
400 	 0.012526 	 0.012984 
401 	 0.029946 	 0.033652 
402 	 0.124415 	 0.129693 
403 	 0.021315 	 0.024988 
404 	 0.031367 	 0.042609 
405 	 0.025683 	 0.032862 
406 	 0.022788 	 0.027724 
407 	 0.028893 	 0.031807 
408 	 0.059681 	 0.065575 
409 	 0.068312 	 0.075397 
410 	 0.018315 	 0.019905 
411 	 0.071049 	 0.083088 
412 	 0.054629 	 0.058524 
413 	 0.143256 	 0.164079 
414 	 0.041682 	 0.045942 
415 	 0.051471 	 0.061020 
416 	 0.025157 	 0.034451 
417 	 0.021841 	 0.027689 
418 	 0.179622 	 0.204978 
419 	 0.047576 	 0.058956 
420 	 0.068681 	 0.088264 
421 	 0.174149 	 0.198610 
422 	 0.125046 	 0.129210 
423 	 0.137098 	 0.142414 
424 	 0.111152 	 0.123118 
425 	 0.082732 	 0.089755 
426 	 0.086101 	 0.091531 
427 	 0.273354 	 0.304847 
428 	 0.034156 	 0.039557 
429 	 0.098574 	 0.113172 
430 	 0.045313 	 0.048918 
431 	 0.225041 	 0.231072 
432 	 0.274986 	 0.300001 
433 	 0.296405 	 0.304884 
