#Resi 	 RRMs_contacts 	 RRMs_contacts_rew 
314 	 0.094784 	 0.091269 
315 	 0.222462 	 0.224376 
316 	 0.298616 	 0.300645 
317 	 0.135940 	 0.144556 
318 	 0.281511 	 0.286677 
319 	 0.090837 	 0.092380 
320 	 0.112626 	 0.121149 
321 	 0.503605 	 0.532699 
322 	 0.067786 	 0.075042 
323 	 0.059155 	 0.064345 
324 	 0.071470 	 0.081296 
325 	 0.231146 	 0.253078 
326 	 0.071838 	 0.081226 
327 	 0.066733 	 0.075205 
328 	 0.054313 	 0.059773 
329 	 0.274091 	 0.296521 
330 	 0.056734 	 0.060192 
331 	 0.054366 	 0.057860 
332 	 0.088311 	 0.094544 
333 	 0.106889 	 0.111706 
334 	 0.065575 	 0.074841 
335 	 0.240251 	 0.268537 
336 	 0.047576 	 0.051134 
337 	 0.220409 	 0.247288 
338 	 0.057839 	 0.064161 
339 	 0.062997 	 0.075421 
340 	 0.131888 	 0.162849 
341 	 0.247566 	 0.286925 
342 	 0.074943 	 0.083782 
343 	 0.070786 	 0.085820 
344 	 0.154466 	 0.171065 
345 	 0.034314 	 0.037600 
346 	 0.047103 	 0.053256 
347 	 0.314878 	 0.343939 
348 	 0.069207 	 0.076009 
349 	 0.070838 	 0.079460 
350 	 0.099521 	 0.115138 
351 	 0.198779 	 0.217016 
352 	 0.043156 	 0.048841 
353 	 0.044524 	 0.050855 
354 	 0.044419 	 0.050991 
355 	 0.032840 	 0.038006 
356 	 0.155150 	 0.165684 
357 	 0.044419 	 0.046980 
358 	 0.060155 	 0.062697 
359 	 0.166465 	 0.178157 
360 	 0.094100 	 0.098262 
361 	 0.219567 	 0.234497 
362 	 0.100416 	 0.104805 
363 	 0.255776 	 0.273231 
364 	 0.067839 	 0.072147 
365 	 0.076785 	 0.080214 
366 	 0.240987 	 0.252414 
367 	 0.049471 	 0.050732 
368 	 0.115310 	 0.120314 
369 	 0.142940 	 0.151332 
370 	 0.045524 	 0.047428 
371 	 0.103363 	 0.105599 
372 	 0.111784 	 0.117034 
373 	 0.246303 	 0.269096 
374 	 0.077312 	 0.078128 
375 	 0.095732 	 0.098130 
376 	 0.085732 	 0.086915 
377 	 0.052471 	 0.054787 
378 	 0.069838 	 0.070997 
379 	 0.108889 	 0.107792 
380 	 0.067365 	 0.065216 
381 	 0.044471 	 0.044956 
382 	 0.078206 	 0.083928 
383 	 0.107994 	 0.107932 
384 	 0.134519 	 0.147290 
385 	 0.054681 	 0.061172 
386 	 0.108521 	 0.124419 
387 	 0.049471 	 0.053911 
388 	 0.047103 	 0.053116 
389 	 0.081575 	 0.095759 
390 	 0.053313 	 0.059080 
391 	 0.034524 	 0.040127 
392 	 0.023893 	 0.027138 
393 	 0.035682 	 0.041638 
394 	 0.066312 	 0.076520 
395 	 0.027841 	 0.032772 
396 	 0.017946 	 0.021794 
397 	 0.083364 	 0.101876 
398 	 0.035156 	 0.041167 
399 	 0.044261 	 0.048428 
400 	 0.012526 	 0.012984 
401 	 0.026788 	 0.030078 
402 	 0.083522 	 0.087944 
403 	 0.021315 	 0.024988 
404 	 0.031367 	 0.042609 
405 	 0.025683 	 0.032862 
406 	 0.022788 	 0.027724 
407 	 0.026788 	 0.029490 
408 	 0.042050 	 0.046522 
409 	 0.050945 	 0.056125 
410 	 0.018315 	 0.019905 
411 	 0.062628 	 0.073532 
412 	 0.047471 	 0.050880 
413 	 0.121046 	 0.138714 
414 	 0.037840 	 0.041664 
415 	 0.047787 	 0.056817 
416 	 0.025157 	 0.034451 
417 	 0.021841 	 0.027689 
418 	 0.117941 	 0.134982 
419 	 0.047576 	 0.058956 
420 	 0.068681 	 0.088264 
421 	 0.152676 	 0.175259 
422 	 0.107258 	 0.111481 
423 	 0.122309 	 0.128531 
424 	 0.094258 	 0.104391 
425 	 0.069365 	 0.074890 
426 	 0.072628 	 0.077451 
427 	 0.181622 	 0.201361 
428 	 0.034156 	 0.039557 
429 	 0.085627 	 0.097994 
430 	 0.045313 	 0.048918 
431 	 0.185464 	 0.191251 
432 	 0.226883 	 0.248177 
433 	 0.215936 	 0.222023 
