#Resi 	 RRMs_contacts 	 RRMs_contacts_rew 
314 	 0.087522 	 0.103264 
315 	 0.181885 	 0.180170 
316 	 0.140887 	 0.136536 
317 	 0.058102 	 0.052808 
318 	 0.205305 	 0.204302 
319 	 0.066996 	 0.055312 
320 	 0.066418 	 0.058874 
321 	 0.304142 	 0.266498 
322 	 0.033156 	 0.025624 
323 	 0.028998 	 0.023678 
324 	 0.031156 	 0.026816 
325 	 0.154623 	 0.143770 
326 	 0.035577 	 0.035620 
327 	 0.022578 	 0.023176 
328 	 0.014368 	 0.014867 
329 	 0.104363 	 0.118530 
330 	 0.015578 	 0.017007 
331 	 0.020946 	 0.018741 
332 	 0.059155 	 0.045703 
333 	 0.041682 	 0.043145 
334 	 0.030051 	 0.027281 
335 	 0.131309 	 0.117317 
336 	 0.010473 	 0.010283 
337 	 0.104100 	 0.090425 
338 	 0.012789 	 0.011639 
339 	 0.013631 	 0.011940 
340 	 0.043682 	 0.036459 
341 	 0.135624 	 0.106936 
342 	 0.030051 	 0.027857 
343 	 0.018578 	 0.015785 
344 	 0.059734 	 0.050744 
345 	 0.012841 	 0.010234 
346 	 0.016052 	 0.014115 
347 	 0.130256 	 0.119787 
348 	 0.011526 	 0.010801 
349 	 0.013947 	 0.011330 
350 	 0.029209 	 0.024596 
351 	 0.095311 	 0.070360 
352 	 0.010999 	 0.008534 
353 	 0.009526 	 0.007336 
354 	 0.008000 	 0.006400 
355 	 0.009105 	 0.006242 
356 	 0.107731 	 0.085152 
357 	 0.007684 	 0.006961 
358 	 0.017157 	 0.013788 
359 	 0.040156 	 0.031030 
360 	 0.015473 	 0.012551 
361 	 0.025946 	 0.022474 
362 	 0.013210 	 0.010057 
363 	 0.071259 	 0.057386 
364 	 0.021788 	 0.015617 
365 	 0.016525 	 0.012921 
366 	 0.061523 	 0.051510 
367 	 0.018894 	 0.016403 
368 	 0.036156 	 0.029101 
369 	 0.080364 	 0.067575 
370 	 0.025314 	 0.021612 
371 	 0.052892 	 0.045650 
372 	 0.049418 	 0.039266 
373 	 0.076049 	 0.059483 
374 	 0.009421 	 0.007730 
375 	 0.015683 	 0.011902 
376 	 0.014315 	 0.010671 
377 	 0.011210 	 0.008589 
378 	 0.023104 	 0.018750 
379 	 0.051155 	 0.040813 
380 	 0.017631 	 0.010789 
381 	 0.016631 	 0.011433 
382 	 0.017420 	 0.014809 
383 	 0.016736 	 0.013904 
384 	 0.022157 	 0.020502 
385 	 0.020367 	 0.012671 
386 	 0.030630 	 0.021807 
387 	 0.006947 	 0.005885 
388 	 0.009842 	 0.009547 
389 	 0.017368 	 0.018623 
390 	 0.014631 	 0.013233 
391 	 0.003895 	 0.003185 
392 	 0.009421 	 0.006228 
393 	 0.017578 	 0.013425 
394 	 0.032630 	 0.027875 
395 	 0.006105 	 0.004068 
396 	 0.006473 	 0.004441 
397 	 0.052681 	 0.039304 
398 	 0.027683 	 0.021727 
399 	 0.034998 	 0.028999 
400 	 0.007210 	 0.007782 
401 	 0.022999 	 0.025093 
402 	 0.052839 	 0.043492 
403 	 0.009105 	 0.009516 
404 	 0.012210 	 0.010771 
405 	 0.012473 	 0.011108 
406 	 0.009578 	 0.007781 
407 	 0.009052 	 0.007802 
408 	 0.041629 	 0.040249 
409 	 0.053418 	 0.056381 
410 	 0.011999 	 0.012115 
411 	 0.046682 	 0.050823 
412 	 0.028314 	 0.027214 
413 	 0.065365 	 0.059291 
414 	 0.026314 	 0.021059 
415 	 0.025367 	 0.019148 
416 	 0.005737 	 0.004269 
417 	 0.002684 	 0.002977 
418 	 0.082469 	 0.074723 
419 	 0.014789 	 0.013251 
420 	 0.019104 	 0.014921 
421 	 0.051997 	 0.038028 
422 	 0.069049 	 0.057142 
423 	 0.055892 	 0.044839 
424 	 0.077733 	 0.057857 
425 	 0.087048 	 0.059884 
426 	 0.039366 	 0.025842 
427 	 0.235251 	 0.152040 
428 	 0.016525 	 0.012618 
429 	 0.063576 	 0.042815 
430 	 0.038366 	 0.024182 
431 	 0.050892 	 0.051389 
432 	 0.065102 	 0.068560 
433 	 0.114626 	 0.084996 
