#Resi 	 RRMs_contacts 	 RRMs_contacts_rew 
314 	 0.049892 	 0.044527 
315 	 0.240514 	 0.220503 
316 	 0.264355 	 0.254513 
317 	 0.112415 	 0.125049 
318 	 0.351139 	 0.347551 
319 	 0.092153 	 0.087936 
320 	 0.129098 	 0.110542 
321 	 0.592969 	 0.487926 
322 	 0.066312 	 0.053989 
323 	 0.065733 	 0.051570 
324 	 0.074838 	 0.052826 
325 	 0.265144 	 0.231749 
326 	 0.049787 	 0.037608 
327 	 0.043261 	 0.034041 
328 	 0.029946 	 0.025584 
329 	 0.194990 	 0.176583 
330 	 0.027104 	 0.022913 
331 	 0.030683 	 0.023179 
332 	 0.075364 	 0.065608 
333 	 0.071996 	 0.062973 
334 	 0.056629 	 0.061822 
335 	 0.248513 	 0.213509 
336 	 0.040208 	 0.038526 
337 	 0.204937 	 0.207499 
338 	 0.039735 	 0.044927 
339 	 0.034998 	 0.038302 
340 	 0.070786 	 0.076305 
341 	 0.145519 	 0.154386 
342 	 0.057576 	 0.060149 
343 	 0.021788 	 0.022977 
344 	 0.131467 	 0.120394 
345 	 0.030525 	 0.031990 
346 	 0.038472 	 0.037515 
347 	 0.255355 	 0.262133 
348 	 0.034524 	 0.031533 
349 	 0.035524 	 0.032109 
350 	 0.072944 	 0.064878 
351 	 0.148940 	 0.138764 
352 	 0.034998 	 0.034095 
353 	 0.050839 	 0.045130 
354 	 0.057629 	 0.052210 
355 	 0.059681 	 0.055271 
356 	 0.231988 	 0.232604 
357 	 0.033367 	 0.033054 
358 	 0.059313 	 0.055751 
359 	 0.113468 	 0.110033 
360 	 0.067154 	 0.062906 
361 	 0.108521 	 0.109418 
362 	 0.062260 	 0.066478 
363 	 0.177780 	 0.172604 
364 	 0.062839 	 0.065712 
365 	 0.071575 	 0.077823 
366 	 0.126151 	 0.140892 
367 	 0.046892 	 0.054470 
368 	 0.061944 	 0.066320 
369 	 0.092679 	 0.093488 
370 	 0.036630 	 0.037810 
371 	 0.090627 	 0.095358 
372 	 0.077522 	 0.074344 
373 	 0.178622 	 0.181040 
374 	 0.025735 	 0.029103 
375 	 0.037209 	 0.038233 
376 	 0.034261 	 0.034473 
377 	 0.025314 	 0.022266 
378 	 0.088943 	 0.076325 
379 	 0.367454 	 0.335497 
380 	 0.065891 	 0.089612 
381 	 0.087259 	 0.090843 
382 	 0.120836 	 0.130772 
383 	 0.127993 	 0.162469 
384 	 0.233882 	 0.256969 
385 	 0.119783 	 0.124460 
386 	 0.252618 	 0.245167 
387 	 0.061155 	 0.063097 
388 	 0.111099 	 0.118009 
389 	 0.121257 	 0.107707 
390 	 0.093048 	 0.092955 
391 	 0.036314 	 0.033156 
392 	 0.026051 	 0.025292 
393 	 0.049734 	 0.046191 
394 	 0.140782 	 0.128789 
395 	 0.049892 	 0.045734 
396 	 0.045998 	 0.048006 
397 	 0.305089 	 0.343119 
398 	 0.099626 	 0.098300 
399 	 0.126099 	 0.124212 
400 	 0.029051 	 0.024551 
401 	 0.049787 	 0.040375 
402 	 0.116468 	 0.104689 
403 	 0.016736 	 0.014695 
404 	 0.025104 	 0.020839 
405 	 0.024683 	 0.022173 
406 	 0.019473 	 0.018855 
407 	 0.028209 	 0.027596 
408 	 0.072312 	 0.083529 
409 	 0.042524 	 0.043521 
410 	 0.008842 	 0.008336 
411 	 0.053997 	 0.054761 
412 	 0.031788 	 0.032355 
413 	 0.064365 	 0.068201 
414 	 0.054313 	 0.051755 
415 	 0.058313 	 0.052495 
416 	 0.044998 	 0.039861 
417 	 0.057102 	 0.049597 
418 	 0.343140 	 0.279304 
419 	 0.069154 	 0.050125 
420 	 0.087627 	 0.064500 
421 	 0.143045 	 0.111901 
422 	 0.167517 	 0.124042 
423 	 0.142361 	 0.113400 
424 	 0.233198 	 0.197398 
425 	 0.220304 	 0.205213 
426 	 0.143256 	 0.136108 
427 	 0.314405 	 0.255106 
428 	 0.030419 	 0.023087 
429 	 0.071575 	 0.064722 
430 	 0.039261 	 0.041289 
431 	 0.187937 	 0.161733 
432 	 0.218041 	 0.184339 
433 	 0.298405 	 0.291255 
