#Resi 	 SUMO_contacts 	 SUMO_contacts_rew 
314 	 0.017368 	 0.013500 
315 	 0.063839 	 0.050104 
316 	 0.050787 	 0.037677 
317 	 0.020630 	 0.016399 
318 	 0.050155 	 0.040695 
319 	 0.044156 	 0.038233 
320 	 0.086732 	 0.080450 
321 	 0.215357 	 0.188879 
322 	 0.025051 	 0.021326 
323 	 0.021209 	 0.017201 
324 	 0.019999 	 0.016149 
325 	 0.092100 	 0.074342 
326 	 0.019104 	 0.015726 
327 	 0.021473 	 0.016941 
328 	 0.021420 	 0.018304 
329 	 0.151466 	 0.123452 
330 	 0.021894 	 0.018179 
331 	 0.033840 	 0.031365 
332 	 0.040156 	 0.034875 
333 	 0.067049 	 0.059857 
334 	 0.018210 	 0.014197 
335 	 0.163728 	 0.144282 
336 	 0.017420 	 0.015001 
337 	 0.094311 	 0.077890 
338 	 0.017210 	 0.015410 
339 	 0.011210 	 0.009420 
340 	 0.023157 	 0.018583 
341 	 0.086311 	 0.069649 
342 	 0.017420 	 0.013830 
343 	 0.011578 	 0.008986 
344 	 0.070628 	 0.058276 
345 	 0.011420 	 0.008797 
346 	 0.016946 	 0.014019 
347 	 0.103205 	 0.081313 
348 	 0.012526 	 0.010207 
349 	 0.011210 	 0.009134 
350 	 0.030893 	 0.023141 
351 	 0.097574 	 0.075253 
352 	 0.022104 	 0.017306 
353 	 0.018946 	 0.014295 
354 	 0.018631 	 0.014203 
355 	 0.015104 	 0.011678 
356 	 0.116099 	 0.088255 
357 	 0.013789 	 0.010413 
358 	 0.024578 	 0.018805 
359 	 0.064681 	 0.050243 
360 	 0.028472 	 0.022353 
361 	 0.056471 	 0.044066 
362 	 0.023525 	 0.019576 
363 	 0.091416 	 0.072255 
364 	 0.021367 	 0.017350 
365 	 0.025051 	 0.019185 
366 	 0.099679 	 0.073462 
367 	 0.023420 	 0.017692 
368 	 0.038577 	 0.030704 
369 	 0.038893 	 0.032111 
370 	 0.015841 	 0.012778 
371 	 0.045577 	 0.035811 
372 	 0.036735 	 0.028120 
373 	 0.080469 	 0.058215 
374 	 0.024841 	 0.017775 
375 	 0.023525 	 0.017150 
376 	 0.019736 	 0.013879 
377 	 0.016841 	 0.012372 
378 	 0.037103 	 0.028508 
379 	 0.112678 	 0.086566 
380 	 0.025051 	 0.020878 
381 	 0.049892 	 0.041127 
382 	 0.060365 	 0.046458 
383 	 0.038735 	 0.030415 
384 	 0.062681 	 0.048776 
385 	 0.055681 	 0.044363 
386 	 0.170938 	 0.144542 
387 	 0.024525 	 0.018567 
388 	 0.060734 	 0.051592 
389 	 0.082364 	 0.063814 
390 	 0.116047 	 0.103484 
391 	 0.024999 	 0.020067 
392 	 0.023420 	 0.020487 
393 	 0.059471 	 0.051271 
394 	 0.108100 	 0.085726 
395 	 0.022894 	 0.020420 
396 	 0.011473 	 0.008324 
397 	 0.083943 	 0.063981 
398 	 0.027314 	 0.020392 
399 	 0.048208 	 0.036725 
400 	 0.009000 	 0.007152 
401 	 0.021999 	 0.017308 
402 	 0.089943 	 0.068272 
403 	 0.009736 	 0.007681 
404 	 0.012999 	 0.010668 
405 	 0.007789 	 0.006111 
406 	 0.006631 	 0.005181 
407 	 0.015999 	 0.013148 
408 	 0.051260 	 0.037846 
409 	 0.049892 	 0.039951 
410 	 0.008368 	 0.007524 
411 	 0.031262 	 0.023855 
412 	 0.018736 	 0.014716 
413 	 0.062102 	 0.051744 
414 	 0.016578 	 0.012594 
415 	 0.022630 	 0.018142 
416 	 0.007947 	 0.007331 
417 	 0.010105 	 0.008834 
418 	 0.164676 	 0.134569 
419 	 0.033840 	 0.028348 
420 	 0.024946 	 0.020578 
421 	 0.057997 	 0.045952 
422 	 0.082101 	 0.066248 
423 	 0.111520 	 0.094797 
424 	 0.103626 	 0.082799 
425 	 0.107152 	 0.087676 
426 	 0.056681 	 0.045131 
427 	 0.169991 	 0.137675 
428 	 0.023946 	 0.019907 
429 	 0.060576 	 0.048944 
430 	 0.019999 	 0.015770 
431 	 0.090153 	 0.072929 
432 	 0.101574 	 0.082676 
433 	 0.122099 	 0.095420 
