#Resi 	 SUMO_contacts 	 SUMO_contacts_rew 
314 	 0.031525 	 0.029029 
315 	 0.089258 	 0.072618 
316 	 0.073101 	 0.062147 
317 	 0.027472 	 0.026422 
318 	 0.066786 	 0.059006 
319 	 0.012736 	 0.010572 
320 	 0.023420 	 0.017378 
321 	 0.094311 	 0.072043 
322 	 0.011157 	 0.008609 
323 	 0.013052 	 0.010363 
324 	 0.012947 	 0.010038 
325 	 0.093153 	 0.071765 
326 	 0.011052 	 0.008223 
327 	 0.013473 	 0.010535 
328 	 0.018631 	 0.013336 
329 	 0.122836 	 0.095958 
330 	 0.014210 	 0.010725 
331 	 0.011736 	 0.008778 
332 	 0.024841 	 0.017406 
333 	 0.011947 	 0.008223 
334 	 0.020104 	 0.012251 
335 	 0.055839 	 0.036509 
336 	 0.005473 	 0.003361 
337 	 0.046313 	 0.029136 
338 	 0.008105 	 0.005100 
339 	 0.012789 	 0.007705 
340 	 0.036472 	 0.029179 
341 	 0.097521 	 0.071947 
342 	 0.020736 	 0.017830 
343 	 0.022209 	 0.020024 
344 	 0.053997 	 0.037810 
345 	 0.010368 	 0.008909 
346 	 0.013999 	 0.010451 
347 	 0.110994 	 0.076199 
348 	 0.012684 	 0.009216 
349 	 0.010315 	 0.008270 
350 	 0.027525 	 0.020735 
351 	 0.047576 	 0.037235 
352 	 0.009000 	 0.006769 
353 	 0.011894 	 0.008745 
354 	 0.013105 	 0.009023 
355 	 0.008421 	 0.005699 
356 	 0.072101 	 0.049605 
357 	 0.012210 	 0.008032 
358 	 0.016052 	 0.010820 
359 	 0.044366 	 0.030721 
360 	 0.020788 	 0.014173 
361 	 0.021683 	 0.014157 
362 	 0.010473 	 0.007516 
363 	 0.036945 	 0.025114 
364 	 0.016946 	 0.012389 
365 	 0.011631 	 0.009518 
366 	 0.063681 	 0.044787 
367 	 0.008736 	 0.006668 
368 	 0.019052 	 0.013985 
369 	 0.020367 	 0.014826 
370 	 0.007368 	 0.005456 
371 	 0.015841 	 0.011384 
372 	 0.017104 	 0.010925 
373 	 0.084627 	 0.060562 
374 	 0.008000 	 0.006135 
375 	 0.009157 	 0.006871 
376 	 0.007368 	 0.005263 
377 	 0.006947 	 0.005216 
378 	 0.015052 	 0.010479 
379 	 0.037577 	 0.027993 
380 	 0.006000 	 0.003541 
381 	 0.011684 	 0.007338 
382 	 0.011999 	 0.007657 
383 	 0.011894 	 0.007038 
384 	 0.021841 	 0.013419 
385 	 0.010157 	 0.006367 
386 	 0.049208 	 0.030494 
387 	 0.010421 	 0.007767 
388 	 0.016683 	 0.011770 
389 	 0.019631 	 0.015934 
390 	 0.020420 	 0.012864 
391 	 0.004631 	 0.003044 
392 	 0.004526 	 0.002490 
393 	 0.010736 	 0.006868 
394 	 0.030577 	 0.019211 
395 	 0.004368 	 0.002558 
396 	 0.004052 	 0.002357 
397 	 0.041524 	 0.026361 
398 	 0.012052 	 0.008615 
399 	 0.013526 	 0.009797 
400 	 0.003842 	 0.002786 
401 	 0.012052 	 0.008770 
402 	 0.049208 	 0.034951 
403 	 0.006947 	 0.005183 
404 	 0.005894 	 0.004106 
405 	 0.005210 	 0.003774 
406 	 0.005631 	 0.004063 
407 	 0.008052 	 0.005705 
408 	 0.030630 	 0.021754 
409 	 0.020736 	 0.014127 
410 	 0.007052 	 0.004814 
411 	 0.027525 	 0.019228 
412 	 0.022473 	 0.016076 
413 	 0.026157 	 0.018585 
414 	 0.014315 	 0.010309 
415 	 0.011052 	 0.007295 
416 	 0.003000 	 0.002053 
417 	 0.004105 	 0.002849 
418 	 0.056260 	 0.040394 
419 	 0.006210 	 0.005285 
420 	 0.008000 	 0.006671 
421 	 0.027420 	 0.023429 
422 	 0.026999 	 0.020500 
423 	 0.031577 	 0.025959 
424 	 0.046524 	 0.038310 
425 	 0.033630 	 0.028864 
426 	 0.031946 	 0.023917 
427 	 0.075733 	 0.057928 
428 	 0.008947 	 0.007600 
429 	 0.024104 	 0.018347 
430 	 0.010052 	 0.008444 
431 	 0.048682 	 0.038524 
432 	 0.062628 	 0.048503 
433 	 0.079996 	 0.063709 
