#Resi 	 SUMO_contacts 	 SUMO_contacts_rew 
314 	 0.017368 	 0.013500 
315 	 0.054102 	 0.042864 
316 	 0.044156 	 0.032756 
317 	 0.020630 	 0.016399 
318 	 0.045471 	 0.036975 
319 	 0.044156 	 0.038233 
320 	 0.077259 	 0.071966 
321 	 0.156939 	 0.137909 
322 	 0.025051 	 0.021326 
323 	 0.021209 	 0.017201 
324 	 0.019999 	 0.016149 
325 	 0.077364 	 0.062007 
326 	 0.019104 	 0.015726 
327 	 0.021473 	 0.016941 
328 	 0.021420 	 0.018304 
329 	 0.110257 	 0.090475 
330 	 0.021894 	 0.018179 
331 	 0.033840 	 0.031365 
332 	 0.037419 	 0.032549 
333 	 0.061313 	 0.055044 
334 	 0.017104 	 0.013397 
335 	 0.118731 	 0.104544 
336 	 0.017420 	 0.015001 
337 	 0.076101 	 0.062967 
338 	 0.017210 	 0.015410 
339 	 0.011210 	 0.009420 
340 	 0.021209 	 0.016992 
341 	 0.062786 	 0.050841 
342 	 0.015315 	 0.012077 
343 	 0.011578 	 0.008986 
344 	 0.058628 	 0.048126 
345 	 0.011420 	 0.008797 
346 	 0.016946 	 0.014019 
347 	 0.074996 	 0.058669 
348 	 0.012526 	 0.010207 
349 	 0.011210 	 0.009134 
350 	 0.027472 	 0.020650 
351 	 0.077733 	 0.060009 
352 	 0.022104 	 0.017306 
353 	 0.018946 	 0.014295 
354 	 0.018631 	 0.014203 
355 	 0.015104 	 0.011678 
356 	 0.076838 	 0.058391 
357 	 0.013789 	 0.010413 
358 	 0.024578 	 0.018805 
359 	 0.055944 	 0.043518 
360 	 0.028472 	 0.022353 
361 	 0.049839 	 0.038876 
362 	 0.023525 	 0.019576 
363 	 0.063997 	 0.050700 
364 	 0.019999 	 0.016252 
365 	 0.025051 	 0.019185 
366 	 0.072207 	 0.053635 
367 	 0.023420 	 0.017692 
368 	 0.034788 	 0.027936 
369 	 0.033946 	 0.027997 
370 	 0.015841 	 0.012778 
371 	 0.040945 	 0.032115 
372 	 0.033472 	 0.025806 
373 	 0.060523 	 0.043858 
374 	 0.024841 	 0.017775 
375 	 0.023525 	 0.017150 
376 	 0.019736 	 0.013879 
377 	 0.016841 	 0.012372 
378 	 0.033419 	 0.025467 
379 	 0.074207 	 0.056787 
380 	 0.022946 	 0.019043 
381 	 0.046208 	 0.037935 
382 	 0.055313 	 0.042608 
383 	 0.033156 	 0.026044 
384 	 0.054260 	 0.042251 
385 	 0.050576 	 0.040397 
386 	 0.122783 	 0.103495 
387 	 0.024525 	 0.018567 
388 	 0.053050 	 0.045116 
389 	 0.074786 	 0.057758 
390 	 0.095995 	 0.085571 
391 	 0.024999 	 0.020067 
392 	 0.023420 	 0.020487 
393 	 0.052945 	 0.045506 
394 	 0.079470 	 0.063211 
395 	 0.022894 	 0.020420 
396 	 0.011473 	 0.008324 
397 	 0.068417 	 0.052258 
398 	 0.024472 	 0.018292 
399 	 0.043366 	 0.033221 
400 	 0.009000 	 0.007152 
401 	 0.020157 	 0.015923 
402 	 0.057681 	 0.044086 
403 	 0.009736 	 0.007681 
404 	 0.012999 	 0.010668 
405 	 0.007789 	 0.006111 
406 	 0.006631 	 0.005181 
407 	 0.014841 	 0.012115 
408 	 0.033367 	 0.024803 
409 	 0.036314 	 0.029408 
410 	 0.008368 	 0.007524 
411 	 0.025735 	 0.019634 
412 	 0.016420 	 0.012950 
413 	 0.050524 	 0.042155 
414 	 0.014683 	 0.011078 
415 	 0.020315 	 0.016214 
416 	 0.007947 	 0.007331 
417 	 0.010105 	 0.008834 
418 	 0.106363 	 0.086990 
419 	 0.033840 	 0.028348 
420 	 0.024946 	 0.020578 
421 	 0.049839 	 0.039409 
422 	 0.068628 	 0.055346 
423 	 0.093048 	 0.079790 
424 	 0.085943 	 0.068698 
425 	 0.091785 	 0.076189 
426 	 0.049471 	 0.039766 
427 	 0.116310 	 0.094633 
428 	 0.023946 	 0.019907 
429 	 0.052471 	 0.042539 
430 	 0.019999 	 0.015770 
431 	 0.074417 	 0.060304 
432 	 0.083890 	 0.068082 
433 	 0.089364 	 0.070220 
