#Resi 	 SUMO_contacts 	 SUMO_contacts_rew 
314 	 0.029420 	 0.026481 
315 	 0.090311 	 0.081424 
316 	 0.062365 	 0.056831 
317 	 0.028262 	 0.026018 
318 	 0.079048 	 0.080370 
319 	 0.037419 	 0.040864 
320 	 0.050418 	 0.047008 
321 	 0.183569 	 0.168333 
322 	 0.027314 	 0.025374 
323 	 0.023367 	 0.020995 
324 	 0.033577 	 0.035811 
325 	 0.152413 	 0.148723 
326 	 0.026946 	 0.029920 
327 	 0.019999 	 0.019233 
328 	 0.017999 	 0.016270 
329 	 0.150887 	 0.132419 
330 	 0.024262 	 0.021329 
331 	 0.027946 	 0.025729 
332 	 0.047892 	 0.046167 
333 	 0.076417 	 0.072924 
334 	 0.055050 	 0.055903 
335 	 0.255197 	 0.240768 
336 	 0.042366 	 0.044856 
337 	 0.182727 	 0.177148 
338 	 0.031525 	 0.034471 
339 	 0.039524 	 0.042820 
340 	 0.064418 	 0.065669 
341 	 0.286090 	 0.306224 
342 	 0.052787 	 0.050698 
343 	 0.038103 	 0.039201 
344 	 0.132519 	 0.129511 
345 	 0.027946 	 0.026392 
346 	 0.019473 	 0.018700 
347 	 0.138993 	 0.144068 
348 	 0.026209 	 0.028050 
349 	 0.023893 	 0.024685 
350 	 0.037945 	 0.035421 
351 	 0.097942 	 0.095081 
352 	 0.016525 	 0.016126 
353 	 0.015315 	 0.015123 
354 	 0.018367 	 0.017531 
355 	 0.017631 	 0.016363 
356 	 0.105310 	 0.101294 
357 	 0.014578 	 0.013586 
358 	 0.026314 	 0.025296 
359 	 0.066207 	 0.063956 
360 	 0.030630 	 0.027210 
361 	 0.075417 	 0.071448 
362 	 0.036840 	 0.034790 
363 	 0.179464 	 0.184571 
364 	 0.037314 	 0.039606 
365 	 0.032472 	 0.031450 
366 	 0.120520 	 0.128470 
367 	 0.018631 	 0.018050 
368 	 0.027104 	 0.027773 
369 	 0.022946 	 0.023057 
370 	 0.008421 	 0.008638 
371 	 0.023788 	 0.025412 
372 	 0.030577 	 0.033583 
373 	 0.082785 	 0.089393 
374 	 0.012684 	 0.013924 
375 	 0.014315 	 0.016342 
376 	 0.014315 	 0.015622 
377 	 0.012105 	 0.012500 
378 	 0.023630 	 0.024515 
379 	 0.089837 	 0.091321 
380 	 0.010315 	 0.009787 
381 	 0.015683 	 0.015788 
382 	 0.023683 	 0.024425 
383 	 0.022420 	 0.021737 
384 	 0.025262 	 0.024140 
385 	 0.027893 	 0.030153 
386 	 0.086890 	 0.093551 
387 	 0.009315 	 0.009092 
388 	 0.029314 	 0.032694 
389 	 0.034209 	 0.037105 
390 	 0.057102 	 0.059933 
391 	 0.015157 	 0.016886 
392 	 0.015736 	 0.019257 
393 	 0.030630 	 0.035250 
394 	 0.109731 	 0.124446 
395 	 0.021630 	 0.024866 
396 	 0.024946 	 0.029100 
397 	 0.130256 	 0.139982 
398 	 0.050313 	 0.053210 
399 	 0.054576 	 0.058610 
400 	 0.020841 	 0.022571 
401 	 0.053155 	 0.053768 
402 	 0.158150 	 0.158482 
403 	 0.014157 	 0.014565 
404 	 0.018104 	 0.018163 
405 	 0.017894 	 0.018454 
406 	 0.020841 	 0.021346 
407 	 0.026472 	 0.027145 
408 	 0.054471 	 0.054954 
409 	 0.056576 	 0.060601 
410 	 0.009105 	 0.010225 
411 	 0.050155 	 0.057779 
412 	 0.034893 	 0.035975 
413 	 0.044313 	 0.047092 
414 	 0.037209 	 0.035560 
415 	 0.021736 	 0.022180 
416 	 0.014894 	 0.015073 
417 	 0.012684 	 0.013203 
418 	 0.144519 	 0.137129 
419 	 0.034788 	 0.031107 
420 	 0.036577 	 0.033472 
421 	 0.070944 	 0.071124 
422 	 0.136045 	 0.126532 
423 	 0.089785 	 0.087865 
424 	 0.123467 	 0.113467 
425 	 0.071312 	 0.067555 
426 	 0.073154 	 0.071513 
427 	 0.222515 	 0.229391 
428 	 0.027209 	 0.028124 
429 	 0.053313 	 0.053395 
430 	 0.024736 	 0.028104 
431 	 0.152413 	 0.157269 
432 	 0.118204 	 0.117047 
433 	 0.119573 	 0.122092 
