#Resi 	 SUMO_contacts 	 SUMO_contacts_rew 
314 	 0.018052 	 0.041390 
315 	 0.023472 	 0.037119 
316 	 0.014894 	 0.022479 
317 	 0.002631 	 0.002866 
318 	 0.013473 	 0.014687 
319 	 0.004316 	 0.004944 
320 	 0.008789 	 0.012469 
321 	 0.029420 	 0.064887 
322 	 0.002789 	 0.003417 
323 	 0.005000 	 0.006857 
324 	 0.004684 	 0.008780 
325 	 0.026788 	 0.040675 
326 	 0.004684 	 0.009160 
327 	 0.002895 	 0.005849 
328 	 0.003579 	 0.005837 
329 	 0.047050 	 0.074034 
330 	 0.006421 	 0.011531 
331 	 0.006736 	 0.007004 
332 	 0.021367 	 0.037939 
333 	 0.020315 	 0.033476 
334 	 0.012105 	 0.029338 
335 	 0.052155 	 0.074246 
336 	 0.002947 	 0.006734 
337 	 0.032261 	 0.045970 
338 	 0.007210 	 0.012610 
339 	 0.008421 	 0.015654 
340 	 0.023788 	 0.044406 
341 	 0.096732 	 0.175080 
342 	 0.022525 	 0.031804 
343 	 0.016157 	 0.020052 
344 	 0.053681 	 0.089183 
345 	 0.007263 	 0.017500 
346 	 0.014210 	 0.034027 
347 	 0.103416 	 0.186842 
348 	 0.009999 	 0.016951 
349 	 0.015315 	 0.022267 
350 	 0.027104 	 0.044612 
351 	 0.132940 	 0.218370 
352 	 0.015999 	 0.038181 
353 	 0.014683 	 0.031820 
354 	 0.010789 	 0.034614 
355 	 0.009684 	 0.034877 
356 	 0.051313 	 0.143243 
357 	 0.010052 	 0.042999 
358 	 0.018525 	 0.084413 
359 	 0.045103 	 0.199775 
360 	 0.013262 	 0.070102 
361 	 0.018631 	 0.066229 
362 	 0.003579 	 0.010004 
363 	 0.027841 	 0.089543 
364 	 0.003316 	 0.014530 
365 	 0.001000 	 0.001575 
366 	 0.011578 	 0.023384 
367 	 0.002474 	 0.002781 
368 	 0.004947 	 0.008604 
369 	 0.007315 	 0.012091 
370 	 0.001105 	 0.000667 
371 	 0.002737 	 0.002783 
372 	 0.002158 	 0.001976 
373 	 0.008842 	 0.010517 
374 	 0.001210 	 0.001660 
375 	 0.001895 	 0.003230 
376 	 0.001684 	 0.002606 
377 	 0.002684 	 0.003196 
378 	 0.006315 	 0.007920 
379 	 0.033840 	 0.040026 
380 	 0.002737 	 0.003552 
381 	 0.011473 	 0.013477 
382 	 0.013420 	 0.018146 
383 	 0.004789 	 0.008690 
384 	 0.027262 	 0.040366 
385 	 0.009157 	 0.012528 
386 	 0.017525 	 0.023944 
387 	 0.005368 	 0.016496 
388 	 0.007000 	 0.018904 
389 	 0.009631 	 0.036797 
390 	 0.005737 	 0.007885 
391 	 0.000842 	 0.000911 
392 	 0.001842 	 0.001525 
393 	 0.004526 	 0.006470 
394 	 0.019367 	 0.030131 
395 	 0.004263 	 0.002906 
396 	 0.003263 	 0.003507 
397 	 0.014894 	 0.018295 
398 	 0.005263 	 0.008705 
399 	 0.005737 	 0.011568 
400 	 0.001210 	 0.001287 
401 	 0.005842 	 0.006026 
402 	 0.019052 	 0.020782 
403 	 0.002210 	 0.001824 
404 	 0.002368 	 0.001758 
405 	 0.001579 	 0.001294 
406 	 0.000263 	 0.000235 
407 	 0.001000 	 0.000801 
408 	 0.011263 	 0.011886 
409 	 0.008578 	 0.012819 
410 	 0.001474 	 0.004142 
411 	 0.007210 	 0.014379 
412 	 0.005000 	 0.007370 
413 	 0.008894 	 0.017029 
414 	 0.001368 	 0.001918 
415 	 0.004789 	 0.007668 
416 	 0.003000 	 0.004559 
417 	 0.002421 	 0.004569 
418 	 0.022630 	 0.043126 
419 	 0.001053 	 0.003746 
420 	 0.000789 	 0.003707 
421 	 0.002000 	 0.008189 
422 	 0.003368 	 0.014295 
423 	 0.003526 	 0.005579 
424 	 0.011210 	 0.024035 
425 	 0.006579 	 0.010430 
426 	 0.007000 	 0.015161 
427 	 0.013368 	 0.032715 
428 	 0.000368 	 0.001356 
429 	 0.001895 	 0.004799 
430 	 0.003947 	 0.003615 
431 	 0.008052 	 0.010168 
432 	 0.006421 	 0.016733 
433 	 0.020367 	 0.029042 
