#Resi 	 SUMO_contacts 	 SUMO_contacts_rew 
314 	 0.019210 	 0.012945 
315 	 0.083469 	 0.058108 
316 	 0.057050 	 0.032431 
317 	 0.019578 	 0.013464 
318 	 0.040472 	 0.035057 
319 	 0.008789 	 0.006495 
320 	 0.017525 	 0.013218 
321 	 0.115836 	 0.105246 
322 	 0.011315 	 0.012543 
323 	 0.009210 	 0.008929 
324 	 0.011420 	 0.011741 
325 	 0.039472 	 0.030028 
326 	 0.005579 	 0.004915 
327 	 0.003000 	 0.002156 
328 	 0.005421 	 0.003646 
329 	 0.043682 	 0.029028 
330 	 0.004473 	 0.003251 
331 	 0.002105 	 0.001441 
332 	 0.007368 	 0.006657 
333 	 0.005579 	 0.004458 
334 	 0.006842 	 0.004379 
335 	 0.026262 	 0.021432 
336 	 0.003105 	 0.002123 
337 	 0.023893 	 0.017342 
338 	 0.004894 	 0.003594 
339 	 0.003316 	 0.003086 
340 	 0.005684 	 0.006308 
341 	 0.034998 	 0.028691 
342 	 0.010263 	 0.006104 
343 	 0.002579 	 0.001635 
344 	 0.024104 	 0.017664 
345 	 0.003316 	 0.002914 
346 	 0.005421 	 0.004431 
347 	 0.031314 	 0.025986 
348 	 0.002263 	 0.001972 
349 	 0.003631 	 0.004265 
350 	 0.009789 	 0.009344 
351 	 0.028683 	 0.027037 
352 	 0.004368 	 0.003926 
353 	 0.003631 	 0.002968 
354 	 0.003000 	 0.003389 
355 	 0.002368 	 0.003720 
356 	 0.025472 	 0.027118 
357 	 0.001947 	 0.001927 
358 	 0.003263 	 0.003407 
359 	 0.009947 	 0.008639 
360 	 0.003000 	 0.002090 
361 	 0.007789 	 0.005826 
362 	 0.002421 	 0.001614 
363 	 0.022473 	 0.017444 
364 	 0.003684 	 0.002850 
365 	 0.003789 	 0.002251 
366 	 0.015736 	 0.010144 
367 	 0.003526 	 0.002744 
368 	 0.005789 	 0.005083 
369 	 0.011578 	 0.008246 
370 	 0.004316 	 0.002164 
371 	 0.005842 	 0.003759 
372 	 0.003947 	 0.001955 
373 	 0.011420 	 0.007359 
374 	 0.002263 	 0.001964 
375 	 0.002631 	 0.001857 
376 	 0.002105 	 0.001807 
377 	 0.001947 	 0.001426 
378 	 0.006421 	 0.005324 
379 	 0.022209 	 0.015353 
380 	 0.003368 	 0.002245 
381 	 0.011315 	 0.009168 
382 	 0.013736 	 0.010956 
383 	 0.006158 	 0.004440 
384 	 0.006052 	 0.004931 
385 	 0.003158 	 0.002616 
386 	 0.007894 	 0.007559 
387 	 0.001421 	 0.000912 
388 	 0.002105 	 0.001721 
389 	 0.004263 	 0.002497 
390 	 0.006368 	 0.006521 
391 	 0.001684 	 0.001344 
392 	 0.001579 	 0.001454 
393 	 0.004368 	 0.004100 
394 	 0.011631 	 0.010093 
395 	 0.003474 	 0.003250 
396 	 0.004263 	 0.003809 
397 	 0.026841 	 0.025236 
398 	 0.007368 	 0.007476 
399 	 0.009578 	 0.010057 
400 	 0.001842 	 0.001896 
401 	 0.004210 	 0.005244 
402 	 0.015578 	 0.014743 
403 	 0.001210 	 0.001123 
404 	 0.000632 	 0.000460 
405 	 0.000421 	 0.000358 
406 	 0.000842 	 0.000325 
407 	 0.001842 	 0.000900 
408 	 0.002737 	 0.003034 
409 	 0.001158 	 0.000847 
410 	 0.000263 	 0.000143 
411 	 0.004052 	 0.002216 
412 	 0.002895 	 0.001399 
413 	 0.007526 	 0.003625 
414 	 0.002474 	 0.001871 
415 	 0.004421 	 0.003719 
416 	 0.002474 	 0.002330 
417 	 0.001526 	 0.001431 
418 	 0.015315 	 0.011507 
419 	 0.001316 	 0.000821 
420 	 0.001158 	 0.000728 
421 	 0.002579 	 0.001343 
422 	 0.005473 	 0.003951 
423 	 0.003368 	 0.003126 
424 	 0.008578 	 0.006027 
425 	 0.007158 	 0.005651 
426 	 0.007210 	 0.007788 
427 	 0.015578 	 0.014765 
428 	 0.002579 	 0.001804 
429 	 0.008842 	 0.006837 
430 	 0.001789 	 0.001804 
431 	 0.014473 	 0.008300 
432 	 0.019683 	 0.014344 
433 	 0.017104 	 0.012190 
