#Resi 	 SUMO_contacts 	 SUMO_contacts_rew 
314 	 0.045892 	 0.030821 
315 	 0.107626 	 0.096038 
316 	 0.111731 	 0.085973 
317 	 0.043471 	 0.035830 
318 	 0.156360 	 0.120228 
319 	 0.057944 	 0.043898 
320 	 0.063576 	 0.051000 
321 	 0.211463 	 0.183887 
322 	 0.026999 	 0.025597 
323 	 0.022946 	 0.020199 
324 	 0.020052 	 0.018405 
325 	 0.121941 	 0.101737 
326 	 0.026367 	 0.024130 
327 	 0.025946 	 0.024812 
328 	 0.019367 	 0.018498 
329 	 0.091837 	 0.077964 
330 	 0.011999 	 0.010250 
331 	 0.009789 	 0.008557 
332 	 0.018420 	 0.014632 
333 	 0.034735 	 0.038271 
334 	 0.022473 	 0.019834 
335 	 0.088680 	 0.073887 
336 	 0.023578 	 0.019578 
337 	 0.136730 	 0.100828 
338 	 0.023946 	 0.019055 
339 	 0.012736 	 0.010023 
340 	 0.026420 	 0.021443 
341 	 0.062786 	 0.047657 
342 	 0.030946 	 0.023730 
343 	 0.012526 	 0.009098 
344 	 0.050313 	 0.037128 
345 	 0.013210 	 0.010018 
346 	 0.017210 	 0.011835 
347 	 0.092574 	 0.061090 
348 	 0.012052 	 0.007687 
349 	 0.010315 	 0.007634 
350 	 0.016157 	 0.012591 
351 	 0.074417 	 0.057771 
352 	 0.013473 	 0.010035 
353 	 0.015578 	 0.011578 
354 	 0.019736 	 0.013200 
355 	 0.013526 	 0.009054 
356 	 0.067102 	 0.046920 
357 	 0.011894 	 0.007343 
358 	 0.032630 	 0.019932 
359 	 0.044945 	 0.034025 
360 	 0.044156 	 0.033415 
361 	 0.086101 	 0.064800 
362 	 0.056681 	 0.039025 
363 	 0.096100 	 0.064595 
364 	 0.031630 	 0.019892 
365 	 0.031051 	 0.022261 
366 	 0.103995 	 0.067988 
367 	 0.009631 	 0.006481 
368 	 0.023472 	 0.015996 
369 	 0.022999 	 0.013651 
370 	 0.007315 	 0.004620 
371 	 0.024209 	 0.015250 
372 	 0.027104 	 0.017286 
373 	 0.129098 	 0.080678 
374 	 0.022525 	 0.013944 
375 	 0.031946 	 0.020304 
376 	 0.052418 	 0.033594 
377 	 0.062313 	 0.038437 
378 	 0.110152 	 0.067873 
379 	 0.084890 	 0.059712 
380 	 0.069733 	 0.044090 
381 	 0.019631 	 0.012606 
382 	 0.018315 	 0.010991 
383 	 0.035156 	 0.021565 
384 	 0.047892 	 0.030269 
385 	 0.030525 	 0.021204 
386 	 0.079417 	 0.051275 
387 	 0.030683 	 0.018877 
388 	 0.048050 	 0.029301 
389 	 0.052366 	 0.032987 
390 	 0.040261 	 0.026767 
391 	 0.009000 	 0.005704 
392 	 0.011105 	 0.007050 
393 	 0.019841 	 0.011587 
394 	 0.036577 	 0.022445 
395 	 0.009578 	 0.005924 
396 	 0.004579 	 0.002941 
397 	 0.051366 	 0.037015 
398 	 0.029420 	 0.020609 
399 	 0.030630 	 0.020463 
400 	 0.015052 	 0.011670 
401 	 0.041787 	 0.034784 
402 	 0.146308 	 0.112249 
403 	 0.015104 	 0.011866 
404 	 0.012947 	 0.010138 
405 	 0.012473 	 0.009468 
406 	 0.012210 	 0.008768 
407 	 0.024209 	 0.016702 
408 	 0.059260 	 0.043252 
409 	 0.066523 	 0.050948 
410 	 0.016262 	 0.012844 
411 	 0.052471 	 0.039079 
412 	 0.031525 	 0.019716 
413 	 0.098732 	 0.070558 
414 	 0.029104 	 0.017678 
415 	 0.039945 	 0.025637 
416 	 0.015578 	 0.010474 
417 	 0.015578 	 0.011816 
418 	 0.177464 	 0.119405 
419 	 0.016473 	 0.011610 
420 	 0.016578 	 0.011922 
421 	 0.035419 	 0.021947 
422 	 0.045103 	 0.031582 
423 	 0.033788 	 0.024334 
424 	 0.051418 	 0.035420 
425 	 0.108047 	 0.066342 
426 	 0.107521 	 0.065042 
427 	 0.297616 	 0.192466 
428 	 0.022473 	 0.015465 
429 	 0.053260 	 0.036964 
430 	 0.070891 	 0.041241 
431 	 0.075785 	 0.057598 
432 	 0.089258 	 0.065342 
433 	 0.114099 	 0.077209 
