nan
nan
1
0.92
nan
0.9
nan
0.8
nan
nan
nan
0.76
nan
0.96
1
1
0.97
0.8
0.8
1
0.56
0.59
nan
nan
nan
0.89
0.86
0.94
0.87
nan
0.6
1
nan
nan
nan
0.65
1
1
1
1
0.74
0.91
nan
0.91
nan
0.74
0.86
0.91
1
nan
nan
0.95
0.9
0.71
0.92
0.84
0.87
0.67
0.69
1
1
nan
0.93
0.73
0.6
0.75
0.65
0.56
0.71
1
1
0.82
nan
0.89
0.52
0.77
1
0.88
0.57
nan
0.85
0.98
0.9
0.61
0.54
0.69
0.51
0.8
0.78
0.75
0.45
0.52
0.88
1
1
0.78
0.54
0.58
0.57
0.88
0.87
0.71
nan
0.88
0.97
0.85
0.96
nan
0.96
1
0.88
1
1
1
1
1
nan
1
1
nan
1
1
0.94
1
1
1
0.95
nan
0.78
0.74
0.88
0.73
0.72
0.92
0.84
0.82
0.51
nan
0.14
nan
