nan
nan
0.88
0.66
0.67
0.74
0.66
0.71
0.83
0.66
1
0.77
1
0.96
0.77
1
0.95
0.81
0.93
0.98
0.93
0.98
0.95
0.94
nan
0.97
0.93
0.88
0.91
0.95
0.93
0.81
0.97
nan
1
nan
0.85
0.66
0.66
0.42
0.51
0.73
0.5
0.85
0.73
1
nan
0.86
0.83
0.72
0.57
0.84
0.8
0.89
0.96
0.87
0.91
0.85
0.96
0.86
1
1
1
0.97
0.99
1
0.9
1
0.96
0.96
0.9
0.86
0.72
0.85
0.88
0.74
0.67
0.82
0.74
0.74
0.83
0.79
0.77
0.76
0.73
0.69
0.8
nan
0.7
0.47
0.24
0.66
0.25
0.52
0.32
0.29
0.43
0.47
0.57
0.6
0.5
0.7
0.62
0.82
0.9
nan
0.53
nan
0.29
0.51
0.24
0.44
0.24
0.4
0.36
0.09
nan
nan
nan
nan
nan
nan
0.11
0
0.02
0
0.03
nan
0.06
0.15
0.79
0.73
0.59
nan
0.76
0.78
0.75
nan
0.88
0.53
