nan
nan
0.53
0.27
0.2
0.36
0.49
0.27
0.4
0.31
0.46
0.37
nan
0.4
0.2
0.36
0.06
0.37
0.16
nan
nan
nan
nan
nan
nan
0.1
0.18
0.16
0.11
0.48
0.21
0.37
0.47
nan
0.68
nan
0.52
0.35
0.48
0.25
0.29
0.5
0.76
nan
0.62
0.88
nan
0.87
0.47
0.67
0.43
0.81
0.75
0.83
nan
0.94
0.81
0.92
0.94
0.86
0.93
0.9
1
0.98
nan
1
0.92
0.97
0.96
1
1
0.97
0.93
1
0.94
0.96
0.99
0.97
0.92
0.94
0.99
1
1
0.81
1
0.89
0.82
1
0.99
1
0.83
0.98
0.89
1
0.98
1
nan
1
0.98
1
0.92
1
0.96
1
0.93
nan
1
nan
0.88
0.98
0.83
0.95
0.87
0.84
0.93
0.96
nan
0.87
0.69
nan
0.83
0.96
0.94
0.85
0.75
0.63
0.56
nan
0.6
0.57
0.72
nan
0.77
0.75
0.78
0.86
0.68
nan
0.8
0.22
