nan
nan
1
1
1
1
1
0.98
1
1
0.97
1
0.95
1
1
1
1
0.98
1
1
1
1
1
nan
1
1
1
1
1
0.99
1
1
1
nan
0.95
nan
1
0.9
0.89
0.7
0.71
0.99
0.94
1
0.89
0.96
nan
0.98
0.97
0.77
0.69
0.98
0.8
0.98
0.91
0.75
0.94
0.86
0.93
0.85
0.81
0.81
0.79
0.83
0.72
0.92
0.62
0.68
0.72
0.7
0.59
0.57
0.33
0.6
0.56
0.43
0.32
0.4
0.2
0.15
0.09
0.07
0.1
0.05
nan
0.03
0.11
nan
0.11
0.03
0.14
0.18
0.18
0.27
0.14
0.17
0.52
0.25
0.5
0.59
0.46
0.83
0.77
0.83
0.99
nan
0.84
nan
0.61
0.74
0.61
0.82
0.7
0.75
0.84
0.87
nan
1
0.68
nan
0.88
1
1
0.98
0.86
0.8
0.85
nan
0.74
0.84
1
0.72
0.97
nan
1
1
1
nan
1
0.49
