nan
nan
1
0.99
1
nan
nan
1
nan
nan
nan
1
nan
0.99
0.98
1
1
1
0.97
1
1
1
1
nan
nan
1
1
1
1
nan
1
1
1
nan
nan
nan
0.96
0.79
0.91
0.67
0.74
1
nan
0.86
0.73
1
1
0.92
0.95
0.68
nan
0.91
0.9
1
0.87
0.8
0.87
1
1
1
1
nan
1
1
1
0.89
nan
0.97
0.89
0.75
0.74
nan
0.66
0.73
0.79
0.6
0.33
0.06
0.06
0.06
0.06
0.06
0.18
0.06
0.06
0.06
nan
0.06
0.06
nan
nan
0.06
nan
0.06
0.06
0.06
0.37
0.06
0.17
0.4
0.21
0.55
0.45
0.56
0.63
0.57
0.51
nan
0.43
0.58
0.31
0.47
0.4
0.52
0.59
0.6
nan
0.62
0.4
nan
0.6
0.92
0.89
0.77
0.66
0.58
0.67
nan
0.67
0.67
0.94
0.82
0.75
0.81
0.94
0.91
0.81
nan
0.96
1.01
