# d_rho r0
0 -8.0 0.850
1 -8.0 0.875
2 -8.0 0.900
3 -8.0 0.925
4 -8.0 0.950
5 -8.0 0.975
6 -8.0 1.000
7 -8.0 1.025
8 -8.0 1.050
9 -8.0 1.075
10 -8.0 1.100
11 -7.0 0.850
12 -7.0 0.875
13 -7.0 0.900
14 -7.0 0.925
15 -7.0 0.950
16 -7.0 0.975
17 -7.0 1.000
18 -7.0 1.025
19 -7.0 1.050
20 -7.0 1.075
21 -7.0 1.100
22 -6.0 0.850
23 -6.0 0.875
24 -6.0 0.900
25 -6.0 0.925
26 -6.0 0.950
27 -6.0 0.975
28 -6.0 1.000
29 -6.0 1.025
30 -6.0 1.050
31 -6.0 1.075
32 -6.0 1.100
33 -5.0 0.850
34 -5.0 0.875
35 -5.0 0.900
36 -5.0 0.925
37 -5.0 0.950
38 -5.0 0.975
39 -5.0 1.000
40 -5.0 1.025
41 -5.0 1.050
42 -5.0 1.075
43 -5.0 1.100
44 -4.0 0.850
45 -4.0 0.875
46 -4.0 0.900
47 -4.0 0.925
48 -4.0 0.950
49 -4.0 0.975
50 -4.0 1.000
51 -4.0 1.025
52 -4.0 1.050
53 -4.0 1.075
54 -4.0 1.100
55 -3.0 0.850
56 -3.0 0.875
57 -3.0 0.900
58 -3.0 0.925
59 -3.0 0.950
60 -3.0 0.975
61 -3.0 1.000
62 -3.0 1.025
63 -3.0 1.050
64 -3.0 1.075
65 -3.0 1.100
66 -2.0 0.850
67 -2.0 0.875
68 -2.0 0.900
69 -2.0 0.925
70 -2.0 0.950
71 -2.0 0.975
72 -2.0 1.000
73 -2.0 1.025
74 -2.0 1.050
75 -2.0 1.075
76 -2.0 1.100
77 -1.0 0.850
78 -1.0 0.875
79 -1.0 0.900
80 -1.0 0.925
81 -1.0 0.950
82 -1.0 0.975
83 -1.0 1.000
84 -1.0 1.025
85 -1.0 1.050
86 -1.0 1.075
87 -1.0 1.100
88 0.0 0.850
89 0.0 0.875
90 0.0 0.900
91 0.0 0.925
92 0.0 0.950
93 0.0 0.975
94 0.0 1.000
95 0.0 1.025
96 0.0 1.050
97 0.0 1.075
98 0.0 1.100
99 1.0 0.850
100 1.0 0.875
101 1.0 0.900
102 1.0 0.925
103 1.0 0.950
104 1.0 0.975
105 1.0 1.000
106 1.0 1.025
107 1.0 1.050
108 1.0 1.075
109 1.0 1.100
110 2.0 0.850
111 2.0 0.875
112 2.0 0.900
113 2.0 0.925
114 2.0 0.950
115 2.0 0.975
116 2.0 1.000
117 2.0 1.025
118 2.0 1.050
119 2.0 1.075
120 2.0 1.100
121 3.0 0.850
122 3.0 0.875
123 3.0 0.900
124 3.0 0.925
125 3.0 0.950
126 3.0 0.975
127 3.0 1.000
128 3.0 1.025
129 3.0 1.050
130 3.0 1.075
131 3.0 1.100
132 4.0 0.850
133 4.0 0.875
134 4.0 0.900
135 4.0 0.925
136 4.0 0.950
137 4.0 0.975
138 4.0 1.000
139 4.0 1.025
140 4.0 1.050
141 4.0 1.075
142 4.0 1.100
143 5.0 0.850
144 5.0 0.875
145 5.0 0.900
146 5.0 0.925
147 5.0 0.950
148 5.0 0.975
149 5.0 1.000
150 5.0 1.025
151 5.0 1.050
152 5.0 1.075
153 5.0 1.100
154 6.0 0.850
155 6.0 0.875
156 6.0 0.900
157 6.0 0.925
158 6.0 0.950
159 6.0 0.975
160 6.0 1.000
161 6.0 1.025
162 6.0 1.050
163 6.0 1.075
164 6.0 1.100
165 7.0 0.850
166 7.0 0.875
167 7.0 0.900
168 7.0 0.925
169 7.0 0.950
170 7.0 0.975
171 7.0 1.000
172 7.0 1.025
173 7.0 1.050
174 7.0 1.075
175 7.0 1.100
176 8.0 0.850
177 8.0 0.875
178 8.0 0.900
179 8.0 0.925
180 8.0 0.950
181 8.0 0.975
182 8.0 1.000
183 8.0 1.025
184 8.0 1.050
185 8.0 1.075
186 8.0 1.100
187 9.0 0.850
188 9.0 0.875
189 9.0 0.900
190 9.0 0.925
191 9.0 0.950
192 9.0 0.975
193 9.0 1.000
194 9.0 1.025
195 9.0 1.050
196 9.0 1.075
197 9.0 1.100
198 10.0 0.850
199 10.0 0.875
200 10.0 0.900
201 10.0 0.925
202 10.0 0.950
203 10.0 0.975
204 10.0 1.000
205 10.0 1.025
206 10.0 1.050
207 10.0 1.075
208 10.0 1.100
209 11.0 0.850
210 11.0 0.875
211 11.0 0.900
212 11.0 0.925
213 11.0 0.950
214 11.0 0.975
215 11.0 1.000
216 11.0 1.025
217 11.0 1.050
218 11.0 1.075
219 11.0 1.100
220 12.0 0.850
221 12.0 0.875
222 12.0 0.900
223 12.0 0.925
224 12.0 0.950
225 12.0 0.975
226 12.0 1.000
227 12.0 1.025
228 12.0 1.050
229 12.0 1.075
230 12.0 1.100
231 13.0 0.850
232 13.0 0.875
233 13.0 0.900
234 13.0 0.925
235 13.0 0.950
236 13.0 0.975
237 13.0 1.000
238 13.0 1.025
239 13.0 1.050
240 13.0 1.075
241 13.0 1.100
242 14.0 0.850
243 14.0 0.875
244 14.0 0.900
245 14.0 0.925
246 14.0 0.950
247 14.0 0.975
248 14.0 1.000
249 14.0 1.025
250 14.0 1.050
251 14.0 1.075
252 14.0 1.100
253 15.0 0.850
254 15.0 0.875
255 15.0 0.900
256 15.0 0.925
257 15.0 0.950
258 15.0 0.975
259 15.0 1.000
260 15.0 1.025
261 15.0 1.050
262 15.0 1.075
263 15.0 1.100
264 16.0 0.850
265 16.0 0.875
266 16.0 0.900
267 16.0 0.925
268 16.0 0.950
269 16.0 0.975
270 16.0 1.000
271 16.0 1.025
272 16.0 1.050
273 16.0 1.075
274 16.0 1.100
275 17.0 0.850
276 17.0 0.875
277 17.0 0.900
278 17.0 0.925
279 17.0 0.950
280 17.0 0.975
281 17.0 1.000
282 17.0 1.025
283 17.0 1.050
284 17.0 1.075
285 17.0 1.100
286 18.0 0.850
287 18.0 0.875
288 18.0 0.900
289 18.0 0.925
290 18.0 0.950
291 18.0 0.975
292 18.0 1.000
293 18.0 1.025
294 18.0 1.050
295 18.0 1.075
296 18.0 1.100
297 19.0 0.850
298 19.0 0.875
299 19.0 0.900
300 19.0 0.925
301 19.0 0.950
302 19.0 0.975
303 19.0 1.000
304 19.0 1.025
305 19.0 1.050
306 19.0 1.075
307 19.0 1.100
308 20.0 0.850
309 20.0 0.875
310 20.0 0.900
311 20.0 0.925
312 20.0 0.950
313 20.0 0.975
314 20.0 1.000
315 20.0 1.025
316 20.0 1.050
317 20.0 1.075
318 20.0 1.100
319 21.0 0.850
320 21.0 0.875
321 21.0 0.900
322 21.0 0.925
323 21.0 0.950
324 21.0 0.975
325 21.0 1.000
326 21.0 1.025
327 21.0 1.050
328 21.0 1.075
329 21.0 1.100
