0.0044301,0.0056625,0.0010745
0.004716,0.0045736,0.00067335
0.0050018,0.007069,0.00060183
0.0052876,0.0065774,0.00051006
0.0055734,0.0080779,0.00046596
0.0058592,0.0075878,0.00040119
0.006145,0.0077167,0.00036849
0.0064309,0.0073,0.0003299
0.0067167,0.0075763,0.00030516
0.0070025,0.0066915,0.00028652
0.0072883,0.0072381,0.00025837
0.0075741,0.0074608,0.00025558
0.0078599,0.0061717,0.00024799
0.0081457,0.0070808,0.00024456
0.0084316,0.0072752,0.00023428
0.0087174,0.0070288,0.00022535
0.0090032,0.0073796,0.0002205
0.009289,0.0076733,0.00021433
0.0095748,0.0076266,0.00020592
0.0098606,0.0075485,0.00020375
0.010146,0.007411,0.00019573
0.010432,0.0078399,0.00019753
0.010718,0.0075546,0.00018754
0.011004,0.0079787,0.00018677
0.01129,0.0079267,0.00018182
0.011576,0.0072594,0.00017988
0.011861,0.007249,0.00017723
0.012147,0.007515,0.00017297
0.012433,0.0074258,0.00017245
0.012719,0.0074239,0.00016596
0.013005,0.0072246,0.00016707
0.01329,0.0072602,0.0001584
0.013576,0.0069667,0.00015154
0.013862,0.0070759,0.00014944
0.014148,0.0069633,0.00014461
0.014434,0.0074439,0.00014112
0.01472,0.0069484,0.00013645
0.015005,0.0069237,0.0001353
0.015291,0.0074254,0.00013503
0.015577,0.0073046,0.00012954
0.015863,0.006848,0.00012982
0.016149,0.0069932,0.00012533
0.016434,0.0067569,0.00012618
0.01672,0.007497,0.00012388
0.017006,0.0071923,0.00012121
0.017292,0.0068307,0.0001193
0.017578,0.0072223,0.00011835
0.017863,0.0067,0.00011731
0.018149,0.0067993,0.00011568
0.018435,0.0068439,0.00011369
0.018721,0.0068787,0.00011288
0.019007,0.0069967,0.00011146
0.019293,0.0068261,0.00011048
0.019578,0.0071512,0.00010908
0.019864,0.0068825,0.00010753
0.02015,0.0067335,0.00010754
0.020436,0.0067469,0.00010562
0.020722,0.0066073,0.00010532
0.021007,0.0067393,0.00010409
0.021293,0.0066332,0.00010266
0.021579,0.0064338,0.00010301
0.021865,0.0065877,0.00010042
0.022151,0.0064259,0.00010064
0.022437,0.0063664,9.9242e-05
0.022722,0.0065591,9.9137e-05
0.023008,0.006715,9.8134e-05
0.023294,0.0064072,9.671e-05
0.02358,0.0065526,9.7279e-05
0.023866,0.0065205,9.556e-05
0.024151,0.00627,9.5196e-05
0.024437,0.006316,9.3936e-05
0.024723,0.0063407,9.2919e-05
0.025009,0.0062848,9.3934e-05
0.025295,0.0064162,9.1984e-05
0.025581,0.0061641,9.2046e-05
0.025866,0.0062766,9.0501e-05
0.026152,0.0061767,9.0403e-05
0.026438,0.006126,9.0725e-05
0.026724,0.0062458,8.8276e-05
0.02701,0.0061642,8.9462e-05
0.027295,0.0061708,8.7285e-05
0.027581,0.0060133,8.7676e-05
0.027867,0.0060955,8.7485e-05
0.028153,0.0060698,8.6098e-05
0.028439,0.0061161,8.5799e-05
0.028724,0.0060116,8.5728e-05
0.02901,0.0059797,8.4916e-05
0.029296,0.0057912,8.4362e-05
0.029582,0.0057859,8.3583e-05
0.029868,0.0061024,8.5528e-05
0.030154,0.0059941,8.5967e-05
0.030439,0.0058216,8.6378e-05
0.030725,0.0058127,8.543e-05
0.031011,0.0057862,8.546e-05
0.031297,0.0057804,8.6041e-05
0.031583,0.0056654,8.4958e-05
0.031868,0.0056421,8.5321e-05
0.032154,0.0055301,8.4274e-05
0.03244,0.0055813,8.4698e-05
0.032726,0.0055599,8.444e-05
0.033012,0.0054155,8.4294e-05
0.033298,0.0055171,8.454e-05
0.033583,0.0054486,8.3297e-05
0.033869,0.0053182,8.4041e-05
0.034155,0.0053196,8.3947e-05
0.034441,0.0051774,8.3337e-05
0.034727,0.0055724,8.3823e-05
0.035012,0.0052867,8.2908e-05
0.035298,0.0051434,8.3559e-05
0.035584,0.0054815,8.297e-05
0.03587,0.0053059,8.2323e-05
0.036156,0.0051097,8.2955e-05
0.036442,0.0052564,8.239e-05
0.036727,0.005134,8.2345e-05
0.037013,0.0051034,8.1224e-05
0.037299,0.0049328,8.2077e-05
0.037585,0.0048089,8.2341e-05
0.037871,0.0048467,8.1433e-05
0.038156,0.0050345,8.1569e-05
0.038442,0.0050048,8.0478e-05
0.038728,0.0046352,8.1067e-05
0.039014,0.0048194,8.086e-05
0.0393,0.004674,8.0009e-05
0.039585,0.0045862,8.0009e-05
0.039871,0.0048102,7.9657e-05
0.040157,0.0047334,7.9826e-05
0.040443,0.0047608,7.9134e-05
0.040729,0.0048484,7.8558e-05
0.041015,0.0046448,7.9333e-05
0.0413,0.0046628,7.8077e-05
0.041586,0.0045238,7.8743e-05
0.041872,0.0044747,7.7644e-05
0.042158,0.0045557,7.7692e-05
0.042444,0.0041731,7.7991e-05
0.042729,0.0043631,7.7506e-05
0.043015,0.0041218,7.7551e-05
0.043301,0.0041891,7.6507e-05
0.043587,0.0042967,7.6851e-05
0.043873,0.0046674,7.6619e-05
0.044159,0.004281,7.6068e-05
0.044444,0.0043632,7.6264e-05
0.04473,0.0045136,7.5657e-05
0.045016,0.0043338,7.5932e-05
0.045302,0.0040984,7.5377e-05
0.045588,0.0041412,7.4754e-05
0.045873,0.0039374,7.5538e-05
0.046159,0.0040963,7.4614e-05
0.046445,0.0042091,7.4797e-05
0.046731,0.0039211,7.4546e-05
0.047017,0.003909,7.4358e-05
0.047302,0.004075,7.4279e-05
0.047588,0.0039997,7.5416e-05
0.047874,0.0038264,7.6451e-05
0.04816,0.0039977,7.6001e-05
0.048446,0.0039291,7.756e-05
0.048732,0.0040607,7.7381e-05
0.049017,0.0037956,7.8122e-05
0.049303,0.003752,7.8331e-05
0.049589,0.003876,7.8252e-05
0.049875,0.0037985,7.9383e-05
0.050161,0.0039344,7.8612e-05
0.050446,0.0037089,7.9458e-05
0.050732,0.0037606,7.939e-05
0.051018,0.0036979,7.9403e-05
0.051304,0.0034627,8.0585e-05
0.05159,0.0036432,7.9356e-05
0.051876,0.0034396,8.0046e-05
0.052161,0.003455,8.0176e-05
0.052447,0.0036247,8.0537e-05
0.052733,0.0034837,8.1243e-05
0.053019,0.0034865,7.9298e-05
0.053305,0.0036321,8.1135e-05
0.05359,0.0032873,8.078e-05
0.053876,0.0035198,8.1154e-05
0.054162,0.0032796,8.1211e-05
0.054448,0.0033274,8.0407e-05
0.054734,0.003162,8.1957e-05
0.05502,0.0032125,8.1044e-05
0.055305,0.0032657,8.1848e-05
0.055591,0.0031066,8.1333e-05
0.055877,0.0032927,8.1298e-05
0.056163,0.002923,8.2451e-05
0.056449,0.0030677,8.0966e-05
0.056734,0.0031195,8.1253e-05
0.05702,0.0030956,8.1127e-05
0.057306,0.0030161,8.1648e-05
0.057592,0.0032265,8.216e-05
0.057878,0.0030346,7.9664e-05
0.058163,0.0031029,8.1389e-05
0.058449,0.0028396,8.0818e-05
0.058735,0.0028886,8.101e-05
0.059021,0.0027411,8.1423e-05
0.059307,0.0029256,7.9732e-05
0.059593,0.0030016,8.1298e-05
0.059878,0.0028175,8.0404e-05
0.060164,0.0029029,8.0874e-05
0.06045,0.0029374,8.0395e-05
0.060736,0.0029155,7.9648e-05
0.061022,0.002941,8.1239e-05
0.061307,0.0027627,7.9584e-05
0.061593,0.0023972,7.9683e-05
0.061879,0.0026431,8.0229e-05
0.062165,0.0026986,8.015e-05
0.062451,0.0025568,8.033e-05
0.062737,0.0025112,7.9294e-05
0.063022,0.0027568,7.9536e-05
0.063308,0.0026725,7.9494e-05
0.063594,0.0025757,7.9717e-05
0.06388,0.0025745,7.9574e-05
0.064166,0.0024256,7.8667e-05
0.064451,0.0025516,7.946e-05
0.064737,0.0023577,7.9237e-05
0.065023,0.0024355,7.9437e-05
0.065309,0.0023654,7.8494e-05
0.065595,0.0025477,7.9356e-05
0.065881,0.0022553,7.9535e-05
0.066166,0.0026164,7.8234e-05
0.066452,0.0022636,7.847e-05
0.066738,0.0025182,7.7879e-05
0.067024,0.0020581,7.9063e-05
0.06731,0.0023168,7.88e-05
0.067595,0.0021909,7.7839e-05
0.067881,0.0020112,7.8401e-05
0.068167,0.0023049,7.905e-05
0.068453,0.0023384,8.1366e-05
0.068739,0.0022731,8.2596e-05
0.069024,0.0022674,8.1968e-05
0.06931,0.0021087,8.4974e-05
0.069596,0.0020014,8.4882e-05
0.069882,0.0021287,8.53e-05
0.070168,0.0020191,8.535e-05
0.070454,0.0022526,8.6016e-05
0.070739,0.0022461,8.7621e-05
0.071025,0.0019355,8.7061e-05
0.071311,0.002192,8.7727e-05
0.071597,0.002063,8.832e-05
0.071883,0.0018457,8.9519e-05
0.072168,0.0020305,9.0019e-05
0.072454,0.00219,8.8625e-05
0.07274,0.0019271,9.0102e-05
0.073026,0.0018656,8.9905e-05
0.073312,0.0018587,9.1794e-05
0.073598,0.0018439,9.1667e-05
0.073883,0.0018171,8.9846e-05
0.074169,0.0017476,8.7796e-05
0.074455,0.0019685,8.6287e-05
0.074741,0.001667,8.5762e-05
0.075027,0.0019948,8.3823e-05
0.075312,0.0016849,8.3984e-05
0.075598,0.0018282,8.3838e-05
0.075884,0.0017558,8.1965e-05
0.07617,0.0019504,8.1963e-05
0.076456,0.0017133,8.1037e-05
0.076742,0.0016436,8.146e-05
0.077027,0.0016282,8.1655e-05
0.077313,0.001599,7.973e-05
0.077599,0.0017552,7.9565e-05
0.077885,0.0016765,7.8935e-05
0.078171,0.0017238,7.9051e-05
0.078456,0.0017633,7.9416e-05
0.078742,0.0015383,7.7463e-05
0.079028,0.001648,7.823e-05
0.079314,0.0017843,7.7518e-05
0.0796,0.0017698,7.7309e-05
0.079885,0.0016737,7.6979e-05
0.080171,0.0014439,7.6847e-05
0.080457,0.00148,7.731e-05
0.080743,0.0015341,7.6675e-05
0.081029,0.0016258,7.7069e-05
0.081315,0.0014835,7.618e-05
0.0816,0.0018518,7.6541e-05
0.081886,0.0015358,7.7187e-05
0.082172,0.0015139,7.58e-05
0.082458,0.001616,7.6185e-05
0.082744,0.0014803,7.5617e-05
0.083029,0.0015171,7.6205e-05
0.083315,0.0014817,7.5789e-05
0.083601,0.0015476,7.5075e-05
0.083887,0.0013789,7.6352e-05
0.084173,0.0012606,7.5421e-05
0.084459,0.0014391,7.5631e-05
0.084744,0.0011863,7.533e-05
0.08503,0.0012021,7.4722e-05
0.085316,0.0014745,7.5664e-05
0.085602,0.0012438,7.4846e-05
0.085888,0.0012516,7.4673e-05
0.086173,0.001278,7.4782e-05
0.086459,0.0012945,7.4913e-05
0.086745,0.0013377,7.545e-05
0.087031,0.0013639,7.4035e-05
0.087317,0.0012436,7.4364e-05
0.087603,0.0011382,7.4512e-05
0.087888,0.001409,7.4411e-05
0.088174,0.0012774,7.4753e-05
0.08846,0.0013108,7.3607e-05
0.088746,0.0013858,7.3966e-05
0.089032,0.0012621,7.4056e-05
0.089317,0.001236,7.414e-05
0.089603,0.0011631,7.3363e-05
0.089889,0.0010354,7.3493e-05
0.090175,0.00090924,7.3976e-05
0.090461,0.001153,7.3425e-05
0.090746,0.0012487,7.36e-05
0.091032,0.0011631,7.2887e-05
0.091318,0.0013172,7.3811e-05
0.091604,0.00098807,7.3528e-05
0.09189,0.00093083,7.2566e-05
0.092176,0.0012646,7.2809e-05
0.092461,0.0010421,7.2743e-05
0.092747,0.0010222,7.3092e-05
0.093033,0.00097802,7.267e-05
0.093319,0.0011997,7.2636e-05
0.093605,0.001152,7.3133e-05
0.09389,0.0011044,7.2184e-05
0.094176,0.0010605,7.2769e-05
0.094462,0.0011694,7.1794e-05
0.094748,0.0010564,7.2032e-05
0.095034,0.0011026,7.2558e-05
0.09532,0.0010306,7.1909e-05
0.095605,0.00093487,7.2236e-05
0.095891,0.00099349,7.1359e-05
0.096177,0.0010824,7.2119e-05
0.096463,0.00094751,7.2079e-05
0.096749,0.00094174,7.1735e-05
0.097034,0.00090299,7.1386e-05
0.09732,0.00097071,7.1583e-05
0.097606,0.00093807,7.1536e-05
0.097892,0.0010973,7.1633e-05
0.098178,0.00091677,7.1001e-05
0.098464,0.0012594,7.117e-05
0.098749,0.0010215,7.1273e-05
0.099035,0.00086723,7.1456e-05
0.099321,0.00095847,7.063e-05
0.099607,0.00090454,7.0638e-05
0.099893,0.00079164,7.1163e-05
0.10018,0.0010047,7.1084e-05
0.10046,0.00070676,7.0657e-05
0.10075,0.00096974,7.0495e-05
0.10104,0.00083456,7.0544e-05
0.10132,0.00106,7.056e-05
0.10161,0.00076763,7.0287e-05
0.10189,0.00082668,7.0298e-05
0.10218,0.0010159,7.023e-05
0.10246,0.00090171,7.0287e-05
0.10275,0.00075188,7.0737e-05
0.10304,0.00083479,6.9583e-05
0.10332,0.00091435,7.0218e-05
0.10361,0.00076586,6.9984e-05
0.10389,0.0010193,6.9817e-05
0.10418,0.00076704,6.9705e-05
0.10447,0.00097324,6.9185e-05
0.10475,0.00085861,7.0051e-05
0.10504,0.00072755,6.937e-05
0.10532,0.00093461,6.9508e-05
0.10561,0.00054657,6.9437e-05
0.10589,0.00082321,6.9477e-05
0.10618,0.0008743,6.964e-05
0.10647,0.00082824,6.8989e-05
0.10675,0.0005761,6.8979e-05
0.10704,0.00084789,6.9023e-05
0.10732,0.00065009,6.9178e-05
0.10761,0.00062304,6.8978e-05
0.1079,0.00078972,6.9249e-05
0.10818,0.000874,6.8741e-05
0.10847,0.00083474,6.8557e-05
0.10875,0.00079106,6.9207e-05
0.10904,0.00055318,7.0553e-05
0.10932,0.0006485,7.135e-05
0.10961,0.0004425,7.1685e-05
0.1099,0.0006118,7.2355e-05
0.11018,0.00068365,7.3065e-05
0.11047,0.00077366,7.2862e-05
0.11075,0.00056192,7.4311e-05
0.11104,0.00072178,7.4291e-05
0.11133,0.00057146,7.4804e-05
0.11161,0.00067496,7.5905e-05
0.1119,0.00074256,7.2441e-05
0.11218,0.00049001,7.3288e-05
0.11247,0.00069756,7.2679e-05
0.11275,0.00070535,7.2e-05
0.11304,0.00085275,7.2291e-05
0.11333,0.00059692,7.1226e-05
0.11361,0.00060861,7.1497e-05
0.1139,0.00054548,7.0518e-05
0.11418,0.00055459,7.0816e-05
0.11447,0.00059679,7.0744e-05
0.11476,0.00059542,7.0512e-05
0.11504,0.00069921,7.0425e-05
0.11533,0.00036872,6.9661e-05
0.11561,0.00059541,7.0222e-05
0.1159,0.00049693,6.972e-05
0.11618,0.00054647,6.9471e-05
0.11647,0.00050829,6.9698e-05
0.11676,0.00059513,6.8693e-05
0.11704,0.00051619,6.9676e-05
0.11733,0.00057901,6.9088e-05
0.11761,0.00043796,6.9204e-05
0.1179,0.00067702,6.9199e-05
0.11818,0.0005651,6.8399e-05
0.11847,0.00088994,6.9192e-05
0.11876,0.00058989,6.83e-05
0.11904,0.00055438,6.8071e-05
0.11933,0.00053388,6.8206e-05
0.11961,0.00034843,6.8049e-05
0.1199,0.00076785,6.8073e-05
0.12019,0.00047002,6.7143e-05
0.12047,0.00059324,6.7623e-05
0.12076,0.00074832,6.7173e-05
0.12104,0.000694,6.6815e-05
0.12133,0.00044612,6.727e-05
0.12161,0.00045837,6.6251e-05
0.1219,0.00059133,6.6775e-05
0.12219,0.00049968,6.656e-05
0.12247,0.00055875,6.6498e-05
0.12276,0.00060217,6.6577e-05
0.12304,0.00044758,6.6313e-05
0.12333,0.00051769,6.6314e-05
0.12362,0.00056511,6.6076e-05
0.1239,0.00038011,6.6435e-05
0.12419,0.00035584,6.6192e-05
0.12447,0.00049025,6.622e-05
0.12476,0.00035134,6.6235e-05
0.12504,0.00053618,6.5618e-05
0.12533,0.00053164,6.5954e-05
0.12562,0.00050418,6.5658e-05
0.1259,0.0005999,6.5732e-05
0.12619,0.0004446,6.5871e-05
0.12647,0.00044194,6.5252e-05
0.12676,0.00038139,6.6157e-05
0.12705,0.00042717,6.5562e-05
0.12733,0.00039163,6.5499e-05
0.12762,0.00050292,6.5339e-05
0.1279,0.00047283,6.5147e-05
0.12819,0.00060332,6.5543e-05
0.12847,0.00043446,6.48e-05
0.12876,0.00057287,6.5106e-05
0.12905,0.00035744,6.7067e-05
0.12933,0.00043035,6.812e-05
0.12962,0.00051283,6.9127e-05
0.1299,0.0004273,6.8741e-05
0.13019,0.00046265,6.9268e-05
0.13047,0.00029076,6.98e-05
0.13076,0.00038261,7.0393e-05
0.13105,0.00062068,7.1046e-05
0.13133,0.00049223,7.0653e-05
0.13162,0.0003626,7.1656e-05
0.1319,0.00046956,7.2105e-05
0.13219,0.00044403,7.2454e-05
0.13248,0.00048609,7.2476e-05
0.13276,0.00058887,7.3006e-05
0.13305,0.00039573,7.3772e-05
0.13333,0.00041825,7.2615e-05
0.13362,0.00048909,7.3765e-05
0.1339,0.00045824,7.3636e-05
0.13419,0.00038091,7.3951e-05
0.13448,0.0004611,7.4554e-05
0.13476,0.00054657,7.0732e-05
0.13505,0.00031147,7.0265e-05
0.13533,0.00050783,6.8944e-05
0.13562,0.00037672,6.9062e-05
0.13591,0.00060093,6.822e-05
0.13619,0.0004534,6.7242e-05
0.13648,0.00043409,6.7887e-05
0.13676,0.00026806,6.6671e-05
0.13705,0.0005726,6.6296e-05
0.13733,0.0004488,6.5841e-05
0.13762,0.0003801,6.5443e-05
0.13791,0.00049929,6.6414e-05
0.13819,0.00014427,6.5061e-05
0.13848,0.00052027,6.5651e-05
0.13876,0.00027779,6.4991e-05
0.13905,0.00028448,6.5444e-05
0.13934,0.00029476,6.5728e-05
0.13962,0.00044846,6.4425e-05
0.13991,0.00035844,6.4975e-05
0.14019,0.0005112,6.4623e-05
0.14048,0.00048412,6.4547e-05
0.14076,0.0003892,6.4504e-05
0.14105,0.00036897,6.4352e-05
0.14134,0.00041104,6.4831e-05
0.14162,0.00037409,6.4336e-05
0.14191,0.00026489,6.4291e-05
0.14219,0.00031423,6.3998e-05
0.14248,0.0004005,6.4021e-05
0.14276,0.00033226,6.4383e-05
0.14305,0.00028232,6.3593e-05
0.14334,0.00055728,6.4172e-05
0.14362,0.00042388,6.3692e-05
0.14391,0.00039164,6.3796e-05
0.14419,0.00031672,6.3853e-05
0.14448,0.00046081,6.3481e-05
0.14477,0.00030681,6.3463e-05
0.14505,0.00044821,6.3197e-05
0.14534,0.00025983,6.3765e-05
0.14562,0.00021308,6.3419e-05
0.14591,0.00011914,6.2939e-05
0.14619,0.00025219,6.3505e-05
0.14648,0.00035925,6.3062e-05
0.14677,0.00048016,6.295e-05
0.14705,0.00026019,6.285e-05
0.14734,0.00020418,6.2872e-05
0.14762,0.00021303,6.3299e-05
0.14791,0.00030015,6.2588e-05
0.1482,0.00031878,6.2991e-05
0.14848,0.00035626,6.2356e-05
0.14877,0.00025155,6.2632e-05
0.14905,0.00050539,6.2657e-05
0.14934,0.00039668,6.2288e-05
0.14962,0.00024228,6.2565e-05
0.14991,0.00036002,6.2173e-05
0.1502,0.00031918,6.2628e-05
0.15048,0.00027868,6.218e-05
0.15077,0.00033785,6.1996e-05
0.15105,0.00022565,6.2586e-05
0.15134,0.00021006,6.1768e-05
0.15163,0.00032028,6.2069e-05
0.15191,0.0004347,6.1404e-05
0.1522,0.00038474,6.1888e-05
0.15248,0.00022021,6.2145e-05
0.15277,0.00010081,6.1796e-05
0.15305,0.00031805,6.1686e-05
0.15334,0.00030478,6.158e-05
0.15363,0.00036529,6.1913e-05
0.15391,0.00045957,6.1429e-05
0.1542,0.00030402,6.1253e-05
0.15448,0.00027785,6.1718e-05
0.15477,0.00043618,6.1425e-05
0.15506,0.00031222,6.1365e-05
0.15534,0.00029495,6.1029e-05
0.15563,0.00025125,6.115e-05
0.15591,0.00030897,6.1319e-05
0.1562,0.00031358,6.088e-05
0.15648,0.00023474,6.1123e-05
0.15677,0.00039037,6.0975e-05
0.15706,0.00021938,6.087e-05
0.15734,0.00015891,6.1189e-05
0.15763,0.00022693,6.0705e-05
0.15791,0.00031842,6.0994e-05
0.1582,0.00013532,6.0683e-05
0.15848,0.00022968,6.0655e-05
0.15877,0.00019524,6.0584e-05
0.15906,0.00033418,6.0319e-05
0.15934,0.00011925,6.0832e-05
0.15963,0.00022593,6.0347e-05
0.15991,0.00033344,6.066e-05
0.1602,0.00043648,6.0152e-05
0.16049,0.00010801,6.049e-05
0.16077,0.00024416,6.017e-05
0.16106,0.0003022,6.0085e-05
0.16134,0.00013873,6.0219e-05
0.16163,0.00033346,5.9869e-05
0.16191,0.00010416,6.0319e-05
0.1622,0.00012904,6.0174e-05
0.16249,0.00037233,5.9843e-05
0.16277,0.00027498,6.008e-05
0.16306,0.0002068,5.965e-05
0.16334,0.00029659,6.0051e-05
0.16363,0.00018969,5.9531e-05
0.16392,0.00031402,5.9637e-05
0.1642,0.00024206,5.9946e-05
0.16449,0.00041659,5.9357e-05
0.16477,8.0894e-05,5.9875e-05
0.16506,0.00025999,5.9483e-05
0.16534,0.00027257,5.9494e-05
0.16563,0.00025663,5.9506e-05
0.16592,0.00033772,5.9328e-05
0.1662,0.0002696,5.9452e-05
0.16649,0.00030808,5.9032e-05
0.16677,0.00021462,5.9399e-05
0.16706,0.00043249,5.9187e-05
0.16735,0.00023591,5.9239e-05
0.16763,0.00034574,5.9275e-05
0.16792,0.00016091,5.8851e-05
0.1682,0.00021968,5.9117e-05
0.16849,0.00028039,5.8987e-05
0.16877,0.00037685,5.9045e-05
0.16906,0.00017515,5.8926e-05
0.16935,0.00015227,5.8591e-05
0.16963,0.00018685,5.8639e-05
0.16992,8.0678e-05,5.8377e-05
0.1702,0.00027761,5.8298e-05
0.17049,0.00030941,5.8423e-05
0.17077,0.00023848,5.8232e-05
0.17106,0.0003114,5.8568e-05
0.17135,0.00011419,5.8016e-05
0.17163,0.00012678,5.8352e-05
0.17192,0.00022975,5.8141e-05
0.1722,0.00020481,5.8094e-05
0.17249,0.00020092,5.8337e-05
0.17278,8.2341e-05,5.7459e-05
0.17306,0.00015605,5.8143e-05
0.17335,0.0001932,5.7813e-05
0.17363,0.00024437,5.8102e-05
0.17392,5.5667e-05,5.8258e-05
0.1742,0.00024188,5.7806e-05
0.17449,0.00014692,5.8328e-05
0.17478,0.00021227,5.7828e-05
0.17506,0.00018651,5.8013e-05
0.17535,0.00028113,5.7925e-05
0.17563,0.00014698,5.7804e-05
0.17592,0.00018056,5.8188e-05
0.17621,0.00026464,5.736e-05
0.17649,0.00020103,5.8207e-05
0.17678,0.00016216,5.7761e-05
0.17706,0.00015342,5.7727e-05
0.17735,9.4825e-05,5.7782e-05
0.17763,0.00017166,5.7388e-05
0.17792,0.00028136,5.7864e-05
0.17821,0.00031159,5.7284e-05
0.17849,0.00026078,5.7674e-05
0.17878,0.00037284,5.7137e-05
0.17906,0.00027812,5.7566e-05
0.17935,2.9667e-05,5.7745e-05
0.17964,0.00012932,5.6962e-05
0.17992,0.00016383,5.7423e-05
0.18021,0.0001911,5.7066e-05
0.18049,0.00018518,5.7338e-05
0.18078,0.00017987,5.7351e-05
0.18106,0.00020565,5.6863e-05
0.18135,0.00019987,5.733e-05
0.18164,0.00011505,5.7031e-05
0.18192,0.00032791,5.7208e-05
0.18221,0.0001115,5.6976e-05
0.18249,0.00010188,5.6633e-05
0.18278,0.0001756,5.7321e-05
0.18306,0.00011231,5.681e-05
0.18335,6.555e-05,5.6911e-05
0.18364,5.5979e-05,5.6852e-05
0.18392,9.0934e-05,5.6626e-05
0.18421,0.00026393,5.687e-05
0.18449,0.0003059,5.6472e-05
0.18478,9.3679e-05,5.6659e-05
0.18507,0.0001662,5.6651e-05
0.18535,0.0001262,5.6463e-05
0.18564,3.1477e-05,5.6609e-05
0.18592,0.00014012,5.6516e-05
0.18621,0.00019149,5.6588e-05
0.18649,0.00019809,5.6642e-05
0.18678,0.00024416,5.6032e-05
0.18707,0.00017697,5.6464e-05
0.18735,0.00013493,5.6066e-05
0.18764,9.2058e-05,5.632e-05
0.18792,0.00011933,5.6321e-05
0.18821,0.0002998,5.6156e-05
0.1885,1.7261e-05,5.6179e-05
0.18878,0.00021312,5.6221e-05
0.18907,0.00025674,5.6214e-05
0.18935,0.0003063,5.5802e-05
0.18964,0.00019378,5.7611e-05
0.18992,-5.3519e-05,5.8228e-05
0.19021,0.0002001,5.9201e-05
0.1905,0.0001908,5.9407e-05
0.19078,0.00021024,5.9751e-05
0.19107,8.7952e-05,6.038e-05
0.19135,7.7792e-05,6.0749e-05
0.19164,0.00019902,6.104e-05
0.19193,0.00030707,6.1095e-05
0.19221,0.00010186,6.1268e-05
0.1925,0.00020726,6.1614e-05
0.19278,0.00021556,6.1424e-05
0.19307,2.151e-05,6.1922e-05
0.19335,6.8088e-05,6.1446e-05
0.19364,0.00027327,6.2156e-05
0.19393,0.00017728,6.2124e-05
0.19421,0.00019562,6.1447e-05
0.1945,-2.2328e-07,6.2257e-05
0.19478,0.00028589,6.2185e-05
0.19507,0.00016606,6.2558e-05
0.19536,0.00022913,6.0399e-05
0.19564,-6.1071e-05,5.9436e-05
0.19593,0.00027166,5.9164e-05
0.19621,5.0122e-07,5.8442e-05
0.1965,0.00013835,5.7985e-05
0.19678,0.00025887,5.7709e-05
0.19707,0.0001109,5.76e-05
0.19736,0.00014359,5.7411e-05
0.19764,0.00019883,5.698e-05
0.19793,3.7629e-05,5.7115e-05
0.19821,9.0609e-05,5.6537e-05
0.1985,0.00010787,5.6917e-05
0.19878,0.00016687,5.6678e-05
0.19907,0.00010319,5.6521e-05
0.19936,5.0559e-05,5.658e-05
0.19964,4.4312e-05,5.6302e-05
0.19993,6.0171e-05,5.6721e-05
0.20021,-0.00010754,5.6231e-05
0.2005,0.00013934,5.6154e-05
0.20079,-2.1134e-05,5.6336e-05
0.20107,0.00023422,5.5917e-05
0.20136,0.00033379,5.6248e-05
0.20164,9.5363e-05,5.5706e-05
0.20193,0.00029544,5.5901e-05
0.20221,0.00042676,5.6336e-05
0.2025,0.00011775,5.5412e-05
0.20279,8.1418e-05,5.6154e-05
0.20307,8.0858e-05,5.5414e-05
0.20336,0.00015242,5.5808e-05
0.20364,0.000206,5.572e-05
0.20393,0.00017563,5.5398e-05
0.20422,0.00023804,5.5678e-05
0.2045,0.00021532,5.516e-05
0.20479,-5.9704e-05,5.5692e-05
0.20507,0.00021898,5.5271e-05
0.20536,0.0001557,5.5119e-05
0.20564,0.00011499,5.5477e-05
0.20593,0.00025559,5.516e-05
0.20622,0.0001121,5.5103e-05
0.2065,0.00011776,5.5086e-05
0.20679,0.00020236,5.5194e-05
0.20707,0.00011609,5.5111e-05
0.20736,0.00015941,5.5011e-05
0.20765,8.4121e-05,5.4904e-05
0.20793,0.00018519,5.4667e-05
0.20822,3.4392e-05,5.5005e-05
0.2085,0.0001162,5.4758e-05
0.20879,0.00014308,5.4836e-05
0.20907,0.00011536,5.4771e-05
0.20936,6.7248e-05,5.4569e-05
0.20965,0.00010879,5.4893e-05
0.20993,0.00031473,5.426e-05
0.21022,0.00013006,5.4753e-05
0.2105,2.3069e-05,5.4525e-05
0.21079,0.00016699,5.4346e-05
0.21107,0.00022115,5.4831e-05
0.21136,0.00016174,5.3931e-05
0.21165,0.00013939,5.4515e-05
0.21193,0.00013368,5.4359e-05
0.21222,0.0001503,5.4236e-05
0.2125,0.00011171,5.441e-05
0.21279,-4.3734e-06,5.3762e-05
0.21308,0.00013259,5.4385e-05
0.21336,5.6779e-05,5.4079e-05
0.21365,0.00013947,5.4252e-05
0.21393,7.1541e-05,5.4289e-05
0.21422,0.0001731,5.3641e-05
0.2145,8.3972e-05,5.4316e-05
0.21479,-8.0234e-05,5.3966e-05
0.21508,3.3138e-05,5.365e-05
0.21536,0.00011474,5.4085e-05
0.21565,0.00011274,5.3711e-05
0.21593,6.8697e-05,5.4074e-05
0.21622,0.00019927,5.3575e-05
0.21651,0.0001583,5.3696e-05
0.21679,2.4285e-06,5.3721e-05
0.21708,2.0569e-05,5.3732e-05
0.21736,0.00018443,5.3593e-05
0.21765,-3.2285e-05,5.3393e-05
0.21793,9.2738e-05,5.3745e-05
0.21822,0.00016801,5.3444e-05
0.21851,0.00019104,5.3517e-05
0.21879,0.00017505,5.3226e-05
0.21908,0.00023439,5.3357e-05
0.21936,4.757e-05,5.34e-05
0.21965,1.1879e-05,5.2866e-05
0.21994,6.8685e-06,5.3251e-05
0.22022,2.3096e-05,5.2988e-05
0.22051,-0.00011256,5.3221e-05
0.22079,3.2485e-05,5.3186e-05
0.22108,0.00010178,5.2577e-05
0.22136,2.7567e-05,5.2966e-05
0.22165,-5.1684e-05,5.282e-05
0.22194,0.00018965,5.2855e-05
0.22222,6.8797e-05,5.2881e-05
0.22251,8.4965e-05,5.2587e-05
0.22279,-1.3015e-05,5.2954e-05
0.22308,-2.2901e-05,5.2553e-05
0.22336,0.00010585,5.2893e-05
0.22365,8.8881e-05,5.2671e-05
0.22394,0.00014802,5.2802e-05
0.22422,4.8238e-05,5.2821e-05
0.22451,-5.9041e-05,5.2419e-05
0.22479,0.00014823,5.2611e-05
0.22508,0.00017874,5.2642e-05
0.22537,-9.004e-06,5.2825e-05
0.22565,0.00016754,5.2791e-05
0.22594,3.5727e-05,5.2281e-05
0.22622,6.5789e-05,5.2664e-05
0.22651,-0.00021459,5.2558e-05
0.22679,-2.0112e-05,5.2524e-05
0.22708,9.951e-05,5.2467e-05
0.22737,4.8876e-05,5.2401e-05
0.22765,-4.0101e-05,5.2688e-05
0.22794,6.3788e-05,5.2139e-05
0.22822,0.00010976,5.2387e-05
0.22851,8.6479e-05,5.2246e-05
0.2288,8.0851e-05,5.2318e-05
0.22908,0.00014036,5.2375e-05
0.22937,7.2711e-06,5.2016e-05
0.22965,9.4203e-05,5.2203e-05
0.22994,0.00013029,5.2073e-05
0.23022,2.1888e-05,5.2384e-05
0.23051,0.00012994,5.2062e-05
0.2308,-5.5395e-05,5.1814e-05
0.23108,7.0422e-05,5.2358e-05
0.23137,-6.4408e-05,5.1716e-05
0.23165,0.00012703,5.2043e-05
0.23194,8.4469e-05,5.1873e-05
0.23223,5.4994e-05,5.1835e-05
0.23251,5.8442e-05,5.2203e-05
0.2328,6.581e-05,5.156e-05
0.23308,0.00013439,5.1687e-05
0.23337,3.7475e-05,5.1632e-05
0.23365,9.4388e-05,5.1982e-05
0.23394,-0.00011386,5.1918e-05
0.23423,-2.6433e-05,5.1534e-05
0.23451,8.5013e-05,5.1738e-05
0.2348,0.00012741,5.1526e-05
0.23508,7.8072e-06,5.1743e-05
0.23537,9.6602e-05,5.1562e-05
0.23566,0.00014026,5.1201e-05
0.23594,0.00015635,5.1881e-05
0.23623,6.003e-05,5.1328e-05
0.23651,-1.03e-05,5.1632e-05
0.2368,0.00011557,5.1317e-05
0.23708,0.00016961,5.1447e-05
0.23737,0.00013067,5.1863e-05
0.23766,0.00011531,5.1029e-05
0.23794,6.6427e-05,5.1494e-05
0.23823,4.0151e-05,5.1051e-05
0.23851,0.00012212,5.1202e-05
0.2388,7.1963e-05,5.1218e-05
0.23908,-1.6458e-05,5.1111e-05
0.23937,0.00014658,5.1363e-05
0.23966,8.2791e-05,5.1075e-05
0.23994,6.0054e-05,5.1096e-05
0.24023,8.454e-05,5.1039e-05
0.24051,6.4755e-05,5.1062e-05
0.2408,-3.4716e-05,5.1355e-05
0.24109,0.00014359,5.0886e-05
0.24137,-6.4554e-05,5.1247e-05
0.24166,2.554e-06,5.0751e-05
0.24194,0.00019865,5.0865e-05
0.24223,-2.2783e-05,5.1072e-05
0.24251,0.00013565,5.0816e-05
0.2428,8.7668e-05,5.0923e-05
0.24309,8.0832e-06,5.0568e-05
0.24337,8.0954e-05,5.097e-05
0.24366,2.512e-05,5.0753e-05
0.24394,-4.4347e-06,5.0697e-05
0.24423,3.942e-05,5.0778e-05
0.24452,0.00012909,5.0471e-05
0.2448,0.00019742,5.0755e-05
0.24509,0.00012484,5.0451e-05
0.24537,0.00015343,5.0436e-05
0.24566,-4.3843e-05,5.0812e-05
0.24594,-0.00012211,5.0622e-05
0.24623,0.00016409,5.0613e-05
0.24652,7.4801e-05,5.029e-05
0.2468,-3.1159e-05,5.0504e-05
0.24709,0.00013746,5.0316e-05
0.24737,9.2664e-05,5.0468e-05
0.24766,8.2588e-05,5.0367e-05
0.24795,9.1569e-05,5.0203e-05
0.24823,8.0351e-05,5.0426e-05
0.24852,1.5398e-07,5.0226e-05
0.2488,0.00017071,5.0199e-05
0.24909,-7.4269e-05,5.0307e-05
0.24937,-0.00013917,5.0321e-05
0.24966,0.00018694,5.0312e-05
0.24995,5.3716e-05,4.9904e-05
0.25023,3.9159e-05,5.2706e-05
0.25052,6.8184e-05,5.3709e-05
0.2508,8.1305e-05,5.5049e-05
0.25109,6.9149e-05,5.5957e-05
0.25137,0.00013627,5.6486e-05
0.25166,0.00016616,5.7816e-05
0.25195,7.8337e-05,5.822e-05
0.25223,0.00011103,5.8908e-05
0.25252,6.127e-05,5.9632e-05
0.2528,7.743e-05,5.9486e-05
0.25309,5.3734e-05,6.1243e-05
0.25338,2.1953e-05,6.0366e-05
0.25366,0.00012026,6.1511e-05
0.25395,0.00013376,6.2169e-05
0.25423,2.9898e-05,6.2154e-05
0.25452,-3.8495e-05,6.3594e-05
0.2548,0.00013285,6.2608e-05
0.25509,0.00010175,6.3582e-05
0.25538,7.4169e-05,6.3975e-05
0.25566,-7.4848e-06,6.3981e-05
0.25595,-0.00013927,6.4733e-05
0.25623,0.00012889,6.4056e-05
0.25652,-0.00013336,6.5386e-05
0.25681,5.4157e-05,6.4829e-05
0.25709,-1.861e-05,6.5639e-05
0.25738,0.00014627,6.5712e-05
0.25766,0.00023118,6.6004e-05
0.25795,-4.7934e-05,6.6446e-05
0.25823,0.00011897,6.6294e-05
0.25852,4.0991e-05,6.6603e-05
0.25881,9.353e-05,6.6801e-05
0.25909,0.00018929,6.7666e-05
0.25938,-7.0119e-06,6.7084e-05
0.25966,1.6559e-05,6.716e-05
0.25995,8.6426e-06,6.7593e-05
0.26024,5.5325e-05,6.7445e-05
0.26052,5.6599e-05,6.7905e-05
0.26081,-8.0546e-05,6.7562e-05
0.26109,0.00011848,6.7969e-05
0.26138,8.2335e-05,6.8834e-05
0.26166,-5.0893e-05,6.7937e-05
0.26195,0.00011096,6.9096e-05
0.26224,-5.3994e-05,6.852e-05
0.26252,2.0032e-05,6.9935e-05
0.26281,0.00013379,6.9723e-05
0.26309,-7.7063e-05,6.8666e-05
0.26338,0.00012346,7.0623e-05
0.26366,0.00025242,6.9473e-05
0.26395,-0.00012821,7.1012e-05
0.26424,0.00019229,7.0314e-05
0.26452,-3.0946e-05,7.014e-05
0.26481,4.418e-05,7.1827e-05
0.26509,0.00016364,7.0775e-05
0.26538,0.00014068,7.1608e-05
0.26567,0.00015691,7.1509e-05
0.26595,-5.1222e-05,7.1678e-05
0.26624,7.8399e-05,7.2766e-05
0.26652,8.4463e-05,7.1551e-05
0.26681,7.2954e-05,7.2576e-05
0.26709,0.00018691,7.2605e-05
0.26738,0.0001308,7.339e-05
0.26767,4.1936e-05,7.3267e-05
0.26795,-7.1119e-05,7.2784e-05
0.26824,4.1177e-05,7.385e-05
0.26852,0.0001162,7.4044e-05
0.26881,-0.00013241,7.4271e-05
0.2691,0.00017963,7.4153e-05
0.26938,0.00014522,7.399e-05
0.26967,4.0249e-05,7.4989e-05
0.26995,2.3512e-05,7.5517e-05
0.27024,8.4991e-05,7.4911e-05
0.27052,-8.7602e-05,7.5138e-05
0.27081,0.00020558,7.588e-05
0.2711,8.6869e-05,7.5981e-05
0.27138,-5.0624e-05,7.6187e-05
0.27167,4.0639e-05,7.5946e-05
0.27195,-0.00025751,7.6897e-05
0.27224,0.00016421,7.6818e-05
0.27253,-9.1518e-06,7.7079e-05
0.27281,2.2518e-05,7.6423e-05
0.2731,9.2396e-05,7.7233e-05
0.27338,-2.4042e-05,7.7419e-05
0.27367,0.00010972,7.7782e-05
0.27395,0.00019066,7.6821e-05
0.27424,0.00011019,7.771e-05
0.27453,-0.00010292,7.8538e-05
0.27481,-2.0399e-05,7.7683e-05
0.2751,-2.5023e-05,7.8748e-05
0.27538,-8.6451e-05,7.7962e-05
0.27567,6.8998e-05,7.9037e-05
0.27596,-7.3329e-05,7.9356e-05
0.27624,-0.00011349,7.9029e-05
0.27653,2.4721e-05,7.9698e-05
0.27681,5.2396e-05,7.8978e-05
0.2771,-9.2891e-05,8.1141e-05
0.27738,9.0092e-05,7.9312e-05
0.27767,0.00021486,7.9594e-05
0.27796,0.0002257,8.178e-05
0.27824,5.8772e-05,8.0247e-05
0.27853,5.9216e-05,8.1222e-05
0.27881,9.9275e-05,8.0775e-05
0.2791,-5.3532e-05,8.1774e-05
0.27938,0.00010144,8.2105e-05
0.27967,7.1579e-05,8.1577e-05
0.27996,-1.4909e-05,8.2671e-05
0.28024,-0.00010328,8.2157e-05
0.28053,0.00014458,8.2884e-05
0.28081,-0.00018107,8.3288e-05
0.2811,0.00023993,8.3412e-05
0.28139,0.00021202,8.3904e-05
0.28167,0.00011055,8.2142e-05
0.28196,-0.00011038,8.4342e-05
0.28224,0.00017091,8.263e-05
0.28253,-7.7177e-06,8.3995e-05
0.28281,7.2017e-05,8.3739e-05
0.2831,0.00011445,8.2825e-05
0.28339,8.1582e-05,8.499e-05
0.28367,9.6859e-05,8.2407e-05
0.28396,-8.1778e-06,8.4764e-05
0.28424,0.0001976,8.3517e-05
0.28453,-2.2059e-05,8.432e-05
0.28482,0.00014205,8.5659e-05
0.2851,-6.3731e-05,8.3665e-05
0.28539,-8.2465e-05,8.6082e-05
0.28567,0.00011693,8.4691e-05
0.28596,0.00013859,8.587e-05
0.28624,-0.00025628,8.611e-05
0.28653,0.00024323,8.5508e-05
0.28682,-4.4137e-05,8.7304e-05
0.2871,-0.00011709,8.5594e-05
0.28739,0.00010353,8.7487e-05
0.28767,-7.7883e-05,8.679e-05
0.28796,-0.00015844,8.7213e-05
0.28825,-2.7964e-05,8.9196e-05
0.28853,2.1995e-05,8.6643e-05
0.28882,0.00014269,8.8468e-05
0.2891,-0.00018403,8.7938e-05
0.28939,-0.00015594,8.8703e-05
0.28967,-0.00017554,8.9617e-05
0.28996,-6.4286e-05,8.804e-05
0.29025,-8.8338e-05,9.0521e-05
0.29053,-9.6184e-05,8.9586e-05
0.29082,-0.00010097,9.0047e-05
0.2911,-1.6367e-05,9.0342e-05
0.29139,-0.00015633,9.0244e-05
0.29167,0.00025079,9.1312e-05
0.29196,-2.8009e-05,9.047e-05
0.29225,-1.4655e-05,9.2066e-05
0.29253,0.00020018,9.0982e-05
0.29282,5.3294e-05,9.2099e-05
0.2931,-1.1666e-05,9.2756e-05
0.29339,8.9531e-05,9.1572e-05
0.29368,7.5155e-05,9.3729e-05
0.29396,7.2009e-05,9.1891e-05
0.29425,7.9211e-05,9.3771e-05
0.29453,-2.142e-06,9.351e-05
0.29482,-7.0558e-05,9.3532e-05
0.2951,-0.00014588,9.5406e-05
0.29539,-3.6183e-05,9.2896e-05
0.29568,1.7953e-05,9.6139e-05
0.29596,9.824e-05,9.4068e-05
0.29625,-2.8282e-05,9.5599e-05
0.29653,-0.00010294,9.6281e-05
0.29682,0.00051022,9.4997e-05
0.29711,3.0235e-05,9.7754e-05
0.29739,6.446e-05,9.5284e-05
0.29768,0.00011515,9.708e-05
0.29796,0.00016821,9.7395e-05
0.29825,4.0004e-05,9.6809e-05
0.29853,9.5168e-05,9.9726e-05
0.29882,4.0077e-05,9.6774e-05
0.29911,0.00042471,9.8829e-05
0.29939,-4.2273e-05,9.8662e-05
0.29968,8.2501e-05,9.8487e-05
0.29996,-0.00020184,0.00010116
0.30025,-1.9714e-06,9.8286e-05
0.30054,-0.00011262,0.00010178
0.30082,-3.5051e-05,9.9705e-05
0.30111,0.00010952,0.00010101
0.30139,0.00015409,0.00010094
0.30168,0.00026318,0.00010111
0.30196,0.00016446,0.00010379
0.30225,0.00016543,0.00010059
0.30254,0.00023881,0.00010318
0.30282,0.00021277,0.00010282
0.30311,-4.772e-06,0.00010303
0.30339,4.2905e-06,0.00010514
0.30368,-6.4781e-05,0.00010249
0.30397,0.00010074,0.00010583
0.30425,1.8396e-05,0.00010323
0.30454,0.00029845,0.00010629
0.30482,7.7189e-05,0.0001051
0.30511,-0.00018377,0.00010578
0.30539,-0.00022287,0.00010881
0.30568,0.00010491,0.00010469
0.30597,-0.0001543,0.00010845
0.30625,-3.0647e-05,0.00010619
0.30654,0.00015959,0.00010837
0.30682,-0.00014069,0.00011038
0.30711,-0.00014467,0.00010624
0.30739,-4.889e-05,0.0001111
0.30768,0.00011256,0.00010776
0.30797,4.72e-05,0.00011108
0.30825,0.00020941,0.00011089
0.30854,0.00027191,0.00011021
0.30882,-6.8927e-05,0.00011308
0.30911,5.3278e-06,0.0001096
0.3094,-0.00023869,0.0001139
0.30968,5.3971e-06,0.00011086
0.30997,0.0002542,0.00011327
0.31025,-3.285e-05,0.00011599
0.31054,8.5628e-05,0.00011171
0.31082,0.00029072,0.00011598
0.31111,0.00015725,0.00011295
0.3114,9.9975e-06,0.00011658
0.31168,-2.6849e-05,0.00011567
0.31197,-0.00033292,0.00011547
0.31225,9.9629e-05,0.00011895
0.31254,-0.00022624,0.00011444
0.31283,0.00023491,0.00011868
0.31311,-4.3954e-05,0.00011895
0.3134,8.4011e-05,0.00011887
0.31368,3.8538e-05,0.00012024
0.31397,-0.00025622,0.00011701
0.31425,-0.00011534,0.00012122
0.31454,1.4071e-08,0.00011706
0.31483,0.00029105,0.00012071
0.31511,-1.5295e-05,0.00011876
0.3154,-8.0592e-05,0.00011945
0.31568,0.00014348,0.00012222
0.31597,0.00027872,0.00011656
0.31626,0.00029312,0.0001211
0.31654,0.00015586,0.00011861
0.31683,4.6913e-05,0.00012004
0.31711,0.00011553,0.00012113
0.3174,0.00010064,0.00011803
0.31768,7.2641e-05,0.00012264
0.31797,8.8705e-05,0.00012007
0.31826,-7.4598e-05,0.00012276
0.31854,0.00015783,0.00012183
0.31883,-8.6561e-05,0.00012304
0.31911,-0.0001982,0.00012671
0.3194,8.3536e-05,0.00012098
0.31968,0.00010909,0.00012701
0.31997,0.00023137,0.00012391
0.32026,8.6077e-05,0.0001259
0.32054,0.00011673,0.00012856
0.32083,2.0019e-05,0.00012392
0.32111,-0.00035617,0.00013017
0.3214,-4.3476e-06,0.00012653
0.32169,-0.00019813,0.00012963
0.32197,-9.2454e-05,0.00012928
0.32226,0.00021444,0.00012894
0.32254,0.0001987,0.00013398
0.32283,0.0001863,0.00012813
0.32311,0.00032257,0.00013398
0.3234,0.00035977,0.00013075
0.32369,0.0003366,0.00013402
0.32397,0.00018208,0.00013656
0.32426,0.00029859,0.00013243
0.32454,-0.00027889,0.00013942
0.32483,-1.3227e-05,0.00013303
0.32512,-4.7265e-05,0.00013869
0.3254,0.00034378,0.00013679
0.32569,8.8434e-05,0.00013776
0.32597,3.5675e-05,0.00014386
0.32626,2.8813e-05,0.00013562
0.32654,0.00032003,0.00014367
0.32683,-0.00017904,0.00013874
0.32712,1.087e-05,0.00014372
0.3274,0.00017595,0.00014663
0.32769,1.7849e-05,0.00014032
0.32797,-3.9414e-05,0.00015001
0.32826,0.0001591,0.00014112
0.32855,0.00019331,0.00014988
0.32883,2.844e-06,0.00014605
0.32912,1.6662e-05,0.00014785
0.3294,-7.9194e-05,0.00015553
0.32969,-0.00017959,0.00014522
0.32997,3.6052e-05,0.00015509
0.33026,0.00013145,0.00014854
0.33055,-6.2752e-05,0.00015532
0.33083,1.2719e-05,0.00015584
0.33112,-9.1374e-05,0.0001523
0.3314,0.00070431,0.00016118
0.33169,-0.00025267,0.0001528
0.33197,-0.00034943,0.00016083
0.33226,0.0001578,0.00015815
0.33255,-0.00025884,0.00016146
0.33283,0.00013437,0.00016925
0.33312,0.0003158,0.00015537
0.3334,-0.00035936,0.00017034
0.33369,-2.0214e-05,0.00016076
0.33398,0.00012471,0.00016874
0.33426,-0.00012138,0.00017022
0.33455,0.00020541,0.0001649
0.33483,0.00033004,0.00017827
0.33512,0.0001292,0.00016597
0.3354,-7.8412e-05,0.00017773
0.33569,-3.0406e-05,0.00017239
0.33598,-2.4174e-05,0.00017671
0.33626,0.00010802,0.00018746
0.33655,0.00027037,0.00016921
0.33683,-6.4779e-05,0.00018897
0.33712,0.00028821,0.00017618
0.33741,-0.00010284,0.00018761
0.33769,0.00023946,0.00018865
0.33798,-5.1531e-05,0.00018279
0.33826,0.00031502,0.0001991
0.33855,-1.2835e-05,0.00018228
0.33883,-0.0003926,0.00019965
0.33912,8.3428e-05,0.00019453
0.33941,-6.0446e-05,0.00019519
0.33969,-0.00010332,0.00021722
0.33998,0.00039873,0.0001852
0.34026,-0.00013921,0.00021888
0.34055,-0.00010508,0.0001944
0.34084,-0.00014602,0.00021851
0.34112,-0.00082228,0.00021166
0.34141,7.8307e-05,0.0002108
0.34169,1.3041e-05,0.00023001
0.34198,6.2706e-05,0.00020485
0.34226,-0.00011631,0.00023222
0.34255,-0.00065238,0.00022017
0.34284,-0.00018792,0.00022716
0.34312,-0.00040626,0.00025864
0.34341,0.00026365,0.00021193
0.34369,6.538e-05,0.00025618
0.34398,-0.0003449,0.00022963
0.34427,0.00039086,0.00024921
0.34455,-0.00059697,0.00025744
0.34484,0.00023075,0.00024039
0.34512,0.00022265,0.00030143
0.34541,0.00056998,0.00023231
0.34569,1.1926e-05,0.00029728
0.34598,0.00023949,0.00025727
0.34627,0.00026208,0.00028431
0.34655,-0.00045219,0.00034204
0.34684,0.00036063,0.00024493
0.34712,0.00068029,0.00035672
0.34741,0.00087524,0.00025666
0.34769,0.00011617,0.000374
0.34798,0.00031113,0.00030108
0.34827,-0.00081405,0.000336
0.34855,-0.00064571,0.0004041
0.34884,0.00061497,0.00029471
0.34912,0.0002305,0.00043005
0.34941,-0.00026505,0.00031792
0.3497,0.00029556,0.00046959
