0.0044301,0.0069728,0.00089503
0.004716,0.0071291,0.00055708
0.0050018,0.0075014,0.00050808
0.0052876,0.0068512,0.00044223
0.0055734,0.0072775,0.00041939
0.0058592,0.0072088,0.00037537
0.006145,0.006822,0.0003565
0.0064309,0.0068889,0.00033009
0.0067167,0.0072733,0.00031471
0.0070025,0.0067551,0.0003028
0.0072883,0.007207,0.00028033
0.0075741,0.0072983,0.00028375
0.0078599,0.0072448,0.00027864
0.0081457,0.007013,0.00027887
0.0084316,0.0068113,0.00027177
0.0087174,0.0071772,0.00026167
0.0090032,0.0073919,0.00025869
0.009289,0.0070212,0.00025411
0.0095748,0.0071597,0.00024584
0.0098606,0.0069788,0.0002453
0.010146,0.0069039,0.00023637
0.010432,0.0073646,0.0002402
0.010718,0.0069007,0.00023061
0.011004,0.0071548,0.00023086
0.01129,0.0068458,0.00022584
0.011576,0.0069852,0.00022329
0.011861,0.0066127,0.00022168
0.012147,0.0068118,0.00021683
0.012433,0.0070481,0.0002164
0.012719,0.0070571,0.00020913
0.013005,0.0070278,0.00021044
0.01329,0.0067171,0.00020084
0.013576,0.00692,0.00019223
0.013862,0.0067776,0.00018992
0.014148,0.0064268,0.00018367
0.014434,0.0070006,0.00017912
0.01472,0.0070209,0.00017343
0.015005,0.0067939,0.00017259
0.015291,0.0067794,0.00017274
0.015577,0.0067479,0.0001658
0.015863,0.0065521,0.0001658
0.016149,0.0066527,0.00016046
0.016434,0.0068506,0.00016152
0.01672,0.0065486,0.00015868
0.017006,0.0068069,0.00015592
0.017292,0.0065323,0.00015305
0.017578,0.0067479,0.00015222
0.017863,0.0065108,0.00015083
0.018149,0.0066143,0.00014861
0.018435,0.0065385,0.00014632
0.018721,0.0065694,0.00014546
0.019007,0.0064253,0.00014377
0.019293,0.0062818,0.00014247
0.019578,0.0064437,0.0001406
0.019864,0.0062813,0.000139
0.02015,0.0063919,0.00013856
0.020436,0.0063415,0.0001365
0.020722,0.0061113,0.00013569
0.021007,0.0063529,0.00013445
0.021293,0.0062398,0.00013282
0.021579,0.0061882,0.00013301
0.021865,0.0062422,0.00012988
0.022151,0.0061286,0.00013002
0.022437,0.0061404,0.00012829
0.022722,0.0060178,0.00012822
0.023008,0.0059981,0.0001273
0.023294,0.005932,0.00012521
0.02358,0.0059996,0.00012589
0.023866,0.0062045,0.00012354
0.024151,0.006025,0.00012324
0.024437,0.0059831,0.00012169
0.024723,0.0059868,0.0001206
0.025009,0.0058163,0.00012155
0.025295,0.0059458,0.00011925
0.025581,0.0058249,0.00011929
0.025866,0.0058297,0.00011714
0.026152,0.0055815,0.00011738
0.026438,0.0056967,0.00011763
0.026724,0.0055045,0.00011474
0.02701,0.0057658,0.00011594
0.027295,0.0056023,0.00011331
0.027581,0.0056256,0.00011375
0.027867,0.005593,0.00011336
0.028153,0.0055925,0.00011178
0.028439,0.0056016,0.00011136
0.028724,0.0054851,0.00011118
0.02901,0.0054135,0.00011039
0.029296,0.0056323,0.00010952
0.029582,0.0054298,0.00010842
0.029868,0.0052457,0.00011102
0.030154,0.0051772,0.00011161
0.030439,0.0053691,0.00011208
0.030725,0.0053776,0.00011096
0.031011,0.0051773,0.00011121
0.031297,0.0051953,0.00011179
0.031583,0.0053001,0.00011041
0.031868,0.0051275,0.00011082
0.032154,0.0052146,0.00010963
0.03244,0.0051206,0.00011004
0.032726,0.0049374,0.00011003
0.033012,0.0052118,0.00010912
0.033298,0.0049453,0.0001101
0.033583,0.0050151,0.00010839
0.033869,0.0048827,0.00010949
0.034155,0.0050857,0.00010909
0.034441,0.004902,0.00010839
0.034727,0.0049382,0.00010892
0.035012,0.0048024,0.0001079
0.035298,0.0048621,0.00010846
0.035584,0.0047835,0.00010811
0.03587,0.0048021,0.000107
0.036156,0.0048423,0.00010788
0.036442,0.0045849,0.00010717
0.036727,0.0046791,0.00010734
0.037013,0.004826,0.00010549
0.037299,0.0046677,0.00010669
0.037585,0.004708,0.00010687
0.037871,0.0046458,0.00010579
0.038156,0.0044528,0.00010633
0.038442,0.0043824,0.00010488
0.038728,0.0043906,0.00010552
0.039014,0.0045369,0.00010518
0.0393,0.0044301,0.00010398
0.039585,0.0043996,0.00010408
0.039871,0.0043219,0.00010363
0.040157,0.0042918,0.00010398
0.040443,0.0042971,0.00010325
0.040729,0.0043266,0.0001024
0.041015,0.0040396,0.00010342
0.0413,0.0042416,0.00010156
0.041586,0.0043012,0.00010254
0.041872,0.0042174,0.00010115
0.042158,0.0040992,0.00010118
0.042444,0.0041559,0.00010156
0.042729,0.0040007,0.00010096
0.043015,0.0041223,0.00010067
0.043301,0.0038825,9.9641e-05
0.043587,0.0040375,0.00010004
0.043873,0.0039857,9.9866e-05
0.044159,0.0039814,9.9114e-05
0.044444,0.0039435,9.9207e-05
0.04473,0.003825,9.8648e-05
0.045016,0.003932,9.8924e-05
0.045302,0.0038331,9.8122e-05
0.045588,0.0038094,9.75e-05
0.045873,0.0037414,9.8321e-05
0.046159,0.0036203,9.7231e-05
0.046445,0.0037044,9.7632e-05
0.046731,0.0038293,9.7076e-05
0.047017,0.0037077,9.6863e-05
0.047302,0.0037342,9.6871e-05
0.047588,0.0036206,9.8139e-05
0.047874,0.0035216,9.9633e-05
0.04816,0.0036867,9.9098e-05
0.048446,0.0036124,0.00010132
0.048732,0.0036372,0.00010102
0.049017,0.0035819,0.00010176
0.049303,0.0034755,0.000102
0.049589,0.0034338,0.00010206
0.049875,0.0032858,0.00010376
0.050161,0.0034378,0.00010242
0.050446,0.0033562,0.00010379
0.050732,0.0032647,0.00010366
0.051018,0.00338,0.00010359
0.051304,0.0033061,0.000105
0.05159,0.0032804,0.00010348
0.051876,0.0032124,0.00010442
0.052161,0.0031688,0.00010466
0.052447,0.003206,0.00010517
0.052733,0.0030595,0.00010602
0.053019,0.0032339,0.0001034
0.053305,0.0032864,0.00010587
0.05359,0.0030943,0.0001054
0.053876,0.0030269,0.000106
0.054162,0.0030364,0.00010585
0.054448,0.0030321,0.00010495
0.054734,0.0029394,0.00010706
0.05502,0.0029286,0.00010579
0.055305,0.0029486,0.00010668
0.055591,0.0030094,0.00010614
0.055877,0.0028465,0.00010631
0.056163,0.0028639,0.00010756
0.056449,0.0028265,0.00010576
0.056734,0.002769,0.00010605
0.05702,0.0027741,0.00010599
0.057306,0.0028432,0.00010642
0.057592,0.0028017,0.00010744
0.057878,0.0028241,0.00010412
0.058163,0.002792,0.00010617
0.058449,0.002821,0.00010549
0.058735,0.0025702,0.00010604
0.059021,0.0026042,0.00010623
0.059307,0.0026996,0.00010419
0.059593,0.0027469,0.00010622
0.059878,0.0025119,0.00010512
0.060164,0.0027246,0.00010565
0.06045,0.0025141,0.00010494
0.060736,0.0024096,0.00010411
0.061022,0.0025354,0.00010619
0.061307,0.0025882,0.00010391
0.061593,0.0024668,0.0001039
0.061879,0.0023207,0.00010487
0.062165,0.0023995,0.00010489
0.062451,0.0024271,0.0001049
0.062737,0.0023807,0.00010337
0.063022,0.0023705,0.00010403
0.063308,0.0023394,0.00010391
0.063594,0.0023422,0.00010411
0.06388,0.0022364,0.00010395
0.064166,0.0022504,0.00010272
0.064451,0.0021704,0.00010409
0.064737,0.0021953,0.00010362
0.065023,0.0021705,0.00010373
0.065309,0.0022042,0.00010239
0.065595,0.0022668,0.0001037
0.065881,0.0021441,0.00010404
0.066166,0.0021564,0.00010239
0.066452,0.0021846,0.00010255
0.066738,0.0020745,0.00010204
0.067024,0.0021941,0.0001031
0.06731,0.00201,0.00010296
0.067595,0.0021996,0.0001016
0.067881,0.0021059,0.00010233
0.068167,0.0019,0.00010342
0.068453,0.0018457,0.00010639
0.068739,0.0018442,0.00010831
0.069024,0.0019369,0.00010718
0.06931,0.001809,0.00011106
0.069596,0.0020538,0.0001108
0.069882,0.0019807,0.00011138
0.070168,0.0019199,0.00011156
0.070454,0.0018647,0.00011237
0.070739,0.0020176,0.00011442
0.071025,0.0018196,0.00011367
0.071311,0.0019612,0.00011444
0.071597,0.0017148,0.0001155
0.071883,0.0018561,0.00011705
0.072168,0.0018666,0.00011778
0.072454,0.0019709,0.00011601
0.07274,0.0016904,0.00011809
0.073026,0.0018324,0.00011765
0.073312,0.0018206,0.00011986
0.073598,0.0016243,0.00012006
0.073883,0.0015968,0.00011741
0.074169,0.0018333,0.0001147
0.074455,0.0017208,0.00011291
0.074741,0.0017431,0.00011217
0.075027,0.0017631,0.0001097
0.075312,0.0015655,0.00010989
0.075598,0.0015697,0.00010972
0.075884,0.0017761,0.00010716
0.07617,0.0014817,0.00010724
0.076456,0.001622,0.000106
0.076742,0.0014337,0.00010654
0.077027,0.0015878,0.00010682
0.077313,0.0015291,0.00010443
0.077599,0.0015037,0.00010411
0.077885,0.0014926,0.00010348
0.078171,0.0015963,0.00010344
0.078456,0.0015118,0.00010394
0.078742,0.0013672,0.00010135
0.079028,0.0014994,0.0001025
0.079314,0.0013555,0.0001018
0.0796,0.0015062,0.00010133
0.079885,0.0013787,0.00010074
0.080171,0.0014046,0.00010056
0.080457,0.0015534,0.00010106
0.080743,0.001371,0.00010031
0.081029,0.001427,0.00010098
0.081315,0.0014971,9.9656e-05
0.0816,0.0013678,0.00010032
0.081886,0.0014945,0.00010088
0.082172,0.0013637,9.9183e-05
0.082458,0.0014444,9.9619e-05
0.082744,0.0014016,9.904e-05
0.083029,0.0013039,9.9856e-05
0.083315,0.001207,9.9265e-05
0.083601,0.0011816,9.8444e-05
0.083887,0.0013973,0.00010001
0.084173,0.0013189,9.8757e-05
0.084459,0.001183,9.8932e-05
0.084744,0.001267,9.8642e-05
0.08503,0.0012897,9.7696e-05
0.085316,0.0011536,9.9059e-05
0.085602,0.0013107,9.782e-05
0.085888,0.001166,9.7742e-05
0.086173,0.0012296,9.784e-05
0.086459,0.0012232,9.7954e-05
0.086745,0.001191,9.8748e-05
0.087031,0.0011058,9.6982e-05
0.087317,0.0011496,9.7405e-05
0.087603,0.0011276,9.7505e-05
0.087888,0.0011709,9.7413e-05
0.088174,0.0012642,9.7763e-05
0.08846,0.0011334,9.6372e-05
0.088746,0.0011485,9.7024e-05
0.089032,0.0011674,9.6933e-05
0.089317,0.00098689,9.6918e-05
0.089603,0.001169,9.6078e-05
0.089889,0.0011383,9.6116e-05
0.090175,0.00097109,9.6774e-05
0.090461,0.001123,9.6105e-05
0.090746,0.0011511,9.6304e-05
0.091032,0.0010924,9.5318e-05
0.091318,0.0010244,9.6747e-05
0.091604,0.0010831,9.6286e-05
0.09189,0.0011149,9.4936e-05
0.092176,0.00095675,9.5477e-05
0.092461,0.0010125,9.5204e-05
0.092747,0.001112,9.572e-05
0.093033,0.00099837,9.5145e-05
0.093319,0.0010935,9.5046e-05
0.093605,0.0010223,9.571e-05
0.09389,0.00097593,9.4563e-05
0.094176,0.00097444,9.5394e-05
0.094462,0.0010115,9.3995e-05
0.094748,0.0011147,9.4347e-05
0.095034,0.0010939,9.5039e-05
0.09532,0.0011001,9.4245e-05
0.095605,0.00095509,9.4561e-05
0.095891,0.00084263,9.3583e-05
0.096177,0.00095183,9.4519e-05
0.096463,0.0008324,9.4417e-05
0.096749,0.00097849,9.3868e-05
0.097034,0.00079586,9.3549e-05
0.09732,0.00089216,9.3786e-05
0.097606,0.00089115,9.3778e-05
0.097892,0.00089111,9.3915e-05
0.098178,0.00092928,9.2936e-05
0.098464,0.00090025,9.3265e-05
0.098749,0.00075367,9.3351e-05
0.099035,0.00086319,9.3706e-05
0.099321,0.00078824,9.2612e-05
0.099607,0.00076232,9.2519e-05
0.099893,0.00090269,9.3108e-05
0.10018,0.00080664,9.3199e-05
0.10046,0.00081981,9.2523e-05
0.10075,0.00076046,9.2352e-05
0.10104,0.0008627,9.2356e-05
0.10132,0.00090624,9.2505e-05
0.10161,0.00081572,9.1975e-05
0.10189,0.00087063,9.2101e-05
0.10218,0.0006845,9.2104e-05
0.10246,0.00076377,9.2055e-05
0.10275,0.00080636,9.2615e-05
0.10304,0.00083839,9.1167e-05
0.10332,0.00077928,9.1978e-05
0.10361,0.00080842,9.1564e-05
0.10389,0.00089052,9.1481e-05
0.10418,0.00069199,9.1231e-05
0.10447,0.00086119,9.0638e-05
0.10475,0.00070508,9.1768e-05
0.10504,0.00073299,9.0869e-05
0.10532,0.0006857,9.1063e-05
0.10561,0.00059094,9.092e-05
0.10589,0.00066577,9.1062e-05
0.10618,0.00074548,9.1239e-05
0.10647,0.00070849,9.0397e-05
0.10675,0.00064397,9.0275e-05
0.10704,0.00076394,9.0423e-05
0.10732,0.00052671,9.0754e-05
0.10761,0.00067256,9.0254e-05
0.1079,0.00080185,9.0655e-05
0.10818,0.00064182,9.0143e-05
0.10847,0.00074125,8.9777e-05
0.10875,0.00067874,9.0491e-05
0.10904,0.00067254,9.2286e-05
0.10932,0.00065939,9.3345e-05
0.10961,0.00058736,9.3894e-05
0.1099,0.00064912,9.4727e-05
0.11018,0.00067523,9.5702e-05
0.11047,0.00067351,9.5442e-05
0.11075,0.00067332,9.7267e-05
0.11104,0.00071406,9.7337e-05
0.11133,0.00080529,9.7856e-05
0.11161,0.00057825,9.9577e-05
0.1119,0.00063471,9.5001e-05
0.11218,0.00059112,9.582e-05
0.11247,0.00074872,9.5034e-05
0.11275,0.00047715,9.4262e-05
0.11304,0.00064219,9.4705e-05
0.11333,0.00053418,9.3405e-05
0.11361,0.00060902,9.362e-05
0.1139,0.00055455,9.2458e-05
0.11418,0.00058107,9.2803e-05
0.11447,0.00057091,9.2531e-05
0.11476,0.00064391,9.2374e-05
0.11504,0.00063094,9.2309e-05
0.11533,0.00065847,9.1132e-05
0.11561,0.00060738,9.2019e-05
0.1159,0.0004222,9.1454e-05
0.11618,0.00065153,9.1032e-05
0.11647,0.00068012,9.121e-05
0.11676,0.00057128,8.9927e-05
0.11704,0.00056242,9.1283e-05
0.11733,0.00055691,9.051e-05
0.11761,0.00054714,9.0698e-05
0.1179,0.00057431,9.0732e-05
0.11818,0.00055592,8.9537e-05
0.11847,0.00065096,9.0797e-05
0.11876,0.00050453,8.9597e-05
0.11904,0.00052735,8.9192e-05
0.11933,0.00043625,8.9511e-05
0.11961,0.00043211,8.9055e-05
0.1199,0.00050943,8.9247e-05
0.12019,0.00047018,8.8002e-05
0.12047,0.00052181,8.868e-05
0.12076,0.00044056,8.8123e-05
0.12104,0.00047323,8.765e-05
0.12133,0.0004202,8.8145e-05
0.12161,0.00042565,8.6827e-05
0.1219,0.00043972,8.7689e-05
0.12219,0.00049448,8.7169e-05
0.12247,0.00055127,8.7126e-05
0.12276,0.00060947,8.7136e-05
0.12304,0.00049029,8.6925e-05
0.12333,0.00050924,8.689e-05
0.12362,0.00061343,8.6539e-05
0.1239,0.00043714,8.7112e-05
0.12419,0.00047758,8.6657e-05
0.12447,0.00048549,8.6689e-05
0.12476,0.00050335,8.6732e-05
0.12504,0.00040099,8.6092e-05
0.12533,0.00039833,8.6425e-05
0.12562,0.00053014,8.6028e-05
0.1259,0.000465,8.623e-05
0.12619,0.00029108,8.63e-05
0.12647,0.00048268,8.5341e-05
0.12676,0.00037534,8.6701e-05
0.12705,0.00044255,8.5757e-05
0.12733,0.0004284,8.5831e-05
0.12762,0.0004895,8.5643e-05
0.1279,0.00047189,8.5394e-05
0.12819,0.00040645,8.5845e-05
0.12847,0.00044653,8.4817e-05
0.12876,0.00049243,8.5251e-05
0.12905,0.00035706,8.7845e-05
0.12933,0.00031414,8.9296e-05
0.12962,0.00051501,9.0443e-05
0.1299,0.00040233,8.9994e-05
0.13019,0.00039273,9.0875e-05
0.13047,0.00036128,9.1365e-05
0.13076,0.00052173,9.2134e-05
0.13105,0.00044952,9.316e-05
0.13133,0.0004127,9.2615e-05
0.13162,0.00035614,9.3955e-05
0.1319,0.00029283,9.4373e-05
0.13219,0.00042968,9.4795e-05
0.13248,0.00037749,9.4885e-05
0.13276,0.00035589,9.5746e-05
0.13305,0.0004071,9.6674e-05
0.13333,0.00038999,9.5027e-05
0.13362,0.00041919,9.6815e-05
0.1339,0.00036692,9.657e-05
0.13419,0.00042698,9.6725e-05
0.13448,0.00037444,9.777e-05
0.13476,0.00041265,9.2711e-05
0.13505,0.0003434,9.2149e-05
0.13533,0.00042429,9.0278e-05
0.13562,0.000301,9.0506e-05
0.13591,0.00050718,8.9355e-05
0.13619,0.00026945,8.8172e-05
0.13648,0.00036881,8.8885e-05
0.13676,0.00046316,8.7292e-05
0.13705,0.00035987,8.6972e-05
0.13733,0.00039825,8.6254e-05
0.13762,0.00043594,8.5718e-05
0.13791,0.00039329,8.6932e-05
0.13819,0.00046259,8.509e-05
0.13848,0.00035957,8.595e-05
0.13876,0.00043841,8.5056e-05
0.13905,0.00039689,8.5645e-05
0.13934,0.00042644,8.6043e-05
0.13962,0.000314,8.4447e-05
0.13991,0.00034487,8.51e-05
0.14019,0.00038596,8.4701e-05
0.14048,0.00040843,8.4529e-05
0.14076,0.00033389,8.4517e-05
0.14105,0.00031708,8.4293e-05
0.14134,0.0003656,8.4783e-05
0.14162,0.00031696,8.4277e-05
0.14191,0.00042037,8.4188e-05
0.14219,0.00024046,8.3836e-05
0.14248,0.00046265,8.3864e-05
0.14276,0.000464,8.431e-05
0.14305,0.00030255,8.3317e-05
0.14334,0.00042962,8.4012e-05
0.14362,0.00028706,8.3383e-05
0.14391,0.00031193,8.3554e-05
0.14419,0.00026168,8.3674e-05
0.14448,0.00042086,8.3146e-05
0.14477,0.00038725,8.3055e-05
0.14505,0.00043001,8.2737e-05
0.14534,0.00045308,8.3374e-05
0.14562,0.0002811,8.305e-05
0.14591,0.00026846,8.2451e-05
0.14619,0.00037255,8.3056e-05
0.14648,0.00027664,8.2526e-05
0.14677,0.00030628,8.2546e-05
0.14705,0.00030014,8.2317e-05
0.14734,0.00026218,8.2372e-05
0.14762,0.00025508,8.2889e-05
0.14791,0.00036098,8.1952e-05
0.1482,0.00029134,8.2665e-05
0.14848,0.00026461,8.1763e-05
0.14877,0.00029409,8.1978e-05
0.14905,0.00031152,8.2118e-05
0.14934,0.00026962,8.1559e-05
0.14962,0.00011382,8.2045e-05
0.14991,0.00027199,8.1452e-05
0.1502,0.00029581,8.1978e-05
0.15048,0.00027336,8.1452e-05
0.15077,0.00036894,8.1239e-05
0.15105,0.00039328,8.1938e-05
0.15134,0.00031932,8.0788e-05
0.15163,0.00012327,8.1471e-05
0.15191,0.00038143,8.0495e-05
0.1522,0.00021413,8.0944e-05
0.15248,0.00023231,8.1412e-05
0.15277,0.00023299,8.0863e-05
0.15305,0.00023169,8.0867e-05
0.15334,0.00025011,8.0624e-05
0.15363,0.0002595,8.1154e-05
0.15391,0.00028388,8.0479e-05
0.1542,0.00028664,8.0191e-05
0.15448,0.00016789,8.0797e-05
0.15477,0.00014588,8.0505e-05
0.15506,0.00025725,8.0293e-05
0.15534,0.00021464,7.9976e-05
0.15563,0.00019707,7.9965e-05
0.15591,0.00022651,8.034e-05
0.1562,0.00031821,7.9685e-05
0.15648,0.00033051,8.0131e-05
0.15677,0.00026749,7.9784e-05
0.15706,0.00019458,7.9722e-05
0.15734,0.00029469,7.9991e-05
0.15763,0.00019609,7.9426e-05
0.15791,0.0001411,7.9881e-05
0.1582,0.000325,7.9409e-05
0.15848,0.00030245,7.9448e-05
0.15877,0.00030123,7.9248e-05
0.15906,0.00026107,7.9047e-05
0.15934,0.00024739,7.9635e-05
0.15963,0.00014574,7.9054e-05
0.15991,0.00035648,7.9398e-05
0.1602,0.00028964,7.8729e-05
0.16049,0.00015699,7.9253e-05
0.16077,0.00016877,7.8903e-05
0.16106,0.0001809,7.8735e-05
0.16134,0.00024282,7.8775e-05
0.16163,0.00027132,7.8473e-05
0.16191,0.00018467,7.8898e-05
0.1622,0.00022401,7.8754e-05
0.16249,0.00032382,7.8349e-05
0.16277,0.00020168,7.8708e-05
0.16306,0.00025446,7.805e-05
0.16334,0.00020798,7.8666e-05
0.16363,0.00024973,7.7961e-05
0.16392,0.00031571,7.8043e-05
0.1642,0.00034823,7.8411e-05
0.16449,0.00023257,7.777e-05
0.16477,0.0002671,7.8383e-05
0.16506,0.00028354,7.7898e-05
0.16534,0.00022905,7.7892e-05
0.16563,0.00025454,7.7889e-05
0.16592,0.00019253,7.7686e-05
0.1662,0.00027147,7.7771e-05
0.16649,0.00021738,7.7281e-05
0.16677,0.00011893,7.7754e-05
0.16706,0.00018932,7.7581e-05
0.16735,0.00012635,7.7522e-05
0.16763,0.00022805,7.7656e-05
0.16792,0.0002276,7.6975e-05
0.1682,0.00027877,7.7336e-05
0.16849,0.00014552,7.7306e-05
0.16877,0.00027803,7.7256e-05
0.16906,0.00018848,7.711e-05
0.16935,0.00023649,7.6702e-05
0.16963,0.00020663,7.6727e-05
0.16992,0.00025334,7.6426e-05
0.1702,0.00022227,7.6397e-05
0.17049,0.00028674,7.6484e-05
0.17077,0.0001704,7.6119e-05
0.17106,0.00020743,7.6627e-05
0.17135,0.00027051,7.578e-05
0.17163,0.00018985,7.6238e-05
0.17192,0.00021526,7.6177e-05
0.1722,0.00020085,7.6106e-05
0.17249,0.00026679,7.6305e-05
0.17278,0.00017485,7.5184e-05
0.17306,0.00022939,7.6136e-05
0.17335,0.00026053,7.5742e-05
0.17363,0.00028304,7.6089e-05
0.17392,0.00016098,7.6256e-05
0.1742,0.00024236,7.5644e-05
0.17449,0.00021088,7.6336e-05
0.17478,0.00023378,7.5612e-05
0.17506,0.00019322,7.5928e-05
0.17535,0.00030517,7.5799e-05
0.17563,0.00026506,7.5629e-05
0.17592,0.00010502,7.611e-05
0.17621,0.000229,7.5013e-05
0.17649,0.00025051,7.6114e-05
0.17678,0.00019512,7.552e-05
0.17706,0.00016526,7.5451e-05
0.17735,0.0001539,7.5633e-05
0.17763,0.0001576,7.5132e-05
0.17792,0.00033905,7.5652e-05
0.17821,0.00020981,7.504e-05
0.17849,0.00025732,7.547e-05
0.17878,0.00027261,7.4762e-05
0.17906,7.2254e-05,7.5395e-05
0.17935,0.00014732,7.5509e-05
0.17964,0.00012498,7.4597e-05
0.17992,0.00021116,7.5082e-05
0.18021,0.00022207,7.4617e-05
0.18049,0.00017911,7.4982e-05
0.18078,0.00022274,7.5001e-05
0.18106,0.00017689,7.4353e-05
0.18135,0.00029531,7.4991e-05
0.18164,0.0001374,7.4644e-05
0.18192,0.0002256,7.4847e-05
0.18221,0.00019457,7.4512e-05
0.18249,0.00013134,7.4098e-05
0.18278,0.00029562,7.5037e-05
0.18306,0.0002274,7.4349e-05
0.18335,0.00020028,7.4308e-05
0.18364,0.00016765,7.4311e-05
0.18392,5.6861e-05,7.4133e-05
0.18421,0.0001406,7.4394e-05
0.18449,0.00019561,7.3932e-05
0.18478,0.00019236,7.4115e-05
0.18507,0.00023988,7.4076e-05
0.18535,0.00018688,7.3901e-05
0.18564,0.00010023,7.4073e-05
0.18592,0.00016909,7.3926e-05
0.18621,0.00025897,7.3925e-05
0.18649,0.00018363,7.411e-05
0.18678,0.00024959,7.3292e-05
0.18707,0.00013543,7.3867e-05
0.18735,0.00015935,7.3282e-05
0.18764,0.00027392,7.3657e-05
0.18792,7.3507e-05,7.3734e-05
0.18821,0.00014458,7.3509e-05
0.1885,0.00018229,7.3432e-05
0.18878,5.1196e-05,7.3556e-05
0.18907,0.00021134,7.3529e-05
0.18935,0.00014327,7.3017e-05
0.18964,0.00018808,7.5374e-05
0.18992,7.1309e-05,7.6163e-05
0.19021,6.0311e-06,7.7469e-05
0.1905,0.00012178,7.7688e-05
0.19078,0.00015606,7.8155e-05
0.19107,0.00013864,7.9021e-05
0.19135,3.8882e-05,7.947e-05
0.19164,9.5496e-05,7.9856e-05
0.19193,0.00013743,8.0011e-05
0.19221,1.8015e-06,8.0144e-05
0.1925,6.3615e-05,8.0718e-05
0.19278,0.00024867,8.0289e-05
0.19307,0.00014913,8.0866e-05
0.19335,0.00012477,8.0478e-05
0.19364,0.00010297,8.1381e-05
0.19393,8.1952e-05,8.1336e-05
0.19421,0.00011662,8.0404e-05
0.1945,0.00017574,8.1305e-05
0.19478,3.6546e-05,8.1476e-05
0.19507,0.00015134,8.1931e-05
0.19536,0.00010826,7.9014e-05
0.19564,0.000191,7.7582e-05
0.19593,0.00018665,7.7328e-05
0.19621,0.00010853,7.6464e-05
0.1965,0.00022978,7.58e-05
0.19678,0.00013496,7.5506e-05
0.19707,0.00024698,7.5221e-05
0.19736,0.00017761,7.5023e-05
0.19764,0.00015237,7.4469e-05
0.19793,0.00017109,7.4598e-05
0.19821,0.00015221,7.3901e-05
0.1985,0.00020558,7.44e-05
0.19878,0.00011307,7.4217e-05
0.19907,0.00016476,7.3879e-05
0.19936,8.2453e-05,7.4034e-05
0.19964,0.00013839,7.3596e-05
0.19993,3.8074e-05,7.4132e-05
0.20021,0.00014507,7.3465e-05
0.2005,0.00018859,7.3482e-05
0.20079,0.00013168,7.3615e-05
0.20107,0.00012645,7.3169e-05
0.20136,0.00014843,7.3541e-05
0.20164,0.00010323,7.2799e-05
0.20193,0.00010793,7.3171e-05
0.20221,8.1876e-05,7.3719e-05
0.2025,9.9772e-05,7.245e-05
0.20279,9.952e-05,7.3345e-05
0.20307,9.0834e-05,7.2449e-05
0.20336,0.00012514,7.3089e-05
0.20364,0.00014753,7.286e-05
0.20393,0.00029134,7.2326e-05
0.20422,0.00011089,7.2784e-05
0.2045,0.00012473,7.2073e-05
0.20479,0.00012562,7.2773e-05
0.20507,7.3259e-05,7.2332e-05
0.20536,0.00013781,7.2095e-05
0.20564,6.8478e-05,7.2551e-05
0.20593,9.27e-05,7.2213e-05
0.20622,0.00016184,7.2072e-05
0.2065,0.00013035,7.1984e-05
0.20679,9.984e-05,7.2218e-05
0.20707,0.00020595,7.2001e-05
0.20736,7.4944e-05,7.2017e-05
0.20765,5.3526e-05,7.1889e-05
0.20793,9.5991e-05,7.1433e-05
0.20822,0.00015785,7.1863e-05
0.2085,0.00017081,7.1582e-05
0.20879,0.00013506,7.1747e-05
0.20907,9.8814e-05,7.1556e-05
0.20936,0.00022066,7.1346e-05
0.20965,0.00015542,7.1828e-05
0.20993,5.52e-05,7.0982e-05
0.21022,9.5352e-05,7.1614e-05
0.2105,0.00014019,7.1298e-05
0.21079,8.7846e-05,7.107e-05
0.21107,0.00014594,7.1763e-05
0.21136,0.00012559,7.0553e-05
0.21165,0.00014695,7.1273e-05
0.21193,0.00014395,7.1068e-05
0.21222,2.419e-05,7.098e-05
0.2125,8.2439e-05,7.115e-05
0.21279,0.00011781,7.0288e-05
0.21308,5.1619e-05,7.1129e-05
0.21336,0.00013347,7.0724e-05
0.21365,9.8858e-05,7.0901e-05
0.21393,0.00015599,7.0998e-05
0.21422,0.00011448,7.0105e-05
0.2145,0.0001686,7.1019e-05
0.21479,0.00014791,7.0452e-05
0.21508,6.559e-05,7.0175e-05
0.21536,0.0001324,7.0742e-05
0.21565,7.8907e-05,7.0234e-05
0.21593,3.4693e-05,7.0677e-05
0.21622,0.00013843,7.0064e-05
0.21651,7.235e-05,7.0209e-05
0.21679,0.00015991,7.016e-05
0.21708,8.1358e-05,7.0307e-05
0.21736,0.00012953,7.0175e-05
0.21765,0.0001795,6.9709e-05
0.21793,0.00013515,7.018e-05
0.21822,3.2346e-05,6.9882e-05
0.21851,8.3952e-05,7.0021e-05
0.21879,6.845e-05,6.9631e-05
0.21908,8.0967e-05,6.9731e-05
0.21936,0.00016837,6.9741e-05
0.21965,9.4947e-05,6.8975e-05
0.21994,0.00016317,6.9564e-05
0.22022,9.3976e-05,6.923e-05
0.22051,0.00012497,6.9478e-05
0.22079,2.0889e-05,6.9505e-05
0.22108,0.0001655,6.8735e-05
0.22136,0.00017613,6.928e-05
0.22165,9.9472e-05,6.9038e-05
0.22194,-1.7531e-05,6.9173e-05
0.22222,0.00010627,6.9035e-05
0.22251,0.00015018,6.8686e-05
0.22279,-9.4795e-06,6.9184e-05
0.22308,6.0105e-05,6.8659e-05
0.22336,4.8792e-05,6.9054e-05
0.22365,3.3614e-05,6.8807e-05
0.22394,0.00016496,6.9002e-05
0.22422,7.3028e-05,6.9014e-05
0.22451,0.0001247,6.8437e-05
0.22479,-4.7106e-05,6.8862e-05
0.22508,0.00016067,6.8773e-05
0.22537,0.00012819,6.9014e-05
0.22565,0.0001071,6.8937e-05
0.22594,0.00010107,6.8302e-05
0.22622,0.00014372,6.8787e-05
0.22651,-1.1655e-05,6.8739e-05
0.22679,0.00016186,6.8596e-05
0.22708,9.1539e-05,6.8609e-05
0.22737,2.5282e-05,6.8506e-05
0.22765,7.1731e-05,6.886e-05
0.22794,1.7608e-05,6.8217e-05
0.22822,0.00012805,6.8437e-05
0.22851,9.8189e-05,6.8303e-05
0.2288,8.2792e-05,6.8408e-05
0.22908,0.00011023,6.8497e-05
0.22937,0.00015644,6.7915e-05
0.22965,3.3851e-05,6.813e-05
0.22994,0.0001202,6.7975e-05
0.23022,7.8434e-05,6.8362e-05
0.23051,8.4649e-05,6.8029e-05
0.2308,2.665e-05,6.7645e-05
0.23108,0.000198,6.8323e-05
0.23137,6.1583e-05,6.7568e-05
0.23165,0.00010019,6.7993e-05
0.23194,9.1446e-05,6.7756e-05
0.23223,0.0001498,6.7717e-05
0.23251,4.9679e-05,6.8241e-05
0.2328,4.6824e-05,6.742e-05
0.23308,0.00015936,6.7549e-05
0.23337,0.00017429,6.7349e-05
0.23365,8.1343e-05,6.7883e-05
0.23394,-2.1257e-05,6.7836e-05
0.23423,0.0001998,6.7232e-05
0.23451,8.9904e-05,6.7516e-05
0.2348,0.00014046,6.7291e-05
0.23508,0.00014075,6.7585e-05
0.23537,6.2378e-05,6.7359e-05
0.23566,6.7803e-05,6.7004e-05
0.23594,4.5956e-05,6.7836e-05
0.23623,2.4188e-05,6.7048e-05
0.23651,4.1185e-05,6.7464e-05
0.2368,6.8198e-05,6.7039e-05
0.23708,6.7752e-05,6.7211e-05
0.23737,0.00012272,6.7753e-05
0.23766,8.3181e-05,6.6638e-05
0.23794,6.0178e-05,6.7331e-05
0.23823,7.8399e-05,6.673e-05
0.23851,0.00013899,6.6981e-05
0.2388,0.00010375,6.6943e-05
0.23908,1.6755e-05,6.6759e-05
0.23937,1.9127e-05,6.7109e-05
0.23966,0.00010046,6.6663e-05
0.23994,5.9433e-05,6.6756e-05
0.24023,0.00014936,6.6691e-05
0.24051,8.571e-05,6.6655e-05
0.2408,4.5228e-05,6.7025e-05
0.24109,2.6198e-05,6.6531e-05
0.24137,9.9191e-05,6.6881e-05
0.24166,0.00011796,6.6247e-05
0.24194,4.7616e-05,6.6506e-05
0.24223,4.0273e-05,6.6654e-05
0.24251,2.5774e-05,6.6412e-05
0.2428,1.8631e-05,6.6569e-05
0.24309,-7.29e-05,6.6096e-05
0.24337,0.00012064,6.6595e-05
0.24366,-8.87e-07,6.6331e-05
0.24394,9.2291e-05,6.6202e-05
0.24423,0.00014761,6.6291e-05
0.24452,8.698e-05,6.5936e-05
0.2448,7.0114e-05,6.631e-05
0.24509,6.8522e-05,6.596e-05
0.24537,0.00016507,6.5934e-05
0.24566,5.3022e-05,6.6322e-05
0.24594,3.5672e-05,6.602e-05
0.24623,4.8226e-05,6.6198e-05
0.24652,0.00012021,6.5659e-05
0.2468,5.4558e-05,6.5949e-05
0.24709,9.9269e-05,6.5754e-05
0.24737,9.6687e-05,6.5886e-05
0.24766,7.1602e-05,6.5862e-05
0.24795,9.842e-05,6.5549e-05
0.24823,0.00021859,6.5779e-05
0.24852,2.8477e-05,6.5632e-05
0.2488,5.0105e-05,6.5591e-05
0.24909,0.00014836,6.5638e-05
0.24937,2.2311e-05,6.5618e-05
0.24966,2.0473e-05,6.5714e-05
0.24995,9.5404e-05,6.5159e-05
0.25023,7.7522e-05,6.8941e-05
0.25052,-3.8146e-06,7.0158e-05
0.2508,7.3639e-05,7.1843e-05
0.25109,0.00014286,7.3053e-05
0.25137,1.2764e-05,7.3806e-05
0.25166,2.2555e-05,7.5551e-05
0.25195,1.2696e-05,7.6061e-05
0.25223,0.00010139,7.6947e-05
0.25252,5.2121e-05,7.7843e-05
0.2528,5.0885e-06,7.7748e-05
0.25309,0.0001041,7.997e-05
0.25338,0.00014049,7.8915e-05
0.25366,6.9876e-05,8.0361e-05
0.25395,-1.2398e-05,8.1228e-05
0.25423,8.9999e-05,8.1192e-05
0.25452,0.00019597,8.2957e-05
0.2548,2.9138e-05,8.1895e-05
0.25509,8.44e-05,8.3057e-05
0.25538,5.4119e-05,8.3572e-05
0.25566,6.6963e-05,8.3502e-05
0.25595,3.7598e-05,8.4574e-05
0.25623,-4.514e-06,8.3644e-05
0.25652,9.3053e-05,8.5284e-05
0.25681,9.5045e-06,8.4702e-05
0.25709,4.2522e-05,8.5624e-05
0.25738,7.9114e-05,8.5929e-05
0.25766,2.4601e-05,8.6329e-05
0.25795,2.4741e-05,8.6744e-05
0.25823,-1.144e-06,8.6645e-05
0.25852,4.7569e-05,8.7021e-05
0.25881,8.053e-06,8.7333e-05
0.25909,2.7753e-05,8.8413e-05
0.25938,8.0186e-05,8.761e-05
0.25966,0.00018695,8.7599e-05
0.25995,-5.2767e-05,8.8335e-05
0.26024,5.5493e-05,8.8037e-05
0.26052,9.7775e-05,8.8648e-05
0.26081,-3.913e-05,8.8185e-05
0.26109,8.0446e-05,8.8811e-05
0.26138,9.4547e-05,8.9905e-05
0.26166,0.00018232,8.857e-05
0.26195,1.8306e-05,9.0216e-05
0.26224,4.7018e-05,8.9433e-05
0.26252,6.8893e-05,9.1187e-05
0.26281,7.1315e-05,9.1065e-05
0.26309,9.1194e-05,8.9563e-05
0.26338,3.697e-05,9.2263e-05
0.26366,2.409e-05,9.0835e-05
0.26395,8.0411e-05,9.262e-05
0.26424,0.00013911,9.1887e-05
0.26452,1.1874e-05,9.1662e-05
0.26481,-7.6698e-05,9.3764e-05
0.26509,6.3204e-05,9.2523e-05
0.26538,0.00017322,9.3528e-05
0.26567,5.7923e-05,9.3255e-05
0.26595,-1.4275e-06,9.359e-05
0.26624,9.3217e-05,9.5062e-05
0.26652,2.046e-05,9.3427e-05
0.26681,-5.301e-05,9.4913e-05
0.26709,4.0161e-05,9.4906e-05
0.26738,3.6568e-06,9.579e-05
0.26767,0.00010824,9.5687e-05
0.26795,5.2035e-05,9.4949e-05
0.26824,-1.4218e-05,9.6519e-05
0.26852,5.7414e-05,9.6654e-05
0.26881,9.4314e-05,9.6891e-05
0.2691,0.00020036,9.6849e-05
0.26938,0.00013007,9.6773e-05
0.26967,-3.5397e-05,9.7816e-05
0.26995,8.8955e-05,9.8634e-05
0.27024,0.00010867,9.7617e-05
0.27052,7.81e-05,9.8016e-05
0.27081,5.2426e-05,9.9047e-05
0.2711,0.0001219,9.9097e-05
0.27138,4.9762e-05,9.9312e-05
0.27167,-9.5429e-05,9.9205e-05
0.27195,3.8971e-05,0.00010039
0.27224,-2.5713e-05,0.0001004
0.27253,9.9943e-05,0.00010063
0.27281,0.0001615,9.9814e-05
0.2731,7.0517e-06,0.00010086
0.27338,3.0201e-05,0.00010106
0.27367,6.1265e-05,0.0001017
0.27395,-1.4084e-05,0.00010036
0.27424,0.00015392,0.00010145
0.27453,0.00014726,0.00010242
0.27481,4.5551e-05,0.00010137
0.2751,0.00015113,0.0001029
0.27538,3.0295e-05,0.00010178
0.27567,-1.6885e-05,0.00010323
0.27596,0.00010561,0.00010352
0.27624,-3.1765e-05,0.00010333
0.27653,9.3947e-05,0.00010407
0.27681,0.00016173,0.00010316
0.2771,0.00010517,0.00010589
0.27738,-7.9927e-05,0.00010375
0.27767,9.2649e-05,0.00010407
0.27796,0.00012773,0.0001069
0.27824,4.0201e-05,0.00010484
0.27853,4.3301e-05,0.00010612
0.27881,8.8106e-05,0.00010539
0.2791,5.9784e-05,0.00010691
0.27938,-0.00015593,0.00010734
0.27967,5.7016e-05,0.00010644
0.27996,-3.166e-05,0.00010832
0.28024,3.063e-05,0.00010722
0.28053,0.00013467,0.0001082
0.28081,-0.00014488,0.0001088
0.2811,0.00010995,0.00010894
0.28139,0.00016746,0.00010968
0.28167,0.00010983,0.00010731
0.28196,0.00012964,0.00011016
0.28224,-4.4718e-05,0.00010821
0.28253,0.00024518,0.00010967
0.28281,0.00021293,0.00010927
0.2831,8.1315e-06,0.00010827
0.28339,0.00013629,0.0001109
0.28367,-2.7908e-05,0.00010763
0.28396,6.5292e-05,0.00011069
0.28424,-7.8137e-05,0.00010916
0.28453,0.00010645,0.00010987
0.28482,-2.493e-05,0.00011189
0.2851,-3.882e-05,0.00010931
0.28539,-8.2687e-05,0.0001126
0.28567,-9.4649e-05,0.00011079
0.28596,0.00013322,0.0001122
0.28624,-4.0089e-05,0.0001125
0.28653,-1.7576e-05,0.00011186
0.28682,-6.573e-05,0.00011426
0.2871,5.7517e-05,0.00011168
0.28739,3.2761e-05,0.00011427
0.28767,0.00010068,0.0001133
0.28796,8.3528e-05,0.00011381
0.28825,-1.3124e-05,0.00011657
0.28853,-7.9189e-05,0.00011307
0.28882,0.00012235,0.00011552
0.2891,3.8432e-05,0.00011496
0.28939,3.4179e-05,0.00011601
0.28967,1.3935e-05,0.00011701
0.28996,7.7351e-05,0.00011478
0.29025,2.0353e-05,0.00011825
0.29053,-4.3058e-05,0.00011727
0.29082,1.555e-05,0.0001174
0.2911,0.00017263,0.00011771
0.29139,6.0969e-05,0.00011799
0.29167,2.6382e-05,0.00011944
0.29196,3.464e-06,0.00011813
0.29225,4.655e-05,0.00012031
0.29253,-7.4515e-05,0.0001188
0.29282,-0.00016328,0.00012024
0.2931,9.0008e-05,0.00012119
0.29339,6.6704e-06,0.00011955
0.29368,0.00018829,0.00012227
0.29396,-8.243e-05,0.00012031
0.29425,-2.923e-05,0.00012261
0.29453,8.7196e-05,0.00012211
0.29482,8.59e-06,0.00012223
0.2951,3.6615e-06,0.0001243
0.29539,3.219e-05,0.00012136
0.29568,2.5975e-05,0.0001258
0.29596,5.7009e-05,0.00012304
0.29625,0.00010986,0.00012477
0.29653,0.00011773,0.00012564
0.29682,9.7779e-05,0.00012406
0.29711,1.1645e-05,0.00012781
0.29739,2.0995e-06,0.00012462
0.29768,-1.7087e-05,0.00012708
0.29796,0.00021546,0.00012728
0.29825,0.00025694,0.00012628
0.29853,0.00020032,0.00013019
0.29882,0.00015022,0.00012641
0.29911,6.5561e-05,0.00012922
0.29939,-1.1685e-05,0.00012867
0.29968,8.8572e-05,0.00012872
0.29996,3.0064e-05,0.00013192
0.30025,0.00016886,0.00012827
0.30054,5.876e-05,0.00013289
0.30082,8.752e-05,0.0001299
0.30111,0.0001475,0.00013177
0.30139,-1.168e-05,0.00013212
0.30168,-3.4534e-05,0.00013225
0.30196,5.2141e-05,0.00013534
0.30225,0.00012043,0.00013145
0.30254,0.00018035,0.00013471
0.30282,6.7568e-05,0.00013426
0.30311,0.00014979,0.00013447
0.30339,0.00013799,0.00013731
0.30368,-3.9465e-05,0.00013375
0.30397,0.00015599,0.00013812
0.30425,0.00012771,0.00013477
0.30454,0.00017455,0.00013854
0.30482,-9.03e-06,0.00013735
0.30511,0.00010034,0.00013805
0.30539,0.00012164,0.00014165
0.30568,-4.2697e-05,0.00013662
0.30597,5.6928e-05,0.00014153
0.30625,0.00017612,0.00013887
0.30654,-4.2549e-05,0.00014162
0.30682,-0.00014679,0.00014409
0.30711,-0.0001405,0.00013875
0.30739,4.2605e-05,0.00014546
0.30768,7.3715e-05,0.0001408
0.30797,-0.00013504,0.00014508
0.30825,0.00026835,0.00014465
0.30854,4.4277e-05,0.00014375
0.30882,-0.00010679,0.00014771
0.30911,3.1032e-05,0.00014313
0.3094,-3.675e-06,0.00014863
0.30968,0.00031158,0.00014474
0.30997,0.00017708,0.00014796
0.31025,0.00013525,0.00015172
0.31054,2.8427e-05,0.00014594
0.31082,0.00016228,0.00015158
0.31111,9.1495e-05,0.00014742
0.3114,-6.1655e-05,0.0001526
0.31168,5.5177e-05,0.000151
0.31197,5.197e-06,0.00015082
0.31225,5.76e-05,0.00015551
0.31254,0.00011019,0.00014946
0.31283,0.00028832,0.00015506
0.31311,0.00011981,0.00015508
0.3134,0.00023157,0.00015537
0.31368,5.5706e-05,0.0001571
0.31397,0.00015254,0.00015251
0.31425,-6.2645e-06,0.00015847
0.31454,0.00026044,0.00015266
0.31483,7.5993e-05,0.00015784
0.31511,8.6052e-05,0.00015529
0.3154,0.00028072,0.00015542
0.31568,-0.0001058,0.00015965
0.31597,8.1697e-05,0.00015221
0.31626,0.00033164,0.00015827
0.31654,-9.4478e-05,0.00015539
0.31683,0.00014777,0.00015698
0.31711,7.5431e-05,0.00015825
0.3174,-1.3488e-05,0.00015459
0.31768,-1.5469e-05,0.00016027
0.31797,0.00021766,0.00015659
0.31826,-6.0087e-05,0.00016034
0.31854,0.00022935,0.00015921
0.31883,0.00010279,0.00016075
0.31911,0.00017034,0.00016512
0.3194,-0.00010454,0.00015819
0.31968,4.2515e-05,0.00016535
0.31997,0.00033829,0.00016194
0.32026,9.8614e-05,0.00016471
0.32054,0.00012219,0.00016789
0.32083,6.5434e-05,0.00016194
0.32111,0.00033482,0.00016962
0.3214,-7.3039e-05,0.00016541
0.32169,0.00013903,0.0001694
0.32197,-0.00011486,0.00016877
0.32226,-4.3245e-05,0.00016917
0.32254,0.00010035,0.00017532
0.32283,-5.857e-05,0.00016741
0.32311,7.7062e-05,0.00017559
0.3234,0.00014733,0.00017131
0.32369,4.658e-05,0.00017533
0.32397,0.00011428,0.00017823
0.32426,-3.0642e-05,0.00017322
0.32454,5.8096e-05,0.00018193
0.32483,-0.00021046,0.0001741
0.32512,2.9093e-05,0.00018146
0.3254,0.00041631,0.00017887
0.32569,-0.00017939,0.00018004
0.32597,-8.7814e-05,0.00018833
0.32626,0.0001196,0.00017666
0.32654,7.215e-05,0.00018747
0.32683,0.00026588,0.00018089
0.32712,3.606e-05,0.0001883
0.3274,0.00011461,0.00019152
0.32769,-0.00013315,0.00018332
0.32797,6.7542e-06,0.00019625
0.32826,6.8263e-05,0.00018423
0.32855,-2.7488e-05,0.00019597
0.32883,-9.778e-06,0.00019131
0.32912,9.036e-05,0.00019334
0.3294,-0.0001777,0.00020348
0.32969,0.00028297,0.00018958
0.32997,-0.00029967,0.0002021
0.33026,-8.2834e-05,0.00019377
0.33055,-1.4475e-05,0.00020281
0.33083,-3.4076e-05,0.0002039
0.33112,-0.00017708,0.00019927
0.3314,0.00011583,0.00021057
0.33169,-0.00012864,0.00019931
0.33197,0.00017157,0.00021002
0.33226,0.00038314,0.00020704
0.33255,0.00016493,0.00021089
0.33283,0.00052035,0.00022111
0.33312,2.125e-06,0.00020299
0.3334,9.6433e-05,0.00022239
0.33369,0.00039923,0.00020976
0.33398,5.3722e-05,0.00022046
0.33426,-0.00023054,0.00022276
0.33455,0.00017535,0.00021519
0.33483,0.00011713,0.0002334
0.33512,0.00048078,0.00021659
0.3354,0.00012842,0.00023258
0.33569,0.00010171,0.00022538
0.33598,0.00027448,0.00023118
0.33626,0.00014932,0.00024593
0.33655,4.3874e-05,0.00022079
0.33683,0.00024743,0.00024691
0.33712,-1.2055e-05,0.00023026
0.33741,-0.00012892,0.00024543
0.33769,-1.699e-05,0.00024639
0.33798,-7.8123e-05,0.00023955
0.33826,-0.00010809,0.00026181
0.33855,-0.00038861,0.00023838
0.33883,-3.2318e-05,0.00026075
0.33912,0.00046829,0.00025288
0.33941,-8.8e-07,0.00025464
0.33969,-8.6288e-05,0.0002837
0.33998,-0.00026538,0.00024287
0.34026,-1.3465e-05,0.00028578
0.34055,8.5901e-05,0.00025396
0.34084,6.654e-05,0.00028562
0.34112,-4.7896e-05,0.00027641
0.34141,0.00015918,0.00027518
0.34169,1.068e-05,0.0003009
0.34198,0.00029314,0.00026796
0.34226,0.00043481,0.00030241
0.34255,-2.0699e-05,0.00028755
0.34284,0.00020533,0.00029631
0.34312,-8.1035e-05,0.00033777
0.34341,0.00015947,0.00027776
0.34369,-0.00022811,0.00033367
0.34398,1.8554e-05,0.00029908
0.34427,0.00015663,0.00032601
0.34455,-0.00013717,0.00033733
0.34484,-3.824e-05,0.00031496
0.34512,0.00017921,0.00039395
0.34541,-0.00025258,0.00030314
0.34569,0.00029503,0.00039107
0.34598,9.218e-05,0.00033635
0.34627,-2.6025e-05,0.00036966
0.34655,-0.00015731,0.0004451
0.34684,-0.00024349,0.00032176
0.34712,2.3494e-05,0.00046789
0.34741,0.00014699,0.00033653
0.34769,0.00017115,0.00048877
0.34798,-0.00010873,0.00039541
0.34827,4.837e-05,0.000438
0.34855,0.00072621,0.0005276
0.34884,0.00027235,0.0003853
0.34912,-0.00043168,0.00056609
0.34941,0.00025028,0.00041418
0.3497,-0.00050315,0.00061134
