0.0044301,0.0099238,0.0010751
0.004716,0.008326,0.00061745
0.0050018,0.0097603,0.0005962
0.0052876,0.0097546,0.00052693
0.0055734,0.0096637,0.0004919
0.0058592,0.0098576,0.00044943
0.006145,0.0096478,0.00043824
0.0064309,0.0092941,0.00040668
0.0067167,0.0087575,0.00039707
0.0070025,0.0089292,0.00036975
0.0072883,0.0094752,0.00034684
0.0075741,0.00895,0.00036943
0.0078599,0.009335,0.0003555
0.0081457,0.0085946,0.00034999
0.0084316,0.0088581,0.00035252
0.0087174,0.0087528,0.00033643
0.0090032,0.0094206,0.00033236
0.009289,0.0089226,0.0003241
0.0095748,0.0090164,0.00031605
0.0098606,0.008864,0.000319
0.010146,0.0086017,0.00030288
0.010432,0.0091077,0.00030713
0.010718,0.0089039,0.00029542
0.011004,0.0087468,0.00028775
0.01129,0.0086524,0.00029316
0.011576,0.0088077,0.00029617
0.011861,0.0084005,0.00028869
0.012147,0.0082535,0.00027975
0.012433,0.0089012,0.0002765
0.012719,0.0080664,0.00027052
0.013005,0.0087311,0.00026989
0.01329,0.0081939,0.00026225
0.013576,0.0083432,0.00024762
0.013862,0.0077458,0.00024535
0.014148,0.0084041,0.00023622
0.014434,0.0083942,0.00022948
0.01472,0.0083075,0.00022416
0.015005,0.0081544,0.00022137
0.015291,0.0080996,0.0002231
0.015577,0.0082505,0.00021597
0.015863,0.0083133,0.00021457
0.016149,0.0079847,0.00020396
0.016434,0.0078842,0.00020635
0.01672,0.0081015,0.00020457
0.017006,0.0080127,0.00019965
0.017292,0.0077835,0.00019297
0.017578,0.0080906,0.00019687
0.017863,0.0079945,0.00019154
0.018149,0.0077332,0.00018993
0.018435,0.0079656,0.00018556
0.018721,0.0078194,0.00018612
0.019007,0.0078535,0.00018772
0.019293,0.007722,0.00018469
0.019578,0.0079466,0.00017792
0.019864,0.0076712,0.00017742
0.02015,0.0076857,0.00017621
0.020436,0.0074971,0.00017646
0.020722,0.00771,0.00017582
0.021007,0.0078589,0.00017264
0.021293,0.0074091,0.00016879
0.021579,0.0077241,0.00017277
0.021865,0.0073038,0.00016353
0.022151,0.0074525,0.00016591
0.022437,0.0074586,0.00016352
0.022722,0.0072143,0.00016113
0.023008,0.0072785,0.00016317
0.023294,0.0074935,0.00015931
0.02358,0.0071345,0.00016066
0.023866,0.0073498,0.00015962
0.024151,0.0069872,0.00015586
0.024437,0.007146,0.00015557
0.024723,0.0073563,0.00015323
0.025009,0.0069218,0.00015498
0.025295,0.0070865,0.00015087
0.025581,0.0069348,0.00015086
0.025866,0.0069492,0.00015058
0.026152,0.0068964,0.0001501
0.026438,0.0069523,0.0001497
0.026724,0.0068904,0.00014457
0.02701,0.0070431,0.00014748
0.027295,0.0067792,0.00014435
0.027581,0.0066617,0.00014492
0.027867,0.0065843,0.00014497
0.028153,0.006735,0.00014149
0.028439,0.0068172,0.00014144
0.028724,0.0063965,0.00013924
0.02901,0.0064986,0.00013942
0.029296,0.0064859,0.00013831
0.029582,0.0065949,0.00013839
0.029868,0.0065625,0.00014042
0.030154,0.0065662,0.00014195
0.030439,0.0065173,0.00014023
0.030725,0.0065235,0.00014022
0.031011,0.0063449,0.00014238
0.031297,0.0063726,0.00014212
0.031583,0.0062617,0.00013856
0.031868,0.0063061,0.00014088
0.032154,0.0061645,0.00013804
0.03244,0.0060792,0.00013881
0.032726,0.0060349,0.00014004
0.033012,0.0060906,0.00013721
0.033298,0.0063308,0.00013781
0.033583,0.0059291,0.00013482
0.033869,0.0059806,0.00013828
0.034155,0.0060704,0.00013723
0.034441,0.0058728,0.00013581
0.034727,0.0059601,0.00013793
0.035012,0.0057502,0.00013417
0.035298,0.0059004,0.00014067
0.035584,0.0057284,0.00013885
0.03587,0.0058481,0.00013575
0.036156,0.0057412,0.00013679
0.036442,0.0058841,0.00013539
0.036727,0.0058469,0.00013515
0.037013,0.0056133,0.00013255
0.037299,0.0058524,0.00013507
0.037585,0.0053738,0.00013609
0.037871,0.0058041,0.0001311
0.038156,0.0056816,0.0001322
0.038442,0.0057492,0.00013296
0.038728,0.0054587,0.00013229
0.039014,0.0052296,0.00013194
0.0393,0.005505,0.00013047
0.039585,0.0051329,0.00013072
0.039871,0.0052221,0.0001292
0.040157,0.0050965,0.00013057
0.040443,0.0052147,0.00012913
0.040729,0.0051449,0.00012857
0.041015,0.0052622,0.00012923
0.0413,0.0051942,0.00012881
0.041586,0.0050121,0.00012794
0.041872,0.0050053,0.00012692
0.042158,0.0050234,0.00012779
0.042444,0.0048431,0.00012752
0.042729,0.0050367,0.00012459
0.043015,0.0049692,0.00012381
0.043301,0.0048862,0.00012602
0.043587,0.0050374,0.00012535
0.043873,0.0048808,0.0001247
0.044159,0.0047586,0.00012261
0.044444,0.0048661,0.00012453
0.04473,0.0047505,0.00012395
0.045016,0.0048159,0.00012473
0.045302,0.0045256,0.00012235
0.045588,0.004762,0.00012054
0.045873,0.0046804,0.00012331
0.046159,0.0045502,0.00012005
0.046445,0.0046233,0.00012139
0.046731,0.0043474,0.0001226
0.047017,0.0042764,0.00012122
0.047302,0.0044947,0.00012392
0.047588,0.004515,0.000123
0.047874,0.0043449,0.00012513
0.04816,0.0043513,0.00012513
0.048446,0.0041389,0.00012531
0.048732,0.0042701,0.00012594
0.049017,0.004102,0.00012577
0.049303,0.0041916,0.00013123
0.049589,0.0042,0.00012807
0.049875,0.0043636,0.00012775
0.050161,0.0038198,0.00012554
0.050446,0.004104,0.00013347
0.050732,0.0041727,0.00012853
0.051018,0.0039127,0.00012775
0.051304,0.0040082,0.0001325
0.05159,0.0039459,0.00013035
0.051876,0.0040105,0.00013258
0.052161,0.0039844,0.00013053
0.052447,0.0037267,0.00012765
0.052733,0.0039244,0.00013055
0.053019,0.0037865,0.00012662
0.053305,0.0036873,0.00013214
0.05359,0.0037914,0.00013451
0.053876,0.0037935,0.00013355
0.054162,0.0036139,0.00013303
0.054448,0.0036961,0.00013215
0.054734,0.0036441,0.00013093
0.05502,0.0036364,0.00012929
0.055305,0.0037246,0.00013308
0.055591,0.0036972,0.00012644
0.055877,0.0036001,0.00013547
0.056163,0.0033828,0.00013739
0.056449,0.0034241,0.00013306
0.056734,0.0033417,0.00012993
0.05702,0.0034337,0.00013207
0.057306,0.0034578,0.00013387
0.057592,0.0033218,0.00013005
0.057878,0.0033078,0.00012721
0.058163,0.0033116,0.00013545
0.058449,0.0032475,0.00012862
0.058735,0.0031993,0.00012928
0.059021,0.0032298,0.00013313
0.059307,0.003234,0.00013258
0.059593,0.0033954,0.00013294
0.059878,0.0031665,0.00013613
0.060164,0.0030409,0.00012995
0.06045,0.0032746,0.00013424
0.060736,0.0029608,0.0001297
0.061022,0.0029913,0.00013319
0.061307,0.0030229,0.00013082
0.061593,0.0028912,0.00012696
0.061879,0.003097,0.00013058
0.062165,0.0029042,0.00012481
0.062451,0.0029118,0.00013401
0.062737,0.0031067,0.000131
0.063022,0.0029905,0.00012875
0.063308,0.0029329,0.0001319
0.063594,0.0029193,0.00012797
0.06388,0.0026248,0.00013084
0.064166,0.0029032,0.0001234
0.064451,0.0026338,0.00012573
0.064737,0.0027936,0.00012587
0.065023,0.0026957,0.00012864
0.065309,0.0025161,0.00012871
0.065595,0.0027647,0.00013018
0.065881,0.0025014,0.00012789
0.066166,0.0026108,0.00012658
0.066452,0.0026475,0.00012841
0.066738,0.0026525,0.00013024
0.067024,0.0024743,0.00012751
0.06731,0.0024268,0.00012785
0.067595,0.0025854,0.00012107
0.067881,0.0025063,0.00012798
0.068167,0.0024851,0.00012416
0.068453,0.0025606,0.00013549
0.068739,0.0026143,0.00013715
0.069024,0.0023522,0.00013144
0.06931,0.00223,0.00013211
0.069596,0.0024577,0.00013154
0.069882,0.0024493,0.00013733
0.070168,0.0023146,0.00013159
0.070454,0.00235,0.00014291
0.070739,0.002393,0.00014049
0.071025,0.0022916,0.00014074
0.071311,0.0022636,0.00014133
0.071597,0.0022055,0.00014089
0.071883,0.0021949,0.00014265
0.072168,0.0022767,0.00014583
0.072454,0.0020921,0.00013841
0.07274,0.0020085,0.00014746
0.073026,0.0020559,0.00014085
0.073312,0.0021609,0.0001498
0.073598,0.0021388,0.00014889
0.073883,0.0021063,0.00014519
0.074169,0.0020176,0.00014209
0.074455,0.0019115,0.00013603
0.074741,0.0020871,0.00013652
0.075027,0.0020352,0.00013573
0.075312,0.0021262,0.00012939
0.075598,0.0018442,0.00014168
0.075884,0.0019313,0.00013088
0.07617,0.0021121,0.00013242
0.076456,0.0020401,0.0001379
0.076742,0.0018232,0.00012965
0.077027,0.0018829,0.00013117
0.077313,0.0019665,0.00013053
0.077599,0.0018398,0.00012386
0.077885,0.0017938,0.00012868
0.078171,0.0018495,0.00012879
0.078456,0.0018467,0.00012565
0.078742,0.00196,0.00012467
0.079028,0.0020643,0.00012247
0.079314,0.0018268,0.00013016
0.0796,0.0017732,0.00012612
0.079885,0.0016035,0.00012375
0.080171,0.001777,0.0001242
0.080457,0.0017768,0.00012163
0.080743,0.0017136,0.00013336
0.081029,0.001832,0.00012985
0.081315,0.0018371,0.00012368
0.0816,0.0016211,0.00012184
0.081886,0.0017241,0.00012149
0.082172,0.0016266,0.00011967
0.082458,0.001722,0.00012305
0.082744,0.0017279,0.00012393
0.083029,0.0015746,0.00013147
0.083315,0.0016209,0.00011773
0.083601,0.0015176,0.00011489
0.083887,0.0013604,0.0001183
0.084173,0.0016685,0.00011858
0.084459,0.0016405,0.00012117
0.084744,0.0016863,0.00011551
0.08503,0.0014605,0.00011667
0.085316,0.0015462,0.00012698
0.085602,0.0014719,0.00012926
0.085888,0.0015424,0.00012398
0.086173,0.0014425,0.00012358
0.086459,0.0015422,0.00011922
0.086745,0.0014665,0.00011789
0.087031,0.0015459,0.00011822
0.087317,0.0015791,0.00012249
0.087603,0.0014882,0.0001143
0.087888,0.001486,0.00012199
0.088174,0.001414,0.00012477
0.08846,0.0012598,0.00011541
0.088746,0.0014744,0.00011273
0.089032,0.0011746,0.00011088
0.089317,0.001408,0.00011377
0.089603,0.0012793,0.00011801
0.089889,0.0013605,0.00011859
0.090175,0.0012533,0.00012242
0.090461,0.0013083,0.00011711
0.090746,0.0014662,0.00011389
0.091032,0.0012579,0.00011296
0.091318,0.0013342,0.0001131
0.091604,0.0013742,0.00011515
0.09189,0.0012768,0.00011743
0.092176,0.0011911,0.00013185
0.092461,0.001091,0.00011971
0.092747,0.0011722,0.00012457
0.093033,0.0012168,0.0001165
0.093319,0.0013447,0.00011565
0.093605,0.0012924,0.00012258
0.09389,0.0012243,0.00011406
0.094176,0.0012927,0.00011505
0.094462,0.00113,0.00011124
0.094748,0.0012057,0.00011823
0.095034,0.0011852,0.00012146
0.09532,0.0012748,0.00011185
0.095605,0.0010029,0.00013052
0.095891,0.00099488,0.00010725
0.096177,0.00095431,0.00010762
0.096463,0.0011636,0.00011527
0.096749,0.0011908,0.00010789
0.097034,0.0012864,0.00011287
0.09732,0.00094659,0.00011846
0.097606,0.0010576,0.0001251
0.097892,0.0013193,0.00011301
0.098178,0.0011404,0.00011533
0.098464,0.0011202,0.00011696
0.098749,0.001061,0.00011366
0.099035,0.00097434,0.00011102
0.099321,0.0010732,0.00011592
0.099607,0.001057,0.00012194
0.099893,0.0010276,0.00011591
0.10018,0.0010486,0.00010626
0.10046,0.00087363,0.00011161
0.10075,0.001042,0.00013631
0.10104,0.0010814,0.0001225
0.10132,0.0010414,0.00010997
0.10161,0.00089507,0.00013461
0.10189,0.0010203,0.00010627
0.10218,0.00083788,0.00011087
0.10246,0.00089016,0.0001167
0.10275,0.00093621,0.00010161
0.10304,0.00093646,0.00011103
0.10332,0.0010182,0.000115
0.10361,0.00092039,0.00011383
0.10389,0.0010651,0.00011407
0.10418,0.0008658,0.00010302
0.10447,0.00093156,0.0001171
0.10475,0.00099606,0.00010922
0.10504,0.0010553,0.0001092
0.10532,0.00090013,0.00010446
0.10561,0.00089154,0.00011181
0.10589,0.00096812,0.00010553
0.10618,0.00087705,0.00010893
0.10647,0.0007381,0.00011416
0.10675,0.00094557,0.00011505
0.10704,0.0009059,0.00011004
0.10732,0.00082034,0.00012141
0.10761,0.00068462,0.00011211
0.1079,0.00084785,0.00010748
0.10818,0.00095419,0.0001146
0.10847,0.0010108,0.00013044
0.10875,0.00085164,0.0001112
0.10904,0.00069467,0.0001136
0.10932,0.00092562,0.00010881
0.10961,0.00085012,0.00012992
0.1099,0.00083496,0.00012806
0.11018,0.00089962,0.00012724
0.11047,0.0007975,0.00013321
0.11075,0.00074418,0.00011502
0.11104,0.00067706,0.00012727
0.11133,0.00092555,0.00011798
0.11161,0.00085137,0.00027122
0.1119,0.00086414,0.00011591
0.11218,0.00081581,0.00011569
0.11247,0.00057838,0.00011829
0.11275,0.00076733,0.00012762
0.11304,0.00089053,0.00011882
0.11333,0.00079718,0.00011427
0.11361,0.00068937,0.00011966
0.1139,0.00083805,0.00011028
0.11418,0.00073058,0.00010627
0.11447,0.0006581,0.00011768
0.11476,0.00073148,0.0001049
0.11504,0.00079287,0.00018604
0.11533,0.00080666,0.00011426
0.11561,0.00069874,0.00010972
0.1159,0.00072285,0.00010631
0.11618,0.00077737,0.00014487
0.11647,0.00067427,0.00011821
0.11676,0.00074007,0.00013898
0.11704,0.00058818,0.00012456
0.11733,0.00069869,0.00013227
0.11761,0.00063095,0.00010415
0.1179,0.00076315,0.00018685
0.11818,0.00063639,0.00011432
0.11847,0.00069262,0.0009024
0.11876,0.00071767,0.00010305
0.11904,0.00060649,0.00011136
0.11933,0.00058401,0.00011261
0.11961,0.00061079,9.75e-05
0.1199,0.00064444,0.00014482
0.12019,0.00049343,0.00010939
0.12047,0.00068362,0.00021808
0.12076,0.00074239,0.0001664
0.12104,0.00073393,0.00010454
0.12133,0.00070236,9.8315e-05
0.12161,0.0007143,0.0001116
0.1219,0.0007723,9.827e-05
0.12219,0.00062507,0.00010339
0.12247,0.00069257,0.00010641
0.12276,0.00046653,0.00013903
0.12304,0.00061707,0.00011328
0.12333,0.00060928,0.00010051
0.12362,0.00061252,0.00010936
0.1239,0.00048394,0.00010101
0.12419,0.00061907,0.00015209
0.12447,0.00061336,0.00010155
0.12476,0.00071254,0.0001156
0.12504,0.00065739,0.00013462
0.12533,0.00058977,0.00010714
0.12562,0.00056682,0.00010349
0.1259,0.00050593,0.00014875
0.12619,0.00052847,0.00011179
0.12647,0.00071356,9.5096e-05
0.12676,0.00053944,0.00021016
0.12705,0.00047379,0.0001112
0.12733,0.0004686,0.00012228
0.12762,0.0004578,0.00010157
0.1279,0.00072036,0.00011477
0.12819,0.00066329,0.0001064
0.12847,0.0003527,0.0001162
0.12876,0.00052739,0.00010185
0.12905,0.00071525,0.0001095
0.12933,0.00058633,0.00011819
0.12962,0.00041887,0.00018206
0.1299,0.00053956,0.00011709
0.13019,0.00041817,0.0011093
0.13047,0.0006597,0.00012513
0.13076,0.00058625,0.000142
0.13105,0.00062293,0.00013235
0.13133,0.00053486,0.00020229
0.13162,0.0004372,0.00051959
0.1319,0.00043563,0.00016213
0.13219,0.00050815,0.00010941
0.13248,0.00059454,0.00014655
0.13276,0.00050807,0.00097044
0.13305,0.00037131,0.00014693
0.13333,0.00035654,0.00011562
0.13362,0.00042718,0.00011303
0.1339,0.00038912,0.00013194
0.13419,0.00054068,0.00011848
0.13448,0.00045116,0.00011297
0.13476,0.00050023,0.00020651
0.13505,0.00052585,0.00084483
0.13533,0.00053315,0.00013192
0.13562,0.00044736,0.00011113
0.13591,0.00048917,0.00010228
0.13619,0.00049337,0.00011529
0.13648,0.00047755,0.0020638
0.13676,0.00054735,0.00017844
0.13705,0.00055876,0.00010626
0.13733,0.0004462,0.00012397
0.13762,0.00030748,9.4832e-05
0.13791,0.00045809,0.00034986
0.13819,0.00035472,0.00011847
0.13848,0.0002697,0.00014113
0.13876,0.00042211,0.00012833
0.13905,0.0003143,0.00097101
0.13934,0.00051628,0.00011944
0.13962,0.00048619,0.0002465
0.13991,0.00051152,0.00013485
0.14019,0.00031716,0.00015055
0.14048,0.00035034,0.00010029
0.14076,0.00063564,0.00038915
0.14105,0.00050964,0.00010158
0.14134,0.00046704,0.00010844
0.14162,0.00034192,0.00026598
0.14191,0.00053011,0.00010688
0.14219,0.00021185,9.9037e-05
0.14248,0.00048122,0.00013212
0.14276,0.00034396,0.0001044
0.14305,0.00036588,0.0001095
0.14334,0.00054987,0.00015253
0.14362,0.00045396,0.00011607
0.14391,0.00043739,0.0001665
0.14419,0.00047479,0.00059163
0.14448,0.00040742,0.00011706
0.14477,0.0004863,8.9746e-05
0.14505,0.00054393,0.00010244
0.14534,0.00038689,9.8869e-05
0.14562,0.00040965,0.00010596
0.14591,0.00031992,0.00012139
0.14619,0.00026518,0.00018533
0.14648,0.00047037,0.00015566
0.14677,0.00034969,0.0001253
0.14705,0.00032013,0.00017978
0.14734,0.00029443,0.00010026
0.14762,0.00030244,0.00013496
0.14791,0.00049858,0.00013849
0.1482,0.00034146,9.7436e-05
0.14848,0.00052211,9.7043e-05
0.14877,0.00053821,9.9858e-05
0.14905,0.00055469,0.00013396
0.14934,0.00028248,0.00010231
0.14962,0.00034718,9.9461e-05
0.14991,0.00035412,0.00010829
0.1502,0.00038455,9.8005e-05
0.15048,0.00041508,0.00010104
0.15077,0.00040681,0.00010829
0.15105,0.00046148,0.00014194
0.15134,0.00033043,9.4322e-05
0.15163,0.00030326,0.00010076
0.15191,0.00039898,0.00010062
0.1522,0.00038917,0.00010199
0.15248,0.00047327,0.00013888
0.15277,0.00035366,9.2314e-05
0.15305,0.00024165,0.00031671
0.15334,0.00033723,0.00011341
0.15363,0.00023758,0.00010593
0.15391,0.00030536,0.0001797
0.1542,0.00024326,0.0085844
0.15448,0.00033324,0.00011124
0.15477,0.00031626,0.00094641
0.15506,0.00040823,0.00010539
0.15534,0.00026843,9.2503e-05
0.15563,0.00030354,9.4265e-05
0.15591,0.00038772,0.00020046
0.1562,0.00042916,9.1325e-05
0.15648,0.00028082,0.00091715
0.15677,0.00035128,0.00010495
0.15706,0.00043174,0.00011187
0.15734,0.00039203,0.00065412
0.15763,0.00044116,9.7018e-05
0.15791,0.00038431,0.00011239
0.1582,0.00027513,0.00011069
0.15848,0.00023663,9.7729e-05
0.15877,0.00037248,0.00012892
0.15906,0.00027164,8.5758e-05
0.15934,0.000486,9.2973e-05
0.15963,0.00027915,9.1025e-05
0.15991,0.00017253,0.00014675
0.1602,0.00024051,9.5645e-05
0.16049,0.00031875,0.00012736
0.16077,0.00031314,0.0031276
0.16106,0.00043203,9.8484e-05
0.16134,0.00025904,9.2629e-05
0.16163,0.00026274,0.00015957
0.16191,0.0003802,0.00017316
0.1622,0.00034534,0.00010537
0.16249,0.00032757,0.00010097
0.16277,0.00020853,0.0010318
0.16306,0.00024822,9.608e-05
0.16334,0.00030751,0.00050171
0.16363,0.00024284,0.00010475
0.16392,0.00029163,0.00010172
0.1642,0.00025401,0.00033139
0.16449,0.00024874,0.00010896
0.16477,0.00025011,9.2393e-05
0.16506,0.00027921,0.00029024
0.16534,0.0002526,0.00058069
0.16563,0.00034984,0.00011432
0.16592,0.0002447,0.00015106
0.1662,0.00023194,0.00015684
0.16649,0.00021092,0.0042608
0.16677,0.00021677,9.8707e-05
0.16706,0.00026179,0.00010738
0.16735,0.00019557,0.00018645
0.16763,0.00025762,0.00027237
0.16792,0.00020347,9.7248e-05
0.1682,0.0002017,9.4148e-05
0.16849,0.00025808,0.0001186
0.16877,0.00031561,0.00033061
0.16906,0.00029684,9.473e-05
0.16935,0.0002676,0.00046903
0.16963,0.00030728,0.0001228
0.16992,0.00022106,9.7647e-05
0.1702,0.00019295,0.00047901
0.17049,0.00031573,0.0001045
0.17077,0.00029328,9.5568e-05
0.17106,0.00021854,0.00013838
0.17135,0.00017611,0.00015107
0.17163,0.0002943,9.2201e-05
0.17192,0.0001753,9.7338e-05
0.1722,0.00015169,0.00025734
0.17249,0.00022524,0.00023096
0.17278,0.00023766,0.00010333
0.17306,0.00025711,9.7826e-05
0.17335,0.00045657,0.00011585
0.17363,0.00014928,0.00012389
0.17392,0.00029987,0.0001166
0.1742,0.00011616,9.4161e-05
0.17449,0.00029667,0.00020478
0.17478,0.00030264,0.00013128
0.17506,0.00028524,9.2408e-05
0.17535,0.00018442,9.2779e-05
0.17563,0.00028978,0.00020234
0.17592,0.00031753,9.332e-05
0.17621,0.00021244,0.00012136
0.17649,0.00014291,0.0001567
0.17678,0.00019054,0.00010294
0.17706,0.0002904,9.1994e-05
0.17735,0.00012278,0.00013316
0.17763,0.00029866,9.0251e-05
0.17792,0.00026871,0.00011011
0.17821,0.00021056,0.00016518
0.17849,0.00030262,0.0010995
0.17878,5.5185e-05,0.0001151
0.17906,0.00030532,9.0849e-05
0.17935,0.00024136,0.00011666
0.17964,0.00024448,9.0695e-05
0.17992,0.00011888,0.00015914
0.18021,0.00018828,0.00017428
0.18049,0.00026663,0.00073639
0.18078,0.00032392,0.00027637
0.18106,0.0002547,0.00033921
0.18135,0.00024272,9.6103e-05
0.18164,0.00030308,0.00018604
0.18192,0.00014888,0.00010367
0.18221,0.00025383,0.0080746
0.18249,0.00014408,0.00022229
0.18278,0.00027662,9.8016e-05
0.18306,0.00019877,8.9142e-05
0.18335,8.4777e-05,0.00019619
0.18364,0.00025131,0.00035083
0.18392,0.00017879,9.5511e-05
0.18421,0.00028924,0.00010299
0.18449,0.00018611,9.0229e-05
0.18478,7.2873e-05,0.00010441
0.18507,0.0001442,0.00011377
0.18535,0.00027662,0.00015534
0.18564,0.00026458,0.00010622
0.18592,0.00022426,0.00023904
0.18621,0.00014504,0.00013088
0.18649,0.00018611,0.0010279
0.18678,0.0002441,0.0027939
0.18707,0.00027006,0.0035873
0.18735,0.00024809,8.9125e-05
0.18764,0.00024364,0.00040173
0.18792,0.00025158,0.00013127
0.18821,0.00020332,0.0022587
0.1885,0.00017364,0.0007448
0.18878,0.0001057,0.0015879
0.18907,0.00021744,8.3368e-05
0.18935,0.00018958,0.00012226
0.18964,0.00016122,9.2151e-05
0.18992,0.00027253,9.4023e-05
0.19021,0.00012055,9.927e-05
0.1905,0.00013047,0.00010612
0.19078,0.00026395,9.1957e-05
0.19107,0.00018481,0.00010585
0.19135,6.3806e-05,0.00015052
0.19164,0.00026808,9.9568e-05
0.19193,0.00030975,9.8047e-05
0.19221,0.00024066,0.00030946
0.1925,9.7456e-05,0.00011011
0.19278,0.00016671,0.00011529
0.19307,8.2959e-05,0.00013404
0.19335,0.00021759,9.8449e-05
0.19364,0.00016747,0.00011493
0.19393,-4.0855e-05,0.00019766
0.19421,4.3173e-05,0.00010082
0.1945,0.00021232,0.00011053
0.19478,0.00037213,0.00011424
0.19507,0.0001559,9.0539e-05
0.19536,8.9259e-05,0.00011951
0.19564,0.00017401,0.0003895
0.19593,0.00014462,0.00039177
0.19621,0.00013206,0.00013476
0.1965,0.00017661,0.00069411
0.19678,0.00024105,0.00021346
0.19707,0.00025136,0.00010598
0.19736,0.00018934,0.00017163
0.19764,0.00016101,9.44e-05
0.19793,0.00011366,0.00011563
0.19821,0.00012456,0.00012053
0.1985,0.00021721,8.7562e-05
0.19878,0.00012097,0.00012796
0.19907,0.00019043,0.00011039
0.19936,0.00025332,9.2581e-05
0.19964,0.00012799,8.934e-05
0.19993,0.00026111,8.8694e-05
0.20021,0.00018567,0.0001034
0.2005,0.00015369,9.4338e-05
0.20079,0.00016239,8.9465e-05
0.20107,0.0001523,0.0005654
0.20136,0.0002575,8.8917e-05
0.20164,0.00011921,8.7538e-05
0.20193,0.00019429,0.00023273
0.20221,0.00012095,0.0001416
0.2025,0.00010475,9.3458e-05
0.20279,0.00029456,8.6698e-05
0.20307,0.00011689,0.00011246
0.20336,0.00020938,8.6902e-05
0.20364,8.7313e-05,0.00018717
0.20393,0.00019424,0.00014787
0.20422,0.00012746,8.9119e-05
0.2045,0.00014797,9.1827e-05
0.20479,0.00015042,8.8778e-05
0.20507,0.00016706,8.8973e-05
0.20536,0.00025438,0.01717
0.20564,9.5491e-05,8.5307e-05
0.20593,0.00022091,0.00023068
0.20622,7.6908e-05,0.0017173
0.2065,8.8652e-05,9.2136e-05
0.20679,0.00021971,8.823e-05
0.20707,0.00010518,0.0012939
0.20736,0.00012175,0.00010831
0.20765,0.00025699,0.00012281
0.20793,2.2456e-05,0.00094887
0.20822,0.00024667,0.00041267
0.2085,8.8239e-05,8.8579e-05
0.20879,0.00016442,8.7016e-05
0.20907,4.4876e-05,0.00019662
0.20936,0.00010425,0.001373
0.20965,0.00025026,8.825e-05
0.20993,0.00013293,9.3989e-05
0.21022,9.4042e-05,9.365e-05
0.2105,0.00015406,0.00012363
0.21079,0.0001285,0.00011827
0.21107,8.1932e-05,0.00019575
0.21136,0.00020412,8.668e-05
0.21165,0.00019888,0.00053432
0.21193,0.00015568,8.7773e-05
0.21222,8.7204e-05,8.716e-05
0.2125,3.969e-05,0.00054115
0.21279,3.1046e-05,8.8326e-05
0.21308,0.00022421,8.7457e-05
0.21336,9.8087e-05,0.0004629
0.21365,4.6458e-05,0.00018336
0.21393,0.00015945,0.0001328
0.21422,0.00024727,8.4499e-05
0.2145,0.0001704,0.00011954
0.21479,7.385e-05,8.9315e-05
0.21508,0.00015226,0.00013306
0.21536,9.951e-05,9.2158e-05
0.21565,0.00027541,8.6157e-05
0.21593,0.00023307,0.00017886
0.21622,9.8206e-05,9.3245e-05
0.21651,0.00019274,0.00011795
0.21679,7.6845e-05,0.00012552
0.21708,4.9129e-05,8.6137e-05
0.21736,0.00011595,8.1982e-05
0.21765,0.00018927,8.8192e-05
0.21793,0.00025724,9.984e-05
0.21822,0.00010091,9.5987e-05
0.21851,0.0002282,0.0025945
0.21879,0.00010734,0.00053943
0.21908,0.00015914,8.5295e-05
0.21936,7.3219e-05,0.00048101
0.21965,0.00012276,9.3619e-05
0.21994,0.00013333,0.00022005
0.22022,0.00016944,0.00012495
0.22051,0.00014314,9.5395e-05
0.22079,0.0001356,0.00021011
0.22108,8.1796e-05,0.00027807
0.22136,0.00021555,8.4088e-05
0.22165,0.00015041,0.00010051
0.22194,7.4708e-05,0.00012001
0.22222,0.00018007,0.00015508
0.22251,0.00022259,0.00016735
0.22279,0.00015623,9.8448e-05
0.22308,1.2228e-05,0.00010294
0.22336,0.00015281,0.00060949
0.22365,0.00015939,0.0001069
0.22394,0.00011773,0.00016586
0.22422,4.2951e-05,8.8255e-05
0.22451,0.00015986,0.0022173
0.22479,0.00012081,0.00013615
0.22508,5.6281e-05,0.0038364
0.22537,6.1179e-05,0.00071189
0.22565,0.00012097,0.00050146
0.22594,0.00015934,8.4358e-05
0.22622,0.00028174,0.00076665
0.22651,0.00021413,0.00032079
0.22679,8.4816e-05,8.738e-05
0.22708,0.00011655,0.00012544
0.22737,6.1301e-05,9.5415e-05
0.22765,-6.4989e-05,0.0039554
0.22794,0.00011936,0.00011331
0.22822,0.00014941,0.00016979
0.22851,0.00016935,9.246e-05
0.2288,0.00014902,8.9037e-05
0.22908,0.00020351,8.3415e-05
0.22937,0.00019835,0.00011624
0.22965,-4.2196e-05,0.00028692
0.22994,5.1471e-05,8.1877e-05
0.23022,7.724e-05,8.7305e-05
0.23051,0.00010245,0.00028011
0.2308,0.00020591,0.00014596
0.23108,8.6338e-05,9.9702e-05
0.23137,0.0002047,0.00015117
0.23165,0.00012447,0.00035502
0.23194,0.00017783,9.8208e-05
0.23223,0.00013212,0.00017096
0.23251,3.3583e-05,9.1813e-05
0.2328,0.0001439,8.073e-05
0.23308,8.0197e-05,8.2938e-05
0.23337,4.5169e-05,8.4318e-05
0.23365,0.00018329,8.3046e-05
0.23394,8.7445e-05,0.0086729
0.23423,0.00014324,8.0894e-05
0.23451,0.00014426,0.0002533
0.2348,6.115e-05,0.00011596
0.23508,7.4222e-05,8.2837e-05
0.23537,6.4216e-05,9.0532e-05
0.23566,3.9965e-05,0.00030508
0.23594,-7.033e-07,9.3161e-05
0.23623,-9.7567e-06,0.00013669
0.23651,9.9065e-05,0.0002915
0.2368,0.00010949,7.8048e-05
0.23708,-1.9794e-06,0.00011141
0.23737,7.2439e-05,8.2538e-05
0.23766,0.00010589,0.00028331
0.23794,6.4822e-05,0.00012046
0.23823,6.4469e-05,0.00010495
0.23851,0.00013792,0.0025615
0.2388,8.638e-05,7.9403e-05
0.23908,-7.0152e-06,0.00011121
0.23937,0.00013249,8.0872e-05
0.23966,0.00015719,0.00022475
0.23994,3.4094e-05,0.00012257
0.24023,5.8327e-05,0.00010026
0.24051,0.00021944,0.00015024
0.2408,3.8369e-05,0.00013378
0.24109,4.4935e-05,0.00015777
0.24137,7.6447e-05,9.1146e-05
0.24166,4.4029e-05,0.00017213
0.24194,0.00011281,8.3133e-05
0.24223,6.6442e-05,8.9976e-05
0.24251,7.4135e-05,0.00010888
0.2428,1.8506e-05,0.00014513
0.24309,0.00018836,8.042e-05
0.24337,0.00011717,8.099e-05
0.24366,6.9933e-05,0.00019434
0.24394,0.00016662,7.9791e-05
0.24423,0.00018259,8.1007e-05
0.24452,0.00011638,0.00015671
0.2448,0.00016285,0.00011995
0.24509,8.0409e-05,0.00011114
0.24537,0.00015387,9.6495e-05
0.24566,8.2533e-05,8.2086e-05
0.24594,0.00014115,8.0444e-05
0.24623,5.6463e-05,0.00010018
0.24652,0.00018445,0.0010505
0.2468,7.576e-05,8.3192e-05
0.24709,2.8059e-05,0.00067338
0.24737,7.1982e-05,0.00022101
0.24766,4.1968e-05,7.9371e-05
0.24795,6.347e-05,8.0891e-05
0.24823,0.00011092,0.0058984
0.24852,0.00012909,8.2175e-05
0.2488,8.1258e-05,0.00050103
0.24909,6.5619e-05,9.1871e-05
0.24937,6.8427e-05,0.00022813
0.24966,5.2272e-05,0.00010655
0.24995,8.1758e-05,0.0003217
0.25023,0.00014351,0.00010125
0.25052,0.00016104,0.00011375
0.2508,6.2682e-05,9.3119e-05
0.25109,4.1355e-05,0.00012296
0.25137,8.0397e-05,0.00010534
0.25166,8.1495e-05,0.00012759
0.25195,9.1166e-05,9.2973e-05
0.25223,6.5215e-05,0.00024697
0.25252,-7.2311e-05,0.00013623
0.2528,4.927e-05,0.00021136
0.25309,0.00018983,9.6702e-05
0.25338,8.4487e-05,0.0001445
0.25366,0.00012858,0.00025107
0.25395,0.00010058,0.00021983
0.25423,0.00016845,0.00019859
0.25452,-9.2737e-05,0.0001019
0.2548,0.0001771,9.9357e-05
0.25509,4.0356e-05,0.00019764
0.25538,0.0001326,0.00010104
0.25566,-2.9962e-05,0.00013536
0.25595,-1.7869e-06,0.00019583
0.25623,9.8517e-05,0.00041771
0.25652,4.5685e-05,0.00010913
0.25681,5.5814e-05,0.00026635
0.25709,0.00010655,0.00010535
0.25738,7.4803e-05,0.0011237
0.25766,4.9445e-05,0.0001975
0.25795,2.5006e-05,0.00010016
0.25823,6.3893e-05,0.00060947
0.25852,-4.9255e-05,0.00035046
0.25881,9.2425e-05,0.00025819
0.25909,4.0005e-05,0.00015493
0.25938,-8.7988e-06,0.00010996
0.25966,-1.2174e-05,0.0001106
0.25995,0.00012294,0.00010655
0.26024,0.00020383,0.00010962
0.26052,-0.00011913,0.00011207
0.26081,0.00010388,0.00044424
0.26109,6.2525e-05,0.00015173
0.26138,8.5302e-05,0.00012114
0.26166,-7.3326e-05,0.00089684
0.26195,4.8655e-05,0.00063878
0.26224,9.9838e-05,0.00014727
0.26252,9.2128e-05,0.00011028
0.26281,-0.00016856,0.00017249
0.26309,6.7033e-05,0.00010787
0.26338,0.00013649,0.00011716
0.26366,-8.5041e-05,0.00011878
0.26395,-1.4917e-05,0.00012188
0.26424,7.3743e-05,0.00012407
0.26452,2.2703e-05,0.00011669
0.26481,9.3647e-05,0.00012342
0.26509,0.0001579,0.00011575
0.26538,5.3952e-05,0.00015492
0.26567,-8.0854e-06,0.00013902
0.26595,-7.2037e-05,0.00011327
0.26624,-1.4522e-05,0.00013739
0.26652,-4.0633e-05,0.00011478
0.26681,-2.2139e-06,0.00011641
0.26709,0.00014537,0.00025367
0.26738,-6.8373e-05,0.00014326
0.26767,7.5864e-05,0.00012122
0.26795,0.00011915,0.00055081
0.26824,0.00032408,0.00054285
0.26852,3.4866e-05,0.014913
0.26881,0.00011743,0.0012001
0.2691,0.00020817,0.00030883
0.26938,0.00024667,0.00012755
0.26967,7.6888e-05,0.00011947
0.26995,0.00010746,0.00011979
0.27024,0.00021454,0.00043118
0.27052,-4.0809e-05,0.00025584
0.27081,1.3875e-05,0.00012699
0.2711,0.00026955,0.00014429
0.27138,0.00016886,0.00020674
0.27167,0.00012555,0.00017663
0.27195,4.3708e-05,0.0001218
0.27224,-2.5195e-06,0.00019075
0.27253,0.00015701,0.00037264
0.27281,9.8946e-05,0.00012349
0.2731,-4.9634e-05,0.00012348
0.27338,0.00013254,0.00011962
0.27367,8.7338e-05,0.00012621
0.27395,0.00015277,0.0001671
0.27424,-0.00010326,0.00012416
0.27453,0.0001776,0.00012791
0.27481,1.933e-06,0.00014784
0.2751,0.00016259,0.00014248
0.27538,-0.00016121,0.00023163
0.27567,-0.00019591,0.00015053
0.27596,-7.51e-05,0.00012895
0.27624,0.00013862,0.00016631
0.27653,2.7948e-06,0.00012898
0.27681,9.2709e-05,0.0002195
0.2771,0.00023252,0.00013997
0.27738,7.9252e-05,0.00012583
0.27767,0.00022087,0.00014922
0.27796,0.00018843,0.01019
0.27824,-0.00011146,0.00012831
0.27853,0.00013971,0.00016458
0.27881,-0.00010136,0.00013006
0.2791,3.8703e-06,0.00015326
0.27938,0.00017165,0.00083947
0.27967,-1.4031e-05,0.0002416
0.27996,2.6367e-05,0.0001446
0.28024,7.3075e-06,0.00013165
0.28053,-3.0159e-06,0.00033422
0.28081,-3.8395e-05,0.00014183
0.2811,0.0002663,0.00037707
0.28139,-2.9912e-05,0.0003964
0.28167,-2.6442e-06,0.00014514
0.28196,0.00016494,0.00013498
0.28224,0.00011048,0.00013465
0.28253,0.00012574,0.00017021
0.28281,-6.1464e-05,0.00013118
0.2831,-3.5952e-06,0.00013778
0.28339,0.0002156,0.0002067
0.28367,7.5778e-05,0.0001416
0.28396,0.00020726,0.00019063
0.28424,-6.481e-05,0.0034595
0.28453,2.4208e-06,0.00025147
0.28482,-0.00013145,0.00017388
0.2851,0.0001032,0.00033572
0.28539,4.4458e-05,0.00027132
0.28567,8.6198e-06,0.00024287
0.28596,0.00020506,0.00014143
0.28624,0.0001015,0.00015948
0.28653,0.0001594,0.00021426
0.28682,8.6646e-05,0.00027282
0.2871,-0.00018069,0.00033836
0.28739,8.3458e-05,0.00016121
0.28767,0.00016643,0.00038033
0.28796,0.00018077,0.00015281
0.28825,0.00018938,0.00013894
0.28853,8.738e-06,0.00031952
0.28882,-5.8422e-05,0.0002275
0.2891,0.00011088,0.00021794
0.28939,0.00019483,0.00015455
0.28967,0.00017114,0.00016153
0.28996,-6.5139e-05,0.00013526
0.29025,1.1563e-05,0.065279
0.29053,0.00020208,0.00017241
0.29082,2.744e-05,0.00023376
0.2911,0.00011975,0.00020623
0.29139,0.00010086,0.00031334
0.29167,-6.8041e-05,0.00015446
0.29196,9.4248e-06,0.00022845
0.29225,-3.8815e-05,0.00092273
0.29253,0.00014186,0.028096
0.29282,0.00027636,0.00015138
0.2931,-4.3182e-06,0.00014611
0.29339,-2.43e-05,0.00095468
0.29368,1.2144e-05,0.00026965
0.29396,0.00018021,0.00016265
0.29425,0.00012902,0.00040011
0.29453,0.00012,0.00016166
0.29482,-3.455e-05,0.00047746
0.2951,0.00029419,0.00015484
0.29539,9.2108e-05,0.00033877
0.29568,7.5272e-05,0.00014956
0.29596,9.6262e-05,0.00014953
0.29625,-0.00016381,0.00015088
0.29653,-0.0001799,0.00032816
0.29682,2.9436e-05,0.00015075
0.29711,7.5297e-05,0.00030619
0.29739,0.00020641,0.00017369
0.29768,-1.9141e-05,0.00015718
0.29796,-8.0341e-05,0.00015938
0.29825,-2.8395e-06,0.00020408
0.29853,0.00011639,0.0010866
0.29882,-2.9921e-05,0.00019112
0.29911,0.00035544,0.00015809
0.29939,1.739e-05,0.00015969
0.29968,-1.9197e-05,0.00018786
0.29996,0.0004834,0.00027465
0.30025,0.00026769,0.00025557
0.30054,-8.464e-05,0.00029727
0.30082,3.518e-05,0.00015627
0.30111,5.251e-05,0.00020135
0.30139,9.7468e-05,0.00022533
0.30168,-0.00013626,0.00040296
0.30196,9.5673e-06,0.014098
0.30225,1.5905e-05,0.0002819
0.30254,0.00016804,0.00033382
0.30282,-7.1842e-05,0.00029925
0.30311,-0.00010168,0.00037538
0.30339,7.8132e-05,0.00044907
0.30368,-9.3182e-05,0.0001627
0.30397,0.00011275,0.00018456
0.30425,7.7864e-05,0.00045857
0.30454,7.9592e-05,0.0003754
0.30482,0.00016128,0.00027402
0.30511,0.00011445,0.00017441
0.30539,0.00024744,0.00028081
0.30568,-5.9083e-05,0.00018109
0.30597,0.00019544,0.00019951
0.30625,3.7821e-05,0.0017142
0.30654,0.00011342,0.00023648
0.30682,2.8976e-05,0.00017112
0.30711,4.9652e-05,0.00017189
0.30739,-4.727e-05,0.0001949
0.30768,-6.9772e-05,0.00027573
0.30797,0.00023676,0.00021546
0.30825,0.0001304,0.00029249
0.30854,0.00021471,0.00017533
0.30882,0.00010025,0.00036771
0.30911,-0.00012811,0.00018001
0.3094,0.00014585,0.00020074
0.30968,8.8207e-05,0.00018079
0.30997,0.00021759,0.010902
0.31025,0.00013723,0.00038713
0.31054,-0.00016611,0.00017371
0.31082,0.00038885,0.00080132
0.31111,0.00010391,0.00019835
0.3114,0.00021883,0.00029184
0.31168,4.1484e-05,0.00076278
0.31197,4.7298e-05,0.00023119
0.31225,8.6333e-06,0.00018783
0.31254,5.0124e-05,0.00018339
0.31283,0.00011119,0.00020928
0.31311,0.00042297,0.00040145
0.3134,8.2339e-05,0.0015244
0.31368,0.00016204,0.00031958
0.31397,0.00013119,0.00026582
0.31425,-0.00010134,0.00019904
0.31454,0.00013973,0.00018774
0.31483,-0.0002652,0.00019346
0.31511,-6.9484e-05,0.00056271
0.3154,8.9587e-06,0.00019085
0.31568,0.00031186,0.00026754
0.31597,0.0002418,0.00037192
0.31626,0.00012194,0.0039942
0.31654,3.8551e-05,0.00019138
0.31683,0.00020021,0.00020161
0.31711,-3.6193e-05,0.00019894
0.3174,-0.00014481,0.00020308
0.31768,0.00013035,0.00029728
0.31797,9.8648e-05,0.0013168
0.31826,0.00016343,0.0009571
0.31854,5.8493e-05,0.00026296
0.31883,-0.00010987,0.00023377
0.31911,-7.8073e-05,0.00025881
0.3194,-5.8523e-06,0.00020083
0.31968,-2.3763e-05,0.00021144
0.31997,1.3652e-05,0.00029516
0.32026,7.6388e-05,0.0018875
0.32054,-8.9985e-06,0.00020424
0.32083,0.00021737,0.00059583
0.32111,-2.8088e-05,0.00021819
0.3214,0.00010062,0.0010733
0.32169,-7.4877e-05,0.0002848
0.32197,0.0001005,0.00090464
0.32226,5.9968e-05,0.00029244
0.32254,-0.00052418,0.00022125
0.32283,-1.5228e-05,0.00055811
0.32311,0.00036501,0.0002126
0.3234,0.00035392,0.00060433
0.32369,-2.2046e-05,0.0002634
0.32397,0.00032742,0.00021439
0.32426,1.7884e-05,0.00020932
0.32454,0.00010265,0.00029764
0.32483,0.00012414,0.00020944
0.32512,-0.00024751,0.00030045
0.3254,-2.8754e-05,0.00051301
0.32569,0.00051078,0.00029657
0.32597,6.6361e-05,0.00026439
0.32626,-5.7163e-06,0.00055204
0.32654,0.00017178,0.00039104
0.32683,-0.00014618,0.0029811
0.32712,-1.9553e-05,0.00023174
0.3274,0.00011492,0.0020416
0.32769,8.2912e-05,0.00055662
0.32797,-0.00016009,0.00027862
0.32826,0.00021002,0.00036213
0.32855,-3.3469e-06,0.00024399
0.32883,-0.00012882,0.00035295
0.32912,7.6362e-05,0.00025865
0.3294,0.0001993,0.00024302
0.32969,0.00051765,0.00026212
0.32997,-0.00016648,0.00084027
0.33026,-5.5898e-05,0.00029113
0.33055,0.00012256,0.00027503
0.33083,0.00036983,0.00025281
0.33112,0.00013744,0.00023396
0.3314,2.3285e-05,0.00083282
0.33169,0.00025023,0.00024364
0.33197,-3.5002e-05,0.000261
0.33226,0.00033257,0.00032034
0.33255,1.7259e-05,0.00055315
0.33283,0.0001574,0.00027548
0.33312,2.1094e-05,0.00036794
0.3334,6.8421e-05,0.00026763
0.33369,-0.00026527,0.013229
0.33398,-0.00010422,0.00030351
0.33426,7.2047e-05,0.00026724
0.33455,0.00029997,0.00062412
0.33483,8.6622e-05,0.00050245
0.33512,9.8579e-05,0.00036921
0.3354,7.1869e-05,0.00028475
0.33569,0.00063961,0.00025273
0.33598,0.00030128,0.00028033
0.33626,3.6213e-05,0.0003599
0.33655,-0.00012594,0.00053153
0.33683,7.9158e-05,0.00030526
0.33712,-0.00039207,0.00052246
0.33741,0.0002119,0.0029159
0.33769,0.0001968,0.00044131
0.33798,0.00015624,0.00040762
0.33826,-6.8662e-06,0.00033679
0.33855,0.00012921,0.0011812
0.33883,0.00015306,0.00039131
0.33912,-0.00042018,0.00042541
0.33941,-0.00020858,0.00031044
0.33969,-0.00039084,0.00046325
0.33998,-5.9517e-05,0.00031001
0.34026,1.4105e-05,0.00051191
0.34055,-0.00023909,0.0041237
0.34084,0.00028253,0.0067606
0.34112,3.4645e-05,0.00036778
0.34141,0.00024747,0.0005441
0.34169,0.00037997,0.00056319
0.34198,-0.00022641,0.00075802
0.34226,5.7543e-05,0.00045834
0.34255,0.00025543,0.00039568
0.34284,8.9179e-05,0.00059546
0.34312,0.0005956,0.00061771
0.34341,-0.00014997,0.00054
0.34369,4.2769e-06,0.00040317
0.34398,-0.00020114,0.0010382
0.34427,1.4253e-05,0.0014057
0.34455,-1.12e-05,0.00043073
0.34484,-0.00017616,0.0014352
0.34512,-0.00050024,0.00048448
0.34541,-6.0721e-05,0.00042787
0.34569,-0.00079436,0.00047844
0.34598,0.00032497,0.00048607
0.34627,-0.00011226,0.00050959
0.34655,-0.00017412,0.00053349
0.34684,-0.00019273,0.00044064
0.34712,2.7564e-05,0.001916
0.34741,-0.00010965,0.00040132
0.34769,0.00028693,0.00059052
0.34798,0.00057376,0.0014006
0.34827,-2.6427e-05,0.0013398
0.34855,0.0014203,0.00069953
0.34884,-0.0005037,0.0010061
0.34912,0.00029774,0.00068477
0.34941,0.000185,0.00053772
0.3497,1.7788e-06,0.0047099
