0.0044301,0.0068934,0.012596
0.004716,0.0055563,0.099671
0.0050018,0.0057563,0.0044725
0.0052876,0.0070321,0.0070851
0.0055734,0.0058532,0.0096297
0.0058592,0.0062781,0.00098136
0.006145,0.0061143,0.0026118
0.0064309,0.0063793,0.0084179
0.0067167,0.0062433,0.00062212
0.0070025,0.0063623,0.00056442
0.0072883,0.0065783,0.00057198
0.0075741,0.0066719,0.00055275
0.0078599,0.006513,0.00042979
0.0081457,0.0068127,0.00044726
0.0084316,0.0068302,0.00041456
0.0087174,0.0068969,0.00039125
0.0090032,0.0065914,0.00037365
0.009289,0.0070732,0.00039625
0.0095748,0.0070001,0.00034426
0.0098606,0.0067456,0.00036963
0.010146,0.0068302,0.00036963
0.010432,0.0070147,0.00033756
0.010718,0.0067562,0.00029896
0.011004,0.0069317,0.00032163
0.01129,0.0064429,0.0002818
0.011576,0.0067158,0.00028223
0.011861,0.0065982,0.00029341
0.012147,0.0067365,0.00028055
0.012433,0.0068596,0.00028192
0.012719,0.0067531,0.00026598
0.013005,0.0070044,0.00028549
0.01329,0.0069435,0.00025548
0.013576,0.0068735,0.00025246
0.013862,0.0068389,0.00024971
0.014148,0.006602,0.00023594
0.014434,0.0069564,0.00023448
0.01472,0.0067986,0.00021754
0.015005,0.0065828,0.00020961
0.015291,0.0067843,0.00021931
0.015577,0.0065321,0.00021398
0.015863,0.0069301,0.00021437
0.016149,0.0069539,0.00020576
0.016434,0.0064686,0.00019739
0.01672,0.0067946,0.00020205
0.017006,0.0063557,0.00018899
0.017292,0.0065165,0.0001891
0.017578,0.0067322,0.00020109
0.017863,0.006539,0.00018945
0.018149,0.0064568,0.00018845
0.018435,0.0064691,0.00018493
0.018721,0.0065228,0.0001777
0.019007,0.0065057,0.00018001
0.019293,0.0065721,0.00018044
0.019578,0.0063255,0.00017479
0.019864,0.0061723,0.00017026
0.02015,0.006242,0.00017129
0.020436,0.0063629,0.00017413
0.020722,0.0063223,0.00017032
0.021007,0.0060765,0.00016406
0.021293,0.0063882,0.00016619
0.021579,0.0062065,0.00016309
0.021865,0.0060698,0.00015735
0.022151,0.0060925,0.00015712
0.022437,0.0059861,0.00015398
0.022722,0.0059673,0.0001584
0.023008,0.0060237,0.00015291
0.023294,0.0061878,0.00015998
0.02358,0.0060961,0.00015352
0.023866,0.0059069,0.00015153
0.024151,0.0060165,0.00015158
0.024437,0.0059451,0.00014883
0.024723,0.0058877,0.00014659
0.025009,0.0058051,0.00014702
0.025295,0.0058334,0.00014458
0.025581,0.0058991,0.0001452
0.025866,0.0058983,0.0001493
0.026152,0.0056995,0.00014171
0.026438,0.005572,0.0001429
0.026724,0.0058022,0.00014033
0.02701,0.0057176,0.0001478
0.027295,0.0056496,0.00014006
0.027581,0.0054775,0.00013527
0.027867,0.0055194,0.00013477
0.028153,0.0055603,0.00013367
0.028439,0.0055501,0.00013533
0.028724,0.0055109,0.00013831
0.02901,0.0054213,0.00013671
0.029296,0.0054503,0.00013396
0.029582,0.0053461,0.00013112
0.029868,0.0055495,0.00013658
0.030154,0.005506,0.00013922
0.030439,0.0052433,0.00013472
0.030725,0.0052083,0.00013471
0.031011,0.005366,0.00013866
0.031297,0.0052102,0.0001364
0.031583,0.0051719,0.00013488
0.031868,0.005113,0.00013131
0.032154,0.0051762,0.00013176
0.03244,0.0050056,0.00013271
0.032726,0.0049976,0.00013164
0.033012,0.0050686,0.00013366
0.033298,0.005058,0.00013335
0.033583,0.0048352,0.00013072
0.033869,0.0050707,0.00013644
0.034155,0.0049959,0.00013536
0.034441,0.0048416,0.0001267
0.034727,0.0048885,0.00013353
0.035012,0.0048079,0.00012964
0.035298,0.0047499,0.00013299
0.035584,0.0048562,0.00013476
0.03587,0.0046911,0.00012801
0.036156,0.004847,0.00013098
0.036442,0.004622,0.00012674
0.036727,0.0045457,0.00012557
0.037013,0.0048016,0.00012855
0.037299,0.0046395,0.00012901
0.037585,0.0045024,0.00012721
0.037871,0.004537,0.00012721
0.038156,0.0046054,0.00012835
0.038442,0.0043604,0.00012275
0.038728,0.004369,0.00013229
0.039014,0.0043269,0.00012393
0.0393,0.0042304,0.00011825
0.039585,0.0044817,0.00012918
0.039871,0.0042378,0.00012061
0.040157,0.0044041,0.00012724
0.040443,0.0042444,0.0001212
0.040729,0.004358,0.00012373
0.041015,0.0040576,0.00011963
0.0413,0.0041264,0.00011709
0.041586,0.0040816,0.00012324
0.041872,0.0041747,0.00012308
0.042158,0.003991,0.00012142
0.042444,0.0039566,0.0001185
0.042729,0.0042491,0.00012514
0.043015,0.0040925,0.00011926
0.043301,0.0039787,0.00012089
0.043587,0.0039635,0.00011514
0.043873,0.0038492,0.00011741
0.044159,0.0040031,0.00012297
0.044444,0.0038897,0.00011993
0.04473,0.0038889,0.00011962
0.045016,0.003953,0.00011788
0.045302,0.0038211,0.00011857
0.045588,0.0036484,0.0001188
0.045873,0.0036087,0.00011265
0.046159,0.0036125,0.00011197
0.046445,0.003717,0.00011927
0.046731,0.0037702,0.00011789
0.047017,0.0035505,0.00011355
0.047302,0.003664,0.00011552
0.047588,0.0036498,0.00011968
0.047874,0.0035384,0.00011677
0.04816,0.0035903,0.00011779
0.048446,0.0036236,0.00012625
0.048732,0.0035824,0.00012252
0.049017,0.0034507,0.00012085
0.049303,0.0033798,0.00011804
0.049589,0.0034439,0.00012281
0.049875,0.0032451,0.00011954
0.050161,0.0032632,0.00011898
0.050446,0.0033575,0.00012074
0.050732,0.0033527,0.00012216
0.051018,0.003253,0.00011762
0.051304,0.0031843,0.00012848
0.05159,0.0031786,0.00011623
0.051876,0.00317,0.00012104
0.052161,0.0030882,0.00012263
0.052447,0.0032097,0.00012574
0.052733,0.0031704,0.00012356
0.053019,0.0031026,0.00012243
0.053305,0.0028984,0.0001146
0.05359,0.0030929,0.00012678
0.053876,0.0030012,0.00012319
0.054162,0.0030719,0.00011955
0.054448,0.0028389,0.00012215
0.054734,0.0029048,0.00012364
0.05502,0.0029117,0.00012006
0.055305,0.0027786,0.00012402
0.055591,0.0028846,0.00012595
0.055877,0.0028102,0.00012346
0.056163,0.0029107,0.00012603
0.056449,0.0027883,0.00012019
0.056734,0.0026523,0.00011935
0.05702,0.0027172,0.00012103
0.057306,0.0027716,0.00012492
0.057592,0.0027376,0.00012235
0.057878,0.0027795,0.0001203
0.058163,0.0026265,0.00012479
0.058449,0.0025837,0.00012313
0.058735,0.0026999,0.00013196
0.059021,0.0027261,0.00012269
0.059307,0.002454,0.00011015
0.059593,0.0026798,0.00012441
0.059878,0.0026053,0.000125
0.060164,0.002661,0.00012695
0.06045,0.0023892,0.00012296
0.060736,0.0025018,0.00012118
0.061022,0.002322,0.00011261
0.061307,0.0024486,0.00012441
0.061593,0.0024524,0.0001178
0.061879,0.0025864,0.00013172
0.062165,0.0023882,0.00011733
0.062451,0.0024043,0.00012029
0.062737,0.0023366,0.00011994
0.063022,0.0024024,0.00012996
0.063308,0.0022466,0.00011974
0.063594,0.0022532,0.00011853
0.06388,0.0023099,0.00012186
0.064166,0.0023495,0.00011976
0.064451,0.002278,0.00012186
0.064737,0.0022634,0.00012265
0.065023,0.002253,0.00012364
0.065309,0.0022468,0.00011927
0.065595,0.0021348,0.00011144
0.065881,0.0022467,0.00011291
0.066166,0.0021599,0.00011643
0.066452,0.0021067,0.00012086
0.066738,0.0021301,0.00011354
0.067024,0.002181,0.0001243
0.06731,0.002079,0.0001186
0.067595,0.0021342,0.00012094
0.067881,0.0020464,0.00011663
0.068167,0.0020373,0.0001137
0.068453,0.0020413,0.0001141
0.068739,0.0019616,0.00012181
0.069024,0.001922,0.00012249
0.06931,0.0019487,0.00012915
0.069596,0.0018697,0.00012004
0.069882,0.0018492,0.00013297
0.070168,0.0018865,0.00012992
0.070454,0.0019556,0.00013295
0.070739,0.0019479,0.00013787
0.071025,0.0017719,0.00012825
0.071311,0.0019504,0.00015718
0.071597,0.0018723,0.00014653
0.071883,0.0017528,0.00015588
0.072168,0.001873,0.0001549
0.072454,0.0017377,0.0001367
0.07274,0.0017918,0.0001367
0.073026,0.0018187,0.00013573
0.073312,0.0016986,0.00013893
0.073598,0.0017689,0.00014135
0.073883,0.0016394,0.00014112
0.074169,0.0015975,0.00011994
0.074455,0.0017496,0.0001223
0.074741,0.0017122,0.00012848
0.075027,0.0016287,0.00011355
0.075312,0.001686,0.00012222
0.075598,0.0016699,0.00013138
0.075884,0.0015447,0.00013251
0.07617,0.001801,0.00012261
0.076456,0.0015649,0.00012486
0.076742,0.0017039,0.00012752
0.077027,0.0016463,0.00013107
0.077313,0.0015294,0.00011396
0.077599,0.001558,0.00012601
0.077885,0.0014756,0.00011561
0.078171,0.0014575,0.00010971
0.078456,0.001418,0.00010867
0.078742,0.001577,0.00010823
0.079028,0.0014978,0.00012644
0.079314,0.0014059,0.00011198
0.0796,0.0013847,0.00011034
0.079885,0.0014209,0.00011267
0.080171,0.0014465,0.00011442
0.080457,0.0013255,0.00011163
0.080743,0.001518,0.00012195
0.081029,0.0014198,0.00010888
0.081315,0.0012886,0.00011776
0.0816,0.0013192,0.00011627
0.081886,0.0013122,0.00057296
0.082172,0.0013978,0.00010918
0.082458,0.0013685,0.00010399
0.082744,0.0013117,0.00010469
0.083029,0.0012829,0.00012
0.083315,0.0012299,0.00010941
0.083601,0.0014794,0.00013024
0.083887,0.0013761,0.00011862
0.084173,0.0012727,0.0001243
0.084459,0.001231,0.00012204
0.084744,0.0013538,0.00011414
0.08503,0.0011402,0.00010078
0.085316,0.0011576,0.00010089
0.085602,0.0011997,0.00011326
0.085888,0.0012023,0.00011187
0.086173,0.0011177,0.00010892
0.086459,0.0012805,0.00010768
0.086745,0.0012246,0.00012216
0.087031,0.0011601,9.8057e-05
0.087317,0.0011299,0.00012536
0.087603,0.0011756,0.00012243
0.087888,0.0011606,0.00010127
0.088174,0.0011057,0.00010635
0.08846,0.001106,0.0001089
0.088746,0.0010469,0.00010336
0.089032,0.0011325,0.00011142
0.089317,0.0011788,0.00011362
0.089603,0.001223,0.00019629
0.089889,0.0011051,0.00010209
0.090175,0.0010721,0.00011252
0.090461,0.0011336,0.00011215
0.090746,0.0010509,0.00011172
0.091032,0.001076,0.00010764
0.091318,0.0012051,0.00017062
0.091604,0.001066,0.00011717
0.09189,0.0012077,0.00014459
0.092176,0.00091886,8.6894e-05
0.092461,0.0010773,0.00097614
0.092747,0.0010458,0.00010685
0.093033,0.0010073,9.8162e-05
0.093319,0.00099164,0.00010289
0.093605,0.0010497,9.8029e-05
0.09389,0.00093986,0.00010269
0.094176,0.0009789,0.00012944
0.094462,0.00090712,9.8705e-05
0.094748,0.0010012,0.00011567
0.095034,0.00088473,0.00010434
0.09532,0.00085432,0.0001074
0.095605,0.00087077,0.00012217
0.095891,0.00087293,9.9067e-05
0.096177,0.00099995,8.9638e-05
0.096463,0.00089765,9.6224e-05
0.096749,0.00079806,0.00010155
0.097034,0.0008065,8.8833e-05
0.09732,0.00095161,0.00012094
0.097606,0.00081811,7.8942e-05
0.097892,0.00090832,0.00011071
0.098178,0.00093269,0.00010972
0.098464,0.00086276,9.4954e-05
0.098749,0.00079504,0.00011363
0.099035,0.00087318,0.00011325
0.099321,0.00092772,0.00013437
0.099607,0.00069758,9.2683e-05
0.099893,0.00066613,0.00048569
0.10018,0.00094206,0.00015382
0.10046,0.00076092,0.00010143
0.10075,0.00085305,0.0001069
0.10104,0.00069132,0.0002354
0.10132,0.00075419,0.00010894
0.10161,0.00074324,8.8504e-05
0.10189,0.00087875,0.000119
0.10218,0.00083308,0.0001088
0.10246,0.00073624,0.00020351
0.10275,0.00079227,0.00012662
0.10304,0.00068463,0.00019061
0.10332,0.00086268,0.00013777
0.10361,0.00067646,0.00017549
0.10389,0.0008254,0.00012979
0.10418,0.00068545,9.9477e-05
0.10447,0.00066856,0.0001175
0.10475,0.00074555,9.6838e-05
0.10504,0.00064473,0.0022681
0.10532,0.00077926,0.00011908
0.10561,0.00066045,0.00011397
0.10589,0.00071604,9.7974e-05
0.10618,0.00072392,9.126e-05
0.10647,0.00073135,9.8581e-05
0.10675,0.00076009,9.7993e-05
0.10704,0.00073562,0.00026514
0.10732,0.00063725,9.8359e-05
0.10761,0.00073397,0.0027142
0.1079,0.00075104,0.00011411
0.10818,0.00072211,0.00011283
0.10847,0.00056256,0.0014807
0.10875,0.00067458,0.0001031
0.10904,0.00069705,0.00017509
0.10932,0.00071804,0.00012259
0.10961,0.00070092,9.8533e-05
0.1099,0.00054797,0.00014603
0.11018,0.00050995,0.00024039
0.11047,0.00067329,0.0001122
0.11075,0.00062219,0.00024133
0.11104,0.00059329,0.00029867
0.11133,0.00084321,0.00011459
0.11161,0.00074518,0.00042228
0.1119,0.0006316,0.000106
0.11218,0.00073862,0.0001216
0.11247,0.00054547,0.00010868
0.11275,0.00046245,0.00013509
0.11304,0.00051434,0.00010791
0.11333,0.00046001,0.0011968
0.11361,0.00053274,0.00015798
0.1139,0.00047242,0.00066063
0.11418,0.00049533,0.00011725
0.11447,0.00061065,0.00010803
0.11476,0.0006814,0.00017988
0.11504,0.00066141,0.00013602
0.11533,0.00054054,0.00012159
0.11561,0.00053238,0.00052062
0.1159,0.00062536,0.00012911
0.11618,0.0006165,0.00011413
0.11647,0.00053976,0.00011181
0.11676,0.00051662,0.00010094
0.11704,0.00061889,0.0001157
0.11733,0.00062475,0.00015485
0.11761,0.00041812,0.00034839
0.1179,0.00051105,0.00021063
0.11818,0.00072168,0.00037182
0.11847,0.0004641,0.00012751
0.11876,0.00054703,0.00010859
0.11904,0.00065109,0.0002196
0.11933,0.00061479,0.00013485
0.11961,0.00048598,0.00017709
0.1199,0.00060731,0.00010578
0.12019,0.0005668,0.00010203
0.12047,0.00053426,8.3916e-05
0.12076,0.00039956,0.00012348
0.12104,0.00053022,9.7027e-05
0.12133,0.00052661,0.00027341
0.12161,0.00054664,0.0001118
0.1219,0.00052415,9.9218e-05
0.12219,0.00052763,0.00017263
0.12247,0.00048105,9.7574e-05
0.12276,0.00035778,0.00014711
0.12304,0.00053431,0.00015241
0.12333,0.00052748,0.00017064
0.12362,0.00049235,8.9339e-05
0.1239,0.00047617,0.00014166
0.12419,0.00036221,9.1188e-05
0.12447,0.00055652,0.00012806
0.12476,0.00048885,0.00010327
0.12504,0.00049254,0.00011136
0.12533,0.00048581,0.00031658
0.12562,0.00055851,0.00012062
0.1259,0.00034371,0.00017301
0.12619,0.00058469,0.00018014
0.12647,0.00038342,0.00012832
0.12676,0.00046746,9.7001e-05
0.12705,0.00039537,0.0007389
0.12733,0.00045393,0.00012201
0.12762,0.00057408,0.00070793
0.1279,0.00042546,0.00017414
0.12819,0.0003477,0.00011334
0.12847,0.00045449,0.0001467
0.12876,0.00039953,0.00019233
0.12905,0.0005864,0.00010558
0.12933,0.00037557,0.00026372
0.12962,0.00038352,0.00034211
0.1299,0.00027751,0.00022428
0.13019,0.0004682,0.00010166
0.13047,0.00015738,0.0022165
0.13076,0.0004093,0.00017801
0.13105,0.00052548,0.0001225
0.13133,0.00041828,0.0014735
0.13162,0.00029167,0.00015051
0.1319,0.00049511,0.00057486
0.13219,0.00045304,0.00013305
0.13248,0.00028023,0.00019575
0.13276,0.00043227,0.00030418
0.13305,0.00054722,0.0012179
0.13333,0.0004867,0.0003012
0.13362,0.00053471,0.00016799
0.1339,0.00038958,0.00011317
0.13419,0.00055479,0.00030566
0.13448,0.00050943,9.0807e-05
0.13476,0.00045877,0.00010673
0.13505,0.00041835,0.000375
0.13533,0.00042014,0.00014669
0.13562,0.00043439,0.00027932
0.13591,0.00039723,0.00014533
0.13619,0.00049829,0.00014402
0.13648,0.00038315,0.00013549
0.13676,0.00057336,0.00016866
0.13705,0.00039769,0.00021324
0.13733,0.00045251,0.0001292
0.13762,0.00049236,0.00011387
0.13791,0.00036343,0.00031762
0.13819,0.00039831,0.00010952
0.13848,0.00044326,0.00010264
0.13876,0.00032057,0.0001329
0.13905,0.00029679,0.00016235
0.13934,0.00037723,0.00010121
0.13962,0.00036409,9.9909e-05
0.13991,0.00038366,0.00015311
0.14019,0.00031005,0.00014092
0.14048,0.00023096,0.00021587
0.14076,0.00030572,0.00010834
0.14105,0.00030756,8.5642e-05
0.14134,0.00030989,0.00013228
0.14162,0.00024991,0.00013474
0.14191,0.00037158,0.00010646
0.14219,0.00032979,0.00031727
0.14248,0.00035003,0.0011136
0.14276,0.00020501,0.00044938
0.14305,0.00028065,0.00010505
0.14334,0.00041899,0.0018528
0.14362,0.00040208,0.00023081
0.14391,0.00033703,0.0014026
0.14419,0.00039959,0.00011092
0.14448,0.00040798,0.00032534
0.14477,0.00020035,0.00074397
0.14505,0.00037096,0.00012241
0.14534,0.00044303,0.00502
0.14562,0.00034383,0.00018922
0.14591,0.00025441,0.00050768
0.14619,0.00020356,0.00010018
0.14648,0.00020033,9.888e-05
0.14677,0.00023465,0.00012115
0.14705,0.00040326,0.0021647
0.14734,0.00039762,0.0002896
0.14762,0.00018851,0.00017491
0.14791,0.00029823,0.00031047
0.1482,0.00033152,0.00014986
0.14848,0.00038935,0.0010872
0.14877,0.00042376,0.00010119
0.14905,0.00017037,0.00027599
0.14934,0.00038172,0.00022056
0.14962,0.00024627,0.00020958
0.14991,0.00021023,0.00076442
0.1502,0.00016907,0.00010809
0.15048,0.00032081,0.00020682
0.15077,0.00019835,0.00017356
0.15105,0.00025963,0.00014947
0.15134,0.00025817,0.00010117
0.15163,0.00033773,0.000306
0.15191,0.0002278,0.00010934
0.1522,0.00027784,0.00037758
0.15248,0.00032108,0.00011412
0.15277,0.00028326,0.00046568
0.15305,0.00041806,0.00011598
0.15334,0.00029315,0.00013087
0.15363,0.00031074,0.0001362
0.15391,0.0002534,0.00016658
0.1542,0.00026937,0.0077687
0.15448,0.00018364,0.0001208
0.15477,0.0001953,0.0065167
0.15506,0.00023751,0.00010499
0.15534,0.00028711,0.00018551
0.15563,0.00027903,0.0012301
0.15591,0.00026328,0.00043309
0.1562,0.00031779,0.00041947
0.15648,0.00031396,0.0012737
0.15677,0.00027587,0.00012594
0.15706,0.00015895,0.00010944
0.15734,0.0002286,0.00026315
0.15763,0.00035583,0.00012061
0.15791,0.00031026,0.00028275
0.1582,0.00028022,0.00030037
0.15848,0.00015954,0.00030218
0.15877,0.00038865,0.00010222
0.15906,8.2521e-05,0.0010354
0.15934,0.0002553,0.00028461
0.15963,0.00024724,0.0004855
0.15991,0.00020796,0.00010874
0.1602,0.00026386,0.00056458
0.16049,0.00019952,0.00013717
0.16077,4.9581e-05,0.0005848
0.16106,2.8884e-05,0.00017721
0.16134,7.2157e-05,8.5431e-05
0.16163,0.00012645,0.00012852
0.16191,0.00019426,0.00015167
0.1622,0.00027961,0.00093764
0.16249,0.0001587,0.00028212
0.16277,0.00029202,0.0001218
0.16306,0.00025606,0.00011196
0.16334,0.0002506,0.00013592
0.16363,0.00019312,0.0067938
0.16392,0.00024583,0.00021179
0.1642,0.00026223,0.00010618
0.16449,0.0003731,0.00012581
0.16477,0.00024624,8.9671e-05
0.16506,0.00031166,0.00010602
0.16534,0.00032057,0.00016851
0.16563,0.00010182,0.00039947
0.16592,0.00021274,8.839e-05
0.1662,0.00011152,9.3071e-05
0.16649,0.00014818,0.00013087
0.16677,0.00013626,9.8772e-05
0.16706,0.00025074,0.00018281
0.16735,0.00021177,0.00013422
0.16763,0.00027222,0.00015767
0.16792,0.00022779,0.00015385
0.1682,0.00022943,0.00024637
0.16849,0.00024321,0.00021516
0.16877,0.00028072,0.00012259
0.16906,0.00019131,0.0003374
0.16935,0.00017352,9.5219e-05
0.16963,0.00015697,0.00012671
0.16992,0.00018441,8.8676e-05
0.1702,0.00030163,0.0021472
0.17049,0.00012479,0.00019021
0.17077,0.00021,9.8077e-05
0.17106,0.00010267,0.00014667
0.17135,0.00018848,0.00013653
0.17163,0.00015599,0.00069203
0.17192,0.0001046,0.00015719
0.1722,0.00020986,0.00011852
0.17249,0.00017747,0.00011112
0.17278,0.00024496,0.00013983
0.17306,0.00016942,0.00011822
0.17335,0.00031563,0.00023593
0.17363,7.1262e-05,0.00031475
0.17392,0.00018597,0.00062572
0.1742,0.00025205,0.00012316
0.17449,0.00014865,0.00010167
0.17478,9.6266e-05,0.00017599
0.17506,0.00020695,0.00030462
0.17535,0.00013533,0.00050937
0.17563,0.00014124,0.00066112
0.17592,0.00017009,8.4996e-05
0.17621,0.00018837,0.00014719
0.17649,0.00021437,0.00026923
0.17678,0.00028851,0.00010016
0.17706,0.00012216,0.00012644
0.17735,0.00023926,0.00036192
0.17763,0.00019846,0.00023586
0.17792,0.00021159,0.00027936
0.17821,0.00026631,0.0011759
0.17849,9.4933e-05,0.00015756
0.17878,0.00024119,9.9749e-05
0.17906,0.00013843,7.4241e-05
0.17935,0.00017535,0.00015245
0.17964,3.6976e-05,0.00018616
0.17992,0.00011249,0.00012559
0.18021,9.1333e-05,0.00020891
0.18049,0.00015255,0.0015014
0.18078,0.00012244,0.00083055
0.18106,0.0001011,0.00031034
0.18135,0.00017014,9.1376e-05
0.18164,0.00015876,0.00015671
0.18192,0.00016412,0.00016488
0.18221,6.5486e-05,0.00035621
0.18249,0.00015842,0.00020939
0.18278,0.00015231,0.0014574
0.18306,0.00018196,0.0053523
0.18335,0.00023798,8.4153e-05
0.18364,0.00019487,0.0002252
0.18392,0.00027596,0.00010335
0.18421,0.00015513,0.00071221
0.18449,5.2075e-05,0.00013328
0.18478,7.0166e-05,0.00065836
0.18507,9.9212e-05,0.00043419
0.18535,0.00029599,8.9695e-05
0.18564,0.00016915,9.9385e-05
0.18592,7.1675e-05,0.00012102
0.18621,0.00018804,0.00014467
0.18649,0.00024974,9.6148e-05
0.18678,0.00020016,0.00053984
0.18707,4.7992e-06,0.00013675
0.18735,0.00015691,9.2632e-05
0.18764,0.00021321,0.00015469
0.18792,0.00015937,8.6205e-05
0.18821,0.00011051,0.0001008
0.1885,0.00020261,0.00029265
0.18878,0.00010431,0.00014622
0.18907,0.00014171,0.00012511
0.18935,0.00011511,0.00019301
0.18964,0.00011819,0.00021722
0.18992,0.00020441,0.0001849
0.19021,0.00013643,0.0022317
0.1905,0.00015634,0.0021286
0.19078,0.00013562,0.00010799
0.19107,0.00011454,0.0009956
0.19135,9.0907e-05,0.00018004
0.19164,6.4754e-05,0.0002823
0.19193,0.00014779,0.00018987
0.19221,0.00019585,0.00072467
0.1925,9.5881e-05,0.00011644
0.19278,0.00012553,0.00015161
0.19307,8.5696e-05,0.0001637
0.19335,6.1959e-05,0.00029806
0.19364,0.00013585,0.00013375
0.19393,6.579e-05,0.0001945
0.19421,0.00010027,0.00032768
0.1945,0.00023904,0.00011158
0.19478,0.00015646,0.00059623
0.19507,5.9394e-05,0.0060125
0.19536,0.00014684,9.9031e-05
0.19564,0.00016561,0.00011234
0.19593,5.8069e-05,0.00013485
0.19621,0.00017744,0.00016085
0.1965,8.4722e-05,9.6594e-05
0.19678,4.5012e-06,0.00033842
0.19707,0.00016198,0.00072597
0.19736,5.1372e-05,0.00040426
0.19764,8.1214e-05,0.00044905
0.19793,0.00011399,0.00012064
0.19821,0.00011576,0.061695
0.1985,0.00013734,0.00020333
0.19878,0.00011289,9.1884e-05
0.19907,1.2403e-05,0.00065462
0.19936,7.6298e-05,0.00026186
0.19964,0.00014138,0.0012566
0.19993,0.00016857,0.00030045
0.20021,1.5625e-05,0.0014551
0.2005,0.00016841,0.00029232
0.20079,0.00011415,0.00064948
0.20107,0.00017243,0.0001129
0.20136,0.0001613,0.00010799
0.20164,0.00010127,9.2578e-05
0.20193,0.0001521,0.00023017
0.20221,6.8296e-05,0.00055794
0.2025,9.4599e-05,0.00012257
0.20279,1.7174e-06,0.00094997
0.20307,0.00013701,0.00032109
0.20336,0.00013659,0.0002629
0.20364,0.00012752,0.00031807
0.20393,0.00016399,0.00092044
0.20422,0.00016478,0.00024255
0.2045,7.2028e-05,0.00056119
0.20479,3.7053e-05,0.00012876
0.20507,7.8356e-05,0.0030553
0.20536,0.0001576,0.00021908
0.20564,0.00013715,0.00032513
0.20593,9.6358e-05,0.00012482
0.20622,0.00011444,0.00015406
0.2065,0.00013935,0.00010906
0.20679,-1.8375e-05,0.0019035
0.20707,9.1114e-05,0.00056249
0.20736,0.00016734,0.00057359
0.20765,2.2849e-05,0.00015169
0.20793,0.00011029,8.0223e-05
0.20822,0.00012389,0.00015883
0.2085,0.0001698,0.0004243
0.20879,0.00016178,0.00010542
0.20907,0.00014406,8.5802e-05
0.20936,0.00016698,8.5187e-05
0.20965,0.00011743,0.00010813
0.20993,0.00018268,0.00012602
0.21022,2.6266e-05,0.00016085
0.2105,0.00015225,0.00012896
0.21079,0.00011951,0.0001567
0.21107,0.00023286,0.00090462
0.21136,4.4066e-05,0.00021172
0.21165,8.7918e-05,0.00010944
0.21193,0.00014539,0.00010521
0.21222,0.00011806,0.00029041
0.2125,0.00018316,8.2284e-05
0.21279,9.4548e-05,0.00016089
0.21308,8.9514e-05,0.0015837
0.21336,0.00013362,0.0002521
0.21365,1.9538e-05,8.8041e-05
0.21393,1.3374e-05,0.00019236
0.21422,7.7405e-05,9.5444e-05
0.2145,0.00011129,0.011598
0.21479,0.00010915,0.00019004
0.21508,0.00022576,0.00051966
0.21536,6.6956e-05,0.00016056
0.21565,0.00014357,8.6772e-05
0.21593,0.00014261,7.9639e-05
0.21622,9.7478e-05,0.0014681
0.21651,0.00019957,0.0020707
0.21679,6.7958e-05,0.00028873
0.21708,0.00010802,0.00010851
0.21736,-1.1296e-05,0.00050069
0.21765,4.364e-05,0.00019376
0.21793,0.00012674,0.00012678
0.21822,0.00015997,0.00016915
0.21851,0.00015256,9.8189e-05
0.21879,0.00015889,0.000148
0.21908,0.00012769,0.0001549
0.21936,0.00010348,0.00044057
0.21965,4.7756e-05,7.6641e-05
0.21994,8.5034e-05,0.00011685
0.22022,7.5784e-05,0.00010531
0.22051,0.00018939,0.00037781
0.22079,0.0002007,0.00012358
0.22108,3.2103e-05,0.00063265
0.22136,0.00012417,0.00015226
0.22165,6.409e-05,0.00014455
0.22194,8.5275e-05,0.00065091
0.22222,0.00010438,0.00032298
0.22251,4.4236e-05,0.0013698
0.22279,0.00011744,8.1776e-05
0.22308,0.00010123,0.00024879
0.22336,3.056e-05,0.00022133
0.22365,2.7765e-05,9.2193e-05
0.22394,2.9043e-05,0.0015978
0.22422,4.9353e-05,0.00012988
0.22451,-2.3542e-05,0.00012414
0.22479,-1.6625e-05,9.9464e-05
0.22508,1.0824e-05,0.00016989
0.22537,9.6609e-05,0.0051742
0.22565,4.7838e-06,0.00087046
0.22594,6.3175e-05,0.11674
0.22622,-3.317e-05,0.0021172
0.22651,4.4467e-05,8.8302e-05
0.22679,1.466e-06,0.00026862
0.22708,8.1382e-05,7.8018e-05
0.22737,0.00012009,0.00012544
0.22765,8.0916e-06,0.00023025
0.22794,6.6001e-05,0.0065013
0.22822,6.6884e-05,0.00035667
0.22851,0.00013074,8.5656e-05
0.2288,9.3623e-05,8.9794e-05
0.22908,-1.1064e-06,0.00015748
0.22937,6.5816e-05,9.3823e-05
0.22965,-7.8014e-06,0.00022348
0.22994,6.8938e-05,0.0020765
0.23022,0.00013338,0.00013219
0.23051,-3.4901e-05,0.0033152
0.2308,0.00010265,0.00015501
0.23108,-4.3012e-06,0.002284
0.23137,9.5867e-05,0.0001704
0.23165,0.00010774,0.00083289
0.23194,0.00016383,0.00021052
0.23223,0.00011509,0.00090438
0.23251,0.00011134,0.00066109
0.2328,2.7462e-05,0.00063964
0.23308,0.00013581,0.00066962
0.23337,7.2995e-05,9.3286e-05
0.23365,0.0001655,0.00060585
0.23394,3.9669e-05,0.0003114
0.23423,0.00010485,8.1147e-05
0.23451,0.00018216,0.00055338
0.2348,8.6937e-05,0.00024987
0.23508,-1.8905e-05,0.00010507
0.23537,3.8712e-05,0.00020203
0.23566,3.4914e-05,0.00083209
0.23594,0.00010043,0.0001032
0.23623,0.00010518,0.00023042
0.23651,0.00020244,0.00012571
0.2368,8.1873e-05,0.0017454
0.23708,3.5126e-05,0.0013304
0.23737,0.00014002,9.5135e-05
0.23766,0.000188,0.00052275
0.23794,9.6757e-05,7.5908e-05
0.23823,0.00012387,0.00020341
0.23851,1.9172e-05,0.01019
0.2388,0.00011108,8.3317e-05
0.23908,-1.6809e-05,0.00033897
0.23937,8.4102e-05,0.00010745
0.23966,-1.0554e-06,0.00028069
0.23994,-5.2272e-06,0.00014026
0.24023,9.5218e-05,0.0025406
0.24051,6.9603e-06,0.00032727
0.2408,7.211e-05,8.545e-05
0.24109,-7.7193e-05,0.00021434
0.24137,3.6179e-05,0.00011449
0.24166,0.00011874,0.00082473
0.24194,6.8877e-05,0.00013917
0.24223,9.9529e-05,0.00028189
0.24251,5.1193e-05,0.013936
0.2428,-6.0761e-06,0.00027182
0.24309,-1.1886e-05,0.00014886
0.24337,4.112e-05,0.00010814
0.24366,1.4714e-05,0.014362
0.24394,6.695e-05,0.00019439
0.24423,0.00014013,0.00025631
0.24452,8.4817e-05,0.00010064
0.2448,6.4126e-05,0.00021822
0.24509,3.3549e-06,0.00033112
0.24537,8.2576e-05,8.8739e-05
0.24566,8.3119e-05,0.00013124
0.24594,6.8158e-05,8.4676e-05
0.24623,0.00013971,0.00023173
0.24652,0.00010409,8.29e-05
0.2468,0.00012068,0.00074909
0.24709,8.8057e-05,0.00054427
0.24737,8.3356e-05,0.00063143
0.24766,0.00016462,0.00011975
0.24795,9.4706e-05,0.00029682
0.24823,3.4322e-05,9.548e-05
0.24852,0.00013265,0.00026231
0.2488,0.00010922,0.00012176
0.24909,5.264e-05,0.00045068
0.24937,5.9383e-05,0.00014474
0.24966,5.7232e-05,0.0001909
0.24995,6.881e-05,0.00022643
0.25023,5.5714e-05,9.9103e-05
0.25052,2.781e-05,0.00086853
0.2508,7.601e-05,0.00096927
0.25109,-2.7675e-06,0.0001103
0.25137,9.8746e-05,0.00012738
0.25166,6.3177e-05,9.3862e-05
0.25195,9.0557e-05,0.00038516
0.25223,5.1368e-05,0.00021834
0.25252,6.2363e-05,0.0028742
0.2528,0.00016764,0.00053493
0.25309,9.5242e-05,0.00078681
0.25338,-4.6145e-07,0.00012319
0.25366,6.393e-05,0.00010144
0.25395,9.9429e-05,0.00017363
0.25423,-2.6679e-05,0.00011755
0.25452,-4.8067e-05,0.00013879
0.2548,-1.0798e-05,9.8833e-05
0.25509,9.2425e-05,0.00055707
0.25538,5.8287e-05,0.00094676
0.25566,0.0001168,0.00036622
0.25595,0.00013531,0.00015336
0.25623,4.2846e-05,0.0002662
0.25652,-7.3249e-05,0.00074236
0.25681,9.3038e-05,0.00033602
0.25709,8.1428e-05,0.00011625
0.25738,0.00011519,0.00016352
0.25766,4.7609e-05,0.00030261
0.25795,3.7839e-06,0.00045951
0.25823,6.2985e-05,0.00016184
0.25852,0.00010787,0.00014926
0.25881,-3.314e-05,0.00015674
0.25909,8.8368e-05,0.00040118
0.25938,-1.1783e-05,0.00019363
0.25966,7.7026e-05,0.00011854
0.25995,0.00010057,0.00011269
0.26024,-1.0045e-05,0.00034763
0.26052,-2.487e-05,0.00028363
0.26081,4.7915e-05,0.00021209
0.26109,1.3717e-05,0.00030093
0.26138,3.7774e-06,0.00029872
0.26166,0.00011124,0.00031672
0.26195,0.0001069,0.00014096
0.26224,-1.9062e-05,0.00016022
0.26252,0.00011194,0.00011545
0.26281,7.589e-05,0.00016081
0.26309,1.2742e-05,0.00069906
0.26338,-1.2338e-05,0.00012388
0.26366,-6.3758e-05,0.00015435
0.26395,-5.7267e-05,0.00012951
0.26424,-1.826e-05,0.00034455
0.26452,5.9861e-05,0.00010306
0.26481,-0.00011986,0.00020925
0.26509,4.615e-05,0.00010152
0.26538,0.00012369,0.00019726
0.26567,7.2103e-05,0.001389
0.26595,0.0001146,0.00084257
0.26624,7.6244e-05,0.00011117
0.26652,2.6177e-05,0.00024587
0.26681,0.00011365,0.00035855
0.26709,3.8549e-05,0.00011662
0.26738,4.6301e-05,0.00076829
0.26767,5.5267e-06,0.00038554
0.26795,0.0002313,0.00050783
0.26824,2.1962e-05,0.0014625
0.26852,8.2751e-05,0.00019189
0.26881,0.00011031,0.015388
0.2691,6.2638e-05,0.00019508
0.26938,5.0657e-05,0.00016034
0.26967,-7.2841e-05,0.025915
0.26995,0.00012362,0.00015896
0.27024,6.2196e-05,0.00017068
0.27052,0.0001535,0.00022603
0.27081,-1.1561e-05,0.00040518
0.2711,3.4729e-05,0.00014388
0.27138,4.6866e-05,0.0026483
0.27167,6.1827e-05,0.00034684
0.27195,0.00010161,0.00064403
0.27224,5.2397e-06,0.00049596
0.27253,7.6059e-05,0.00024236
0.27281,9.0329e-05,0.00015895
0.2731,-2.9301e-05,0.00012518
0.27338,2.896e-05,0.00027141
0.27367,-0.00010232,0.0020742
0.27395,-4.8835e-05,0.0011348
0.27424,0.00010175,0.00011326
0.27453,0.00010594,0.0008112
0.27481,2.1516e-06,0.00061258
0.2751,-1.754e-05,0.00020174
0.27538,0.0001288,0.00098805
0.27567,0.0002118,0.00022311
0.27596,0.00010934,0.00012123
0.27624,-0.00015309,0.00038672
0.27653,5.6105e-05,0.00029524
0.27681,-5.5472e-05,0.000157
0.2771,2.6545e-06,0.00071868
0.27738,9.6624e-05,0.00034801
0.27767,5.7932e-05,0.00019644
0.27796,0.00020648,0.0003197
0.27824,-1.0144e-05,0.00028405
0.27853,0.00015666,0.0001922
0.27881,0.00010121,0.00012186
0.2791,0.00012824,0.00039614
0.27938,-2.4686e-05,0.0001837
0.27967,8.8028e-05,0.00013958
0.27996,2.7208e-05,0.00023804
0.28024,0.00015796,0.00013924
0.28053,5.9583e-05,0.00013301
0.28081,0.00010074,0.00021498
0.2811,1.1489e-05,0.0001984
0.28139,-8.7948e-05,0.00018244
0.28167,4.5853e-05,0.000369
0.28196,6.1384e-05,0.00017376
0.28224,-2.7404e-05,0.0001533
0.28253,0.00016029,0.0011805
0.28281,8.4409e-05,0.0010677
0.2831,0.00011241,0.00020029
0.28339,0.00014076,0.0071133
0.28367,-4.157e-06,0.0001628
0.28396,-5.2495e-05,0.00076986
0.28424,0.0001425,0.00023063
0.28453,9.4183e-05,0.00030408
0.28482,-1.7856e-05,0.00090104
0.2851,0.00010415,0.00025988
0.28539,0.00012537,0.00018138
0.28567,0.00010709,0.00030895
0.28596,2.9643e-05,0.00064985
0.28624,-4.3716e-06,0.00019076
0.28653,0.00010922,0.00014146
0.28682,0.00017026,0.00018815
0.2871,-2.7946e-05,0.00013399
0.28739,-8.1414e-06,0.00043374
0.28767,-9.7644e-05,0.00041483
0.28796,-2.2378e-05,0.00042728
0.28825,1.5655e-05,0.00033347
0.28853,0.00019645,0.0032327
0.28882,0.00013582,0.00065459
0.2891,0.00012676,0.00052278
0.28939,4.5163e-05,0.00016969
0.28967,0.00013612,0.00013403
0.28996,8.3748e-05,0.00027329
0.29025,2.6049e-05,0.0032053
0.29053,5.558e-05,0.0018185
0.29082,0.0001075,0.00044322
0.2911,0.00014715,0.00026788
0.29139,4.0345e-05,0.00013954
0.29167,1.348e-05,0.00045926
0.29196,0.000134,0.00019983
0.29225,0.00013794,0.00016909
0.29253,-5.8564e-05,0.0017064
0.29282,-0.00010109,0.0073412
0.2931,-4.426e-06,0.00015523
0.29339,8.655e-05,0.00016016
0.29368,-0.0001024,0.00029026
0.29396,-6.3475e-05,0.00025028
0.29425,-3.2523e-05,0.00037557
0.29453,9.8705e-05,0.00029015
0.29482,3.7899e-05,0.00015512
0.2951,-0.00010992,0.00017464
0.29539,-5.7633e-05,0.00058502
0.29568,-4.1445e-05,0.0045959
0.29596,0.00014762,0.0007688
0.29625,5.0644e-05,0.00016276
0.29653,-3.5873e-06,0.0008025
0.29682,0.00016149,0.0002538
0.29711,0.00027869,0.00089837
0.29739,0.00016897,0.00085329
0.29768,0.00018231,0.00031541
0.29796,8.3583e-05,0.00040713
0.29825,0.00015015,0.00023395
0.29853,1.5527e-05,0.00042089
0.29882,5.0933e-06,0.00035632
0.29911,0.00016097,0.00020755
0.29939,1.6998e-05,0.0030473
0.29968,8.7306e-05,0.0016728
0.29996,-5.5127e-05,0.00049048
0.30025,-0.00014084,0.011176
0.30054,2.8805e-05,0.00036415
0.30082,5.9823e-05,0.00023629
0.30111,0.000124,0.00023349
0.30139,-0.00012877,0.00027434
0.30168,0.00010602,0.0079555
0.30196,0.00022236,0.00022334
0.30225,0.00020838,0.001313
0.30254,0.00015009,0.00017526
0.30282,3.0942e-05,0.00021168
0.30311,2.0423e-05,0.00019853
0.30339,9.9247e-05,0.00037801
0.30368,0.00031233,0.00029363
0.30397,-4.3726e-05,0.00064519
0.30425,0.00015617,0.00018004
0.30454,1.8786e-05,0.00057137
0.30482,6.4851e-05,0.00030478
0.30511,5.2716e-05,0.0014111
0.30539,0.00023763,0.0003133
0.30568,3.7797e-05,0.00031451
0.30597,0.00012991,0.00088985
0.30625,0.00019403,0.00015326
0.30654,0.0001103,0.0001869
0.30682,-0.00010003,0.00023363
0.30711,-2.5439e-05,0.00017147
0.30739,0.00019927,0.00019142
0.30768,1.528e-05,0.00075274
0.30797,5.7978e-05,0.00017182
0.30825,4.5116e-05,0.00028736
0.30854,0.00022458,0.00015578
0.30882,0.00011705,0.001855
0.30911,-0.00013322,0.00020541
0.3094,0.00021567,0.00038927
0.30968,4.6401e-05,0.0006058
0.30997,0.00019287,0.0003104
0.31025,0.00023993,0.0030453
0.31054,0.00028259,0.00066422
0.31082,-5.61e-05,0.00087126
0.31111,0.00011807,0.00032964
0.3114,1.3062e-05,0.0012815
0.31168,3.4722e-05,0.00018055
0.31197,-5.7525e-05,0.0078286
0.31225,0.00025654,0.00035168
0.31254,-2.8398e-05,0.00022837
0.31283,8.7103e-05,0.00019915
0.31311,0.00010559,0.0033181
0.3134,-0.00023155,0.00017052
0.31368,0.00012044,0.0002015
0.31397,-0.00023024,0.016562
0.31425,5.6741e-05,0.00041407
0.31454,-0.00010737,0.00051837
0.31483,0.0001467,0.0003666
0.31511,0.00017811,0.00087127
0.3154,-2.0153e-06,0.0020982
0.31568,2.8641e-05,0.00025952
0.31597,-4.7444e-05,0.00070751
0.31626,0.00014049,0.00033202
0.31654,-8.2245e-05,0.030611
0.31683,1.6794e-05,0.004482
0.31711,-9.6625e-05,0.00031922
0.3174,0.00010527,0.0004736
0.31768,-0.0001365,0.00023474
0.31797,0.00015061,0.0002906
0.31826,0.00012636,0.0001881
0.31854,-0.00017016,0.00069426
0.31883,-0.00024997,0.0054691
0.31911,0.00011362,0.00033381
0.3194,6.1143e-05,0.0057922
0.31968,6.0046e-05,0.00029106
0.31997,0.00019669,0.00021497
0.32026,6.2823e-05,0.00049624
0.32054,0.00013078,0.0002085
0.32083,0.00027453,0.00049282
0.32111,0.00020783,0.00095242
0.3214,1.5589e-05,0.00039425
0.32169,0.00017069,0.00024073
0.32197,0.00021507,0.00033725
0.32226,9.676e-05,0.00098445
0.32254,0.00011656,0.00069044
0.32283,-4.1545e-05,0.00057219
0.32311,0.0001511,0.00047643
0.3234,-3.5083e-05,0.0004864
0.32369,-1.1063e-05,0.00052141
0.32397,-6.7414e-05,0.00035825
0.32426,0.00016777,0.00045777
0.32454,0.00011072,0.00030276
0.32483,0.0002263,0.00037921
0.32512,0.00016033,0.00026479
0.3254,-1.6554e-05,0.00044448
0.32569,-0.00026637,0.0025697
0.32597,4.1092e-05,0.00020851
0.32626,0.00010303,0.00031104
0.32654,-0.00010034,0.00036267
0.32683,0.00011132,0.12849
0.32712,-9.0189e-06,0.00072607
0.3274,-6.1818e-05,0.00057691
0.32769,0.00019603,0.0024204
0.32797,2.4917e-05,0.00079967
0.32826,-0.00019817,0.0042891
0.32855,4.3429e-05,0.00038517
0.32883,-2.8927e-06,0.0018638
0.32912,4.3507e-05,0.00049487
0.3294,7.5307e-05,0.00028165
0.32969,-7.6308e-05,0.00038798
0.32997,7.1634e-05,0.0002428
0.33026,0.00012831,0.00025856
0.33055,0.00013229,0.00031903
0.33083,-3.3086e-05,0.00038395
0.33112,0.00018487,0.00076226
0.3314,0.0001692,0.00031694
0.33169,0.00010728,0.0008585
0.33197,1.657e-05,0.00066826
0.33226,0.00017176,0.00026919
0.33255,6.3111e-05,0.0002956
0.33283,0.00017494,0.0037389
0.33312,-2.2763e-05,0.0036315
0.3334,-3.5685e-05,0.002455
0.33369,8.035e-05,0.00031656
0.33398,0.00012846,0.00045253
0.33426,0.00040221,0.00041643
0.33455,-2.1371e-05,0.00038736
0.33483,0.000323,0.0023653
0.33512,-0.00022338,0.0008548
0.3354,8.9045e-06,0.0011166
0.33569,0.00011868,0.00032401
0.33598,-4.3629e-05,0.00059113
0.33626,-5.2454e-05,0.00059678
0.33655,0.0002166,0.00030386
0.33683,0.0001253,0.00073668
0.33712,-0.00031788,0.00032484
0.33741,0.00026685,0.00034987
0.33769,-0.00046294,0.0004303
0.33798,0.00019229,0.000588
0.33826,0.00039085,0.00088689
0.33855,0.00016201,0.0002644
0.33883,0.00040433,0.00030792
0.33912,4.4312e-05,0.00064072
0.33941,-0.00021462,0.00029746
0.33969,-0.00020458,0.00038324
0.33998,0.00014363,0.0024041
0.34026,6.1435e-05,0.00047503
0.34055,-5.7839e-05,0.0026831
0.34084,0.00051727,0.003245
0.34112,0.00022761,0.0015413
0.34141,0.00031977,0.00047431
0.34169,-0.00010037,0.0010225
0.34198,-3.1154e-05,0.00053952
0.34226,0.00021088,0.00043066
0.34255,0.00042664,0.00074215
0.34284,0.00015709,0.00068157
0.34312,0.00043712,0.00065195
0.34341,0.00012059,0.00031874
0.34369,-8.5852e-05,0.00043564
0.34398,0.00016882,0.0059453
0.34427,-0.00020726,0.0019692
0.34455,0.00029458,0.0005731
0.34484,0.00036056,0.019888
0.34512,0.00024848,0.00082848
0.34541,-0.0001231,0.00035719
0.34569,0.00052099,0.026387
0.34598,0.00032961,0.0010577
0.34627,0.00049225,0.00081935
0.34655,0.00033345,0.0049125
0.34684,6.6919e-05,0.00070135
0.34712,-0.00014304,0.00079682
0.34741,-0.00030997,0.00036694
0.34769,0.00019592,0.0019175
0.34798,0.00044035,0.0006999
0.34827,0.00073098,0.0041464
0.34855,7.0414e-05,0.03002
0.34884,0.00050612,0.00059976
0.34912,-0.00010194,0.00066731
0.34941,0.00010961,0.001002
0.3497,-0.00023053,0.0012295
