pH      PD         PP         DP         DD         Total       Site1       Site2
2.00   0.006556   0.980516   0.012928   0.000000   1.980516   0.987072   0.993444 
2.50   0.021146   0.938816   0.040036   0.000002   1.938814   0.959962   0.978852 
3.00   0.060086   0.829004   0.110866   0.000044   1.828960   0.889090   0.939870 
3.50   0.139344   0.607715   0.252727   0.000214   1.607501   0.747059   0.860442 
4.00   0.240620   0.327059   0.431149   0.001172   1.325887   0.567679   0.758208 
4.50   0.308975   0.135344   0.551361   0.004320   1.131024   0.444319   0.686705 
5.00   0.337747   0.046612   0.601503   0.014138   1.032474   0.384359   0.648115 
5.50   0.337533   0.015234   0.602937   0.044296   0.970938   0.352767   0.618171 
6.00   0.311555   0.004576   0.557517   0.126352   0.878224   0.316131   0.562093 
6.50   0.245666   0.001160   0.443053   0.310121   0.691039   0.246826   0.444213 
7.00   0.148198   0.000252   0.268911   0.582639   0.417613   0.148450   0.269163 
7.50   0.067036   0.000050   0.122264   0.810650   0.189400   0.067086   0.122314 
8.00   0.025222   0.000006   0.046218   0.928554   0.071452   0.025228   0.046224 
8.50   0.008136   0.000000   0.015842   0.976022   0.023978   0.008136   0.015842 
9.00   0.002446   0.000000   0.005520   0.992034   0.007966   0.002446   0.005520 
9.50   0.000696   0.000000   0.001860   0.997444   0.002556   0.000696   0.001860 
