Residue  Number    Total   Apolar  Backbone Sidechain Ratio(%)
 GLY      9   121.18    59.79   121.18     0.00    100.0
 ARG     10    78.66    69.28    25.68    52.98     27.1
 ARG     11   116.56    49.96    20.47    96.09     49.2
 PRO     12     6.43     0.65     5.89     0.55      0.5
 GLY     13    14.48    13.78    14.48     0.00     16.6
 VAL     14     4.57     0.36     4.20     0.36      0.3
 GLY     15     6.64     6.64     6.64     0.00      7.6
 VAL     16     3.27     0.00     3.27     0.00      0.0
 GLY     17     6.96     6.96     6.96     0.00      8.0
 VAL     18     0.00     0.00     0.00     0.00      0.0
 VAL     19     0.00     0.00     0.00     0.00      0.0
 VAL     20     0.00     0.00     0.00     0.00      0.0
 THR     21    16.08    11.44     0.00    16.08     15.1
 SER     22     5.73     2.37     5.73     0.00      0.0
 CYS     23    94.23    58.67    28.93    65.31     63.8
 LYS     24   111.83    51.89    26.54    85.30     51.9
 HIS     25    51.23    40.84     4.96    46.27     29.9
 PRO     26    89.48    85.73    12.88    76.60     72.8
 ARG     27   138.11    57.71     4.10   134.01     68.5
 CYS     28    11.43     0.00     0.46    10.97     10.7
 VAL     29     0.00     0.00     0.00     0.00      0.0
 LEU     30     0.00     0.00     0.00     0.00      0.0
 LEU     31     0.71     0.19     0.52     0.19      0.1
 GLY     32     0.82     0.82     0.82     0.00      0.9
 LYS     33    76.31    33.21     0.54    75.77     46.1
 ARG     34    52.26     5.22     1.80    50.45     25.8
 LYS     35    83.82    43.13     3.08    80.74     49.1
 GLY     36    48.06    32.33    48.06     0.00     55.1
 SER     37   118.10    67.19    48.19    69.92     90.3
 VAL     38    63.82    63.29     4.98    58.84     48.1
 GLY     39    29.33    22.81    29.33     0.00     33.6
 ALA     40    67.52    43.34    24.19    43.33     66.8
 GLY     41    35.53    27.17    35.53     0.00     40.7
 SER     42    17.75    17.61     1.51    16.24     21.0
 PHE     43    41.94    41.94     0.00    41.94     23.3
 GLN     44    20.03     4.47     0.55    19.48     13.6
 LEU     45    14.23     5.32     8.91     5.32      3.6
 PRO     46     0.01     0.01     0.01     0.00      0.0
 GLY     47    17.19     5.42    17.19     0.00     19.7
 GLY     48    28.03    27.67    28.03     0.00     32.1
 HIS     49    71.87    53.78     1.19    70.68     45.7
 LEU     50     0.20     0.00     0.20     0.00      0.0
 GLU     51    89.00    30.01     1.80    87.20     61.8
 PHE     52    49.88    30.92    18.96    30.92     17.2
 GLY     53    21.53    12.01    21.53     0.00     24.7
 GLU     54    18.82    15.96     0.93    17.89     12.7
 THR     55     6.14     5.80     0.00     6.14      5.8
 TRP     56     0.00     0.00     0.00     0.00      0.0
 GLU     57    36.06     0.93     0.00    36.06     25.5
 GLU     58    82.92    35.39     2.27    80.65     57.1
 CYS     59     0.00     0.00     0.00     0.00      0.0
 ALA     60     0.00     0.00     0.00     0.00      0.0
 GLN     61    62.69    22.80     2.33    60.36     42.0
 ARG     62    59.85    55.69     7.45    52.40     26.8
 GLU     63    16.58     0.00     0.00    16.58     11.7
 THR     64     0.00     0.00     0.00     0.00      0.0
 TRP     65   130.74   111.32     1.34   129.40     57.6
 GLU     66    67.76    31.57     6.61    61.15     43.3
 GLU     67    25.73     4.99     0.65    25.08     17.8
 ALA     68     0.00     0.00     0.00     0.00      0.0
 ALA     69    10.27     9.09     1.18     9.09     14.0
 LEU     70     0.55     0.00     0.55     0.00      0.0
 HIS     71    74.02    55.47     6.75    67.27     43.5
 LEU     72    12.81     0.10    12.71     0.10      0.1
 LYS     73    89.44    54.50     8.61    80.83     49.1
 ASN     74    87.37    25.72    17.02    70.35     61.5
 VAL     75     1.71     0.87     1.21     0.50      0.4
 HIS     76     0.00     0.00     0.00     0.00      0.0
 PHE     77    13.04     0.00    13.04     0.00      0.0
 ALA     78     3.07     3.07     2.78     0.29      0.4
 SER     79     0.00     0.00     0.00     0.00      0.0
 VAL     80     0.00     0.00     0.00     0.00      0.0
 VAL     81     0.00     0.00     0.00     0.00      0.0
 ASN     82     1.84     0.00     1.84     0.00      0.0
 SER     83     2.86     2.86     2.86     0.00      0.0
 PHE     84    34.58    28.10     6.48    28.10     15.6
 ILE     85    43.21    43.21     4.02    39.20     26.6
 GLU     86   128.68    41.38    10.39   118.29     83.8
 LYS     87   194.58   124.06    37.26   157.33     95.6
 GLU     88    73.40    10.59    22.57    50.82     36.0
 ASN     89   115.91    37.68    15.04   100.86     88.2
 TYR     90    45.03    34.06     4.31    40.72     21.1
 HIS     91     2.59     0.00     2.59     0.00      0.0
 TYR     92    42.68    32.54     0.00    42.68     22.1
 VAL     93     0.00     0.00     0.00     0.00      0.0
 THR     94    13.23    10.18     0.00    13.23     12.5
 ILE     95     0.00     0.00     0.00     0.00      0.0
 LEU     96     0.32     0.32     0.00     0.32      0.2
 MET     97     0.00     0.00     0.00     0.00      0.0
 LYS     98    31.52    23.41     2.65    28.87     17.5
 GLY     99     0.08     0.08     0.08     0.00      0.1
 GLU    100    61.46    12.84     0.00    61.46     43.5
 VAL    101     1.04     0.07     0.97     0.07      0.1
 ASP    102    29.29     1.95     0.24    29.04     25.7
 VAL    103    49.94    33.57    16.38    33.57     27.4
 THR    104   119.86    88.42    36.81    83.05     78.2
 HIS    105    96.91    77.45    14.26    82.64     53.5
 ASP    106    95.30    29.91    13.72    81.58     72.2
 SER    107    11.36     1.13     2.03     9.33     12.0
 GLU    108    80.99    67.94     2.72    78.27     55.4
 PRO    109    27.60    10.05    17.55    10.05      9.5
 LYS    110   110.09   105.43     6.69   103.39     62.9
 ASN    111    41.93    23.87    16.13    25.80     22.6
 VAL    112    74.00    58.59    23.24    50.76     41.5
 GLU    113    35.43    14.84     1.27    34.16     24.2
 PRO    114    82.94    78.40     4.56    78.37     74.5
 GLU    115   103.77    76.37    13.37    90.41     64.0
 LYS    116   109.86    79.35     1.59   108.28     65.8
 ASN    117     2.75     2.75     0.00     2.75      2.4
 GLU    118    86.61     8.20    18.10    68.52     48.5
 SER    119    42.22    33.42     0.60    41.62     53.8
 TRP    120    16.65     2.46    14.19     2.46      1.1
 GLU    121    94.19    36.69     2.28    91.92     65.1
 TRP    122    37.26    19.51    17.75    19.51      8.7
 VAL    123    23.64    23.64     0.24    23.40     19.1
 PRO    124    34.18    34.18     0.00    34.18     32.5
 TRP    125    19.85    15.20     2.79    17.06      7.6
 GLU    126   117.30    74.97    39.45    77.85     55.1
 GLU    127   120.72    49.79    19.13   101.59     72.0
 LEU    128    21.19     2.94    18.25     2.94      2.0
 PRO    129    22.93    19.62     9.18    13.75     13.1
 PRO    130    88.44    88.44    14.12    74.33     70.7
 LEU    131    62.91    62.53     0.38    62.53     42.8
 ASP    132   120.55    29.99    20.66    99.89     88.4
 GLN    133    77.98    31.84     2.79    75.19     52.3
 LEU    134     5.50     0.00     5.50     0.00      0.0
 PHE    135    29.57    29.57     1.22    28.35     15.7
 TRP    136    34.85    22.31     0.27    34.58     15.4
 GLY    137    12.55    11.54    12.55     0.00     14.4
 LEU    138     2.52     1.46     1.07     1.46      1.0
 ARG    139    56.47     9.54     0.00    56.47     28.9
 CYS    140     6.85     2.55     1.23     5.62      5.5
 LEU    141     0.00     0.00     0.00     0.00      0.0
 LYS    142    71.23    36.19     3.14    68.09     41.4
 GLU    143    74.74    16.70    34.82    39.92     28.3
 GLN    144    25.61    13.15    22.16     3.45      2.4
 GLY    145    49.53    36.52    49.53     0.00     56.8
 TYR    146     7.42     4.39     2.86     4.56      2.4
 ASP    147    48.89    14.40     0.03    48.87     43.2
 PRO    148     1.67     0.00     1.67     0.00      0.0
 PHE    149    92.29    67.91    28.40    63.89     35.5
 LYS    150    60.39    57.43    10.52    49.87     30.3
 GLU    151   120.12    73.58     9.55   110.57     78.3
 ASP    152    57.51    36.64     7.85    49.66     43.9
 LEU    153    11.12     8.82     3.29     7.84      5.4
 ASN    154    96.06    27.03     7.45    88.62     77.5
 HIS    155    17.40    11.24    16.87     0.53      0.3
 LEU    156     0.00     0.00     0.00     0.00      0.0
 VAL    157    77.03    57.11    20.52    56.50     46.2
 GLY    158    31.67    21.08    31.67     0.00     36.3
 TYR    159    37.33    35.47     7.70    29.64     15.3
 LYS    160    52.60    45.93     1.37    51.23     31.1
 GLY    161     0.01     0.00     0.01     0.00      0.0
 ASN    162    70.70    32.35     5.46    65.24     57.1
 HIS    163    66.91    33.40    23.67    43.23     28.0
 LEU    164   125.34    51.38    47.28    78.06     53.4
