Nan	Nan	Nan	Nan	Nan	Nan	Nan	Nan	Nan	Nan	Nan	Nan	Nan	Nan	Nan	Nan	Nan	Nan	Nan	Nan
Nan	Nan	Nan	Nan	Nan	Nan	Nan	Nan	Nan	Nan	Nan	Nan	Nan	Nan	Nan	Nan	Nan	Nan	Nan	Nan
Nan	Nan	Nan	Nan	Nan	Nan	Nan	Nan	Nan	Nan	Nan	Nan	Nan	Nan	Nan	Nan	Nan	Nan	Nan	Nan
Nan	Nan	Nan	Nan	Nan	Nan	Nan	Nan	Nan	Nan	Nan	Nan	Nan	Nan	Nan	Nan	Nan	Nan	Nan	Nan
Nan	Nan	Nan	Nan	Nan	Nan	Nan	Nan	Nan	Nan	Nan	Nan	Nan	Nan	Nan	Nan	Nan	Nan	Nan	Nan
Nan	Nan	Nan	Nan	Nan	Nan	Nan	Nan	Nan	Nan	Nan	Nan	Nan	Nan	Nan	Nan	Nan	Nan	Nan	Nan
Nan	Nan	Nan	Nan	Nan	Nan	Nan	Nan	Nan	Nan	Nan	Nan	Nan	Nan	Nan	Nan	Nan	Nan	Nan	Nan
Nan	Nan	Nan	Nan	Nan	Nan	Nan	Nan	Nan	Nan	Nan	Nan	Nan	Nan	Nan	Nan	Nan	Nan	Nan	Nan
0.438	 2.98	 -3.95	 -1.12	 0.002	 0.0	 -1.03	 -0.07	 -0.609	 -0.047	 0.784	 0.234	 -1.78	 0.133	 0.298	 -1.96	 -0.709	 -0.16	 0.655	 0.656
 1.45	 3.42	 -0.003	 -0.00767	 -4.31	 0.641	 -1.82	 -1.94	 -0.434	 -3.93	 -2.2	 0.999	 -1.51	 0.832	 0.0	 0.572	 0.657	 0.00533	 -5.34	 -2.05
 3.39	 3.86	 3.54	 1.73	 1.13	 3.5	 0.801	 0.001	 1.12	 0.0583	 2.55	 3.11	 3.44	 1.74	 0.0	 2.61	 0.413	 -0.386	 2.03	 1.57
 -2.64	 0.594	 2.32	 -0.014	 9.71	 2.48	 8.44	 -1.95	 0.003	 1.21	 -0.935	 2.4	 0.0	 -0.566	 -1.18	 0.208	 -1.17	 -2.83	 2.43	 8.39
 0.534	 2.04	 -2.75	 1.31	 -0.811	 0.0	 -0.196	 -0.709	 0.188	 -1.43	 -0.577	 -2.0	 6.18	 -1.01	 0.251	 1.16	 2.18	 0.228	 -0.763	 -0.863
 2.28	 2.45	 6.42	 1.56	 0.583	 6.02	 0.965	 -0.842	 2.88	 -1.12	 -0.379	 2.7	 10.8	 2.48	 1.77	 3.49	 2.61	 0.0	 -2.32	 0.138
 -4.19	 -2.87	 -1.89	 -2.11	 -7.14	 0.0	 -1.96	 -7.68	 -2.0	 -6.35	 -6.47	 -3.94	 10.1	 -5.3	 -6.33	 -2.49	 -4.15	 -8.24	 -10.7	 -6.8
 8.94	 7.71	 15.4	 16.8	 7.96	 15.2	 11.4	 3.81	 21.5	 2.06	 8.26	 10.3	 22.2	 11.9	 25.8	 12.6	 7.02	 0.0	 30.3	 29.7
 -0.207	 -2.75	 -1.43	 -4.63	 -10.5	 0.0	 -6.44	 -2.69	 -3.31	 -6.5	 -9.78	 -3.05	 8.62	 -4.54	 -5.56	 -0.937	 1.04	 -2.16	 -9.4	 -9.9
 8.3	 6.84	 15.3	 14.7	 7.82	 16.7	 9.31	 1.29	 23.0	 9.24	 8.65	 10.1	 18.3	 10.4	 27.8	 10.7	 6.4	 0.0	 22.2	 15.3
 8.92	 9.55	 6.8	 8.99	 9.54	 16.4	 16.0	 -1.08	 20.0	 2.88	 3.03	 5.92	 17.4	 9.32	 14.2	 11.5	 7.07	 0.0	 12.7	 11.8
 9.54	 8.36	 11.2	 10.8	 13.6	 17.0	 15.5	 0.873	 24.2	 4.7	 7.45	 8.56	 14.4	 10.4	 27.1	 11.4	 7.41	 0.0	 24.6	 18.6
 4.43	 2.67	 7.49	 6.5	 2.31	 7.62	 3.66	 -3.92	 5.16	 -2.17	 2.13	 3.29	 12.2	 4.03	 2.37	 4.9	 0.0	 -2.9	 -1.74	 -1.43
 -0.198	 0.296	 1.86	 6.07	 5.67	 6.24	 3.47	 -3.36	 9.31	 -0.892	 2.41	 -0.663	 11.2	 2.64	 9.44	 0.0	 -1.28	 -2.38	 9.01	 4.97
 -1.06	 0.0	 -1.66	 -4.38	 -1.35	 0.482	 -1.46	 -1.09	 -1.03	 -2.36	 -1.5	 -1.34	 0.137	 -1.98	 -0.0913	 -2.55	 -1.51	 -1.86	 -2.15	 -2.25
 1.47	 2.91	 -0.405	 -1.39	 -1.57	 4.0	 -1.62	 1.33	 0.0	 -3.05	 0.411	 -0.0133	 11.6	 -1.64	 0.474	 1.73	 0.097	 1.46	 -0.09	 -1.18
 5.21	 6.62	 9.56	 9.04	 0.439	 12.8	 0.0	 10.7	 5.93	 5.58	 6.94	 4.21	 17.4	 5.51	 3.75	 9.0	 6.98	 4.21	 -0.219	 0.688
 3.01	 5.71	 2.69	 2.99	 3.13	 5.36	 2.89	 3.64	 2.89	 2.05	 3.57	 3.0	 0.0	 3.13	 3.29	 2.89	 4.76	 3.46	 1.15	 3.23
 3.65	 5.39	 2.49	 4.67	 1.39	 1.32	 1.29	 6.79	 1.74	 1.55	 0.908	 0.728	 22.3	 3.61	 0.0	 4.46	 5.25	 6.56	 0.277	 2.4
 1.11	 0.0	 7.31	 5.52	 2.04	 7.38	 -0.0587	 7.28	 2.38	 3.49	 0.977	 3.19	 28.3	 1.28	 0.815	 4.7	 0.986	 6.96	 4.11	 2.57
 8.42	 7.28	 13.5	 11.9	 3.54	 14.7	 7.23	 0.893	 22.4	 2.62	 7.0	 9.6	 16.6	 10.7	 17.1	 10.6	 5.14	 0.0	 13.7	 8.54
 11.3	 10.8	 12.4	 11.7	 5.95	 18.7	 10.9	 3.95	 18.1	 0.0	 3.87	 9.81	 26.8	 9.22	 13.0	 12.9	 10.7	 4.51	 26.2	 17.0
 9.01	 8.44	 13.4	 9.38	 -1.58	 9.5	 4.9	 3.42	 16.3	 0.0	 4.46	 9.9	 18.4	 7.25	 8.9	 10.6	 7.18	 2.79	 8.06	 1.83
 0.156	 4.7	 14.3	 20.0	 4.78	 0.0	 9.89	 13.2	 21.3	 6.88	 12.5	 7.99	 20.6	 14.8	 16.7	 2.03	 2.85	 7.3	 11.7	 6.45
 1.76	 1.34	 3.13	 1.06	 -2.73	 6.01	 -0.295	 -5.54	 0.0	 -4.25	 -0.809	 -0.425	 3.35	 -0.662	 -2.22	 2.59	 0.236	 -4.84	 -3.18	 -3.98
 5.93	 8.36	 15.0	 14.0	 2.93	 11.4	 5.19	 6.28	 4.98	 2.28	 4.6	 6.96	 25.1	 8.5	 0.0	 9.27	 7.77	 3.51	 2.88	 3.5
 -0.271	 -0.0333	 -0.495	 1.04	 -0.982	 1.04	 -0.837	 -2.94	 0.0	 -4.67	 -0.88	 0.527	 18.3	 0.035	 -2.88	 0.817	 -1.46	 -3.07	 -1.09	 -1.96
 2.88	 7.0	 2.0	 5.08	 10.3	 0.0	 16.9	 10.6	 13.2	 11.0	 7.17	 2.79	 24.4	 8.89	 8.67	 3.84	 5.68	 8.63	 3.12	 11.4
 1.1	 3.77	 -2.63	 -2.31	 1.71	 3.05	 -1.56	 0.454	 0.122	 -0.00267	 1.41	 0.904	 4.42	 1.02	 -0.476	 0.0	 0.66	 0.697	 2.08	 2.51
 1.88	 3.81	 5.98	 4.53	 -2.18	 6.84	 0.309	 0.927	 2.02	 0.00767	 0.271	 3.1	 13.9	 2.65	 2.11	 2.75	 1.38	 0.0	 1.48	 -1.76
 1.75	 4.93	 2.19	 5.47	 1.5	 0.0	 2.63	 9.24	 7.02	 7.43	 3.14	 2.19	 18.6	 6.37	 4.94	 5.21	 11.7	 6.19	 1.43	 4.25
 0.0	 2.8	 1.31	 0.7	 1.64	 3.69	 -2.0	 1.5	 2.12	 1.2	 3.64	 0.776	 7.26	 1.24	 1.94	 1.98	 1.95	 1.88	 1.7	 1.64
 6.23	 6.83	 0.968	 2.43	 4.63	 0.0	 4.24	 7.32	 4.73	 4.58	 5.05	 2.33	 56.9	 4.85	 3.8	 4.91	 6.73	 8.22	 4.83	 4.8
 -2.11	 0.222	 2.4	 0.312	 -2.99	 2.36	 -1.91	 0.196	 -1.67	 -6.71	 -3.13	 -0.656	 8.85	 -3.63	 -2.58	 0.0	 -1.1	 -0.0557	 -3.05	 -3.67
 5.71	 7.98	 8.85	 9.7	 0.0	 11.3	 4.77	 2.17	 8.14	 3.4	 2.14	 7.54	 19.9	 7.8	 5.67	 8.36	 5.44	 2.65	 -4.43	 0.0717
 5.59	 5.88	 5.56	 4.08	 -1.53	 9.38	 2.8	 -0.0707	 4.82	 2.22	 1.13	 4.77	 17.5	 0.0	 1.25	 7.43	 3.82	 0.895	 -1.5	 -0.319
 11.4	 10.6	 13.4	 10.3	 1.39	 13.8	 6.53	 3.96	 15.7	 0.0	 4.55	 10.3	 10.2	 8.77	 13.2	 12.0	 7.69	 6.23	 6.41	 3.94
 3.01	 2.16	 8.05	 7.72	 0.184	 7.93	 3.19	 -0.111	 21.7	 -1.36	 1.92	 2.81	 0.0	 5.52	 17.3	 5.1	 3.41	 -0.175	 24.8	 4.54
 1.18	 2.26	 6.31	 3.09	 -2.05	 0.0	 -0.118	 -0.469	 4.63	 0.0887	 -1.63	 0.643	 17.0	 1.04	 -0.054	 2.35	 2.16	 1.58	 -4.79	 0.319
 7.87	 9.74	 4.49	 8.33	 8.49	 0.0	 6.82	 19.1	 9.44	 11.0	 12.5	 5.29	 34.7	 8.6	 11.1	 4.17	 10.1	 20.7	 7.8	 9.76
 2.11	 3.79	 1.02	 1.25	 2.31	 3.93	 0.0	 0.134	 1.34	 -0.739	 0.801	 1.74	 2.12	 2.01	 -1.14	 1.73	 1.92	 1.02	 0.811	 0.458
 8.72	 9.41	 11.4	 9.15	 1.89	 14.4	 6.42	 2.39	 7.97	 0.0	 5.6	 8.71	 23.0	 6.67	 4.86	 11.0	 8.68	 4.56	 0.786	 3.57
 -0.111	 1.19	 -1.16	 0.0	 -1.76	 0.843	 -1.05	 -0.603	 0.0983	 -2.47	 -0.652	 -0.0513	 4.86	 -0.159	 -2.08	 0.722	 0.458	 -0.0727	 -1.79	 -1.39
 -0.031	 2.22	 -1.32	 -1.33	 0.0	 1.53	 -0.859	 -0.656	 -1.05	 -0.992	 0.596	 -0.0953	 -0.244	 1.22	 -0.133	 -0.815	 -0.107	 -0.271	 -0.603	 0.133
 4.59	 5.71	 2.92	 4.45	 4.6	 0.0	 4.06	 9.31	 4.02	 2.9	 4.58	 1.79	 51.0	 4.98	 3.41	 5.6	 5.81	 10.3	 5.15	 5.54
 3.25	 5.04	 6.53	 0.0	 1.86	 6.47	 4.3	 2.12	 4.88	 2.06	 1.17	 5.73	 13.4	 1.57	 3.55	 5.96	 4.61	 1.85	 -1.3	 2.38
 0.818	 2.94	 0.602	 1.34	 1.7	 1.8	 0.767	 4.08	 1.14	 -0.451	 1.5	 1.37	 6.18	 1.36	 -0.895	 0.173	 0.0	 3.56	 1.48	 2.13
 4.84	 7.99	 6.37	 4.17	 3.45	 10.5	 4.66	 3.49	 6.2	 2.9	 5.55	 4.97	 8.63	 5.73	 4.58	 7.64	 5.91	 4.3	 0.0	 3.66
 3.09	 4.93	 3.89	 0.0	 1.97	 7.22	 2.35	 -0.214	 2.45	 2.22	 3.64	 3.75	 8.8	 1.6	 1.3	 4.19	 2.71	 -0.394	 1.3	 2.6
 1.09	 4.77	 2.13	 0.0	 -0.0963	 4.07	 1.42	 -0.138	 2.02	 0.0983	 1.84	 3.05	 13.9	 0.0537	 2.19	 3.36	 0.767	 0.574	 0.466	 0.459
 -1.63	 0.0	 9.47	 11.5	 10.6	 4.2	 6.3	 6.25	 10.7	 2.35	 8.57	 1.24	 17.7	 5.49	 9.22	 2.94	 -0.702	 -2.3	 29.9	 16.7
 0.0	 3.87	 11.8	 16.1	 27.4	 6.72	 14.1	 17.6	 30.6	 12.2	 12.7	 10.2	 25.6	 13.9	 29.3	 5.39	 5.65	 5.82	 34.2	 22.1
 1.12	 2.5	 1.93	 0.93	 -1.79	 4.31	 -0.739	 -3.05	 -0.46	 -1.72	 -0.853	 1.05	 19.9	 0.0	 -1.65	 2.55	 1.57	 -1.98	 -4.42	 -2.83
 5.91	 8.73	 7.84	 6.72	 3.46	 8.24	 4.78	 3.77	 4.36	 4.24	 5.2	 6.3	 27.0	 5.76	 0.0	 6.92	 5.53	 4.76	 3.71	 4.22
 -2.92	 -1.06	 2.54	 0.0	 -6.26	 2.64	 -3.95	 -2.87	 0.45	 -5.64	 -3.36	 -1.28	 16.5	 -0.651	 -4.44	 0.642	 -1.03	 -4.46	 -7.95	 -7.19
 1.96	 3.3	 6.74	 5.1	 2.28	 8.02	 4.47	 0.314	 18.1	 -1.49	 4.82	 3.65	 19.9	 4.6	 19.2	 5.61	 0.0	 -2.66	 16.5	 8.76
 5.96	 8.75	 9.27	 5.39	 0.526	 8.76	 4.07	 3.68	 5.41	 2.19	 4.85	 7.42	 27.7	 6.37	 5.17	 7.53	 7.08	 4.44	 0.0	 1.35
 -0.192	 2.48	 0.135	 0.0	 1.15	 2.91	 -0.752	 -1.48	 1.15	 -1.99	 0.75	 -0.13	 20.4	 1.11	 -1.47	 2.31	 0.608	 -0.536	 -0.517	 -0.202
 0.031	 1.64	 2.28	 0.0	 -2.7	 4.5	 -1.61	 -2.7	 -0.551	 -4.55	 -2.92	 1.77	 21.4	 -3.8	 -0.926	 2.54	 -0.59	 -2.74	 -6.79	 -1.88
 0.0	 -1.15	 6.58	 6.91	 13.2	 5.83	 10.4	 4.44	 19.7	 0.271	 4.47	 1.37	 12.0	 4.24	 19.0	 2.96	 -1.56	 -2.72	 27.0	 18.2
 0.0	 3.28	 3.03	 2.37	 -2.1	 0.433	 -0.729	 7.84	 1.03	 -0.315	 1.03	 -0.88	 18.1	 1.77	 0.423	 3.11	 5.52	 4.36	 -1.71	 -0.395
 12.3	 10.4	 16.8	 12.5	 2.49	 18.4	 9.33	 2.27	 15.6	 0.0	 4.15	 11.8	 20.1	 5.74	 17.0	 13.2	 8.42	 3.05	 10.1	 4.02
 2.07	 2.16	 3.55	 1.73	 -3.01	 6.05	 0.0	 -3.15	 0.737	 -3.22	 -0.0133	 1.07	 3.1	 1.31	 -1.46	 2.95	 1.82	 -2.57	 -4.48	 -2.49
 12.7	 11.5	 16.1	 14.6	 15.4	 18.0	 17.3	 3.04	 18.5	 0.0	 4.44	 11.6	 14.9	 10.1	 14.7	 14.5	 9.73	 6.41	 19.4	 17.4
 1.44	 1.95	 -0.601	 0.927	 -2.55	 4.1	 0.623	 -2.95	 0.0	 -1.33	 -1.52	 2.57	 12.5	 0.747	 -2.0	 1.87	 -1.22	 -2.83	 -2.41	 -2.67
 3.88	 5.36	 1.32	 3.64	 3.55	 3.15	 1.41	 7.67	 2.4	 2.67	 3.15	 0.0	 18.5	 4.38	 0.968	 4.32	 7.6	 6.16	 3.51	 3.72
 8.82	 7.45	 10.7	 10.4	 11.1	 13.8	 13.8	 1.81	 11.8	 2.44	 1.84	 8.79	 11.7	 7.23	 10.5	 11.4	 6.62	 0.0	 27.5	 17.4
 2.87	 3.62	 -0.229	 4.3	 -0.286	 3.92	 0.0	 1.11	 1.93	 2.03	 2.9	 0.565	 20.9	 4.38	 1.18	 2.37	 1.75	 0.391	 0.523	 1.01
 11.4	 11.6	 12.5	 9.55	 0.0	 15.6	 6.95	 7.57	 9.51	 4.37	 6.85	 10.5	 11.2	 10.5	 9.82	 12.3	 9.87	 7.78	 1.18	 1.8
 0.0	 2.49	 8.49	 7.23	 32.6	 5.74	 15.6	 -0.628	 6.87	 5.19	 3.97	 5.75	 20.2	 6.82	 4.01	 3.01	 -1.94	 2.24	 24.4	 33.6
 -3.24	 2.45	 8.68	 15.3	 7.12	 1.35	 10.3	 8.05	 24.6	 3.47	 10.1	 6.79	 27.0	 14.9	 19.0	 0.0	 4.02	 5.18	 39.7	 10.9
 3.36	 4.04	 5.74	 3.16	 -0.962	 9.41	 2.18	 -0.736	 2.92	 -0.34	 0.16	 3.84	 17.9	 3.3	 2.41	 4.51	 3.9	 0.0	 -2.89	 -0.616
 6.02	 4.91	 13.8	 13.0	 16.8	 13.1	 10.4	 1.17	 18.6	 4.83	 5.18	 7.96	 18.2	 11.5	 11.9	 8.93	 4.92	 0.0	 4.69	 14.7
 6.31	 6.9	 3.48	 3.84	 -0.0747	 10.8	 -0.408	 0.149	 5.58	 1.51	 2.05	 0.0	 17.6	 5.16	 1.82	 6.35	 5.35	 1.57	 0.0557	 0.616
 -1.04	 0.106	 -2.03	 -3.4	 7.35	 5.48	 4.8	 -6.35	 5.08	 -4.81	 -0.618	 -1.81	 5.67	 -1.27	 1.1	 0.0	 -1.53	 -7.72	 4.26	 8.85
 3.69	 4.08	 4.89	 3.26	 0.0	 9.4	 0.742	 0.349	 4.15	 0.661	 2.8	 2.87	 9.79	 2.75	 2.33	 5.33	 4.78	 -0.245	 1.54	 0.578
 4.88	 4.54	 2.64	 4.13	 1.09	 11.2	 2.93	 0.0	 6.52	 0.703	 3.83	 2.69	 14.9	 4.85	 4.5	 5.26	 5.43	 -0.684	 -1.91	 2.21
 1.04	 5.4	 2.14	 0.0	 1.11	 3.25	 1.18	 1.68	 0.642	 0.058	 1.88	 2.54	 1.87	 1.28	 1.16	 0.938	 1.93	 2.03	 0.252	 1.13
 0.139	 2.03	 -0.231	 -1.67	 1.86	 2.27	 0.672	 0.728	 0.0	 -0.265	 0.816	 0.472	 3.22	 -0.367	 0.016	 -0.37	 0.279	 1.13	 1.01	 1.89
 -0.207	 0.866	 -1.7	 0.0	 0.624	 4.48	 -2.1	 -2.38	 -1.14	 -2.76	 -0.111	 -0.965	 11.5	 -0.109	 -0.885	 2.02	 -1.03	 -2.46	 -4.68	 -1.86
 3.3	 4.96	 -0.364	 1.69	 3.34	 1.31	 1.82	 7.78	 1.75	 2.79	 3.33	 0.0	 14.8	 1.99	 2.39	 3.52	 6.28	 5.51	 3.53	 2.78
 8.96	 7.94	 9.69	 9.11	 0.644	 13.9	 6.03	 1.54	 7.26	 4.81	 6.32	 7.96	 25.9	 6.32	 7.45	 9.48	 6.44	 2.8	 -1.89	 0.0
 4.83	 5.98	 4.63	 5.47	 3.63	 9.63	 0.0	 4.4	 6.27	 2.83	 5.1	 3.17	 16.9	 5.48	 5.2	 6.08	 8.36	 6.05	 -1.41	 3.34
 4.49	 6.33	 8.22	 4.66	 1.48	 9.91	 5.04	 2.47	 5.5	 1.04	 1.51	 7.38	 20.2	 4.94	 3.33	 6.87	 6.41	 1.83	 -0.0877	 0.0
 4.45	 4.77	 3.27	 3.0	 -1.04	 9.05	 1.57	 -1.05	 2.37	 -1.28	 1.64	 2.12	 14.1	 3.87	 1.74	 4.62	 3.09	 0.0	 -2.85	 -0.769
 3.24	 2.58	 3.51	 0.147	 -2.23	 7.76	 -1.42	 -7.56	 3.09	 -5.49	 -2.28	 1.58	 11.7	 0.405	 0.278	 4.47	 0.0	 -5.4	 -7.23	 -4.49
 8.01	 7.73	 10.5	 9.68	 -1.2	 12.9	 4.39	 0.0	 8.76	 2.26	 5.55	 7.31	 15.8	 7.45	 5.76	 11.0	 7.23	 1.93	 -2.84	 -1.15
 9.2	 8.94	 12.8	 10.3	 -3.5	 17.2	 2.91	 -1.53	 12.2	 0.0	 2.11	 7.99	 17.6	 7.74	 10.3	 11.9	 7.23	 0.134	 -2.6	 -0.649
 9.1	 7.48	 14.7	 10.6	 4.5	 16.1	 13.8	 0.732	 13.3	 2.73	 0.0	 9.63	 20.3	 7.27	 12.9	 11.8	 6.41	 1.71	 12.9	 8.25
 0.414	 1.51	 6.24	 4.38	 -3.85	 5.14	 -0.875	 -4.7	 0.0	 -4.38	 -1.73	 1.99	 18.3	 -1.74	 -4.94	 2.92	 1.21	 -2.94	 -4.26	 -4.14
 -2.03	 1.73	 9.82	 16.3	 24.1	 0.0	 20.3	 18.3	 34.3	 13.4	 12.2	 4.78	 13.8	 16.8	 29.3	 4.57	 11.2	 4.79	 28.6	 28.9
 0.879	 1.5	 0.631	 0.0	 -2.58	 4.67	 -0.473	 -1.45	 1.07	 -1.84	 -0.65	 1.01	 6.84	 0.0327	 1.48	 2.53	 1.29	 -1.67	 -5.98	 -2.65
 7.13	 7.28	 10.9	 13.0	 11.9	 12.8	 11.4	 0.656	 20.7	 3.81	 7.55	 7.34	 20.3	 10.4	 18.7	 9.55	 5.66	 0.0	 20.2	 14.0
 3.79	 3.99	 0.0	 4.73	 4.2	 9.8	 4.67	 0.297	 3.38	 0.592	 2.4	 0.775	 15.2	 4.61	 4.56	 4.19	 5.03	 0.646	 2.85	 4.15
 1.54	 0.861	 -0.475	 -1.89	 1.65	 3.46	 -0.299	 0.101	 1.58	 -1.84	 -1.18	 0.106	 2.7	 -0.448	 1.23	 0.922	 -0.946	 0.0	 -1.26	 1.11
 -0.0573	 1.68	 0.485	 0.5	 0.346	 1.07	 -0.568	 1.34	 -0.0997	 -0.932	 0.401	 -1.6	 8.21	 0.591	 -5.07	 -1.04	 0.0	 1.6	 0.411	 0.773
 2.32	 2.08	 -2.13	 1.19	 -1.31	 -0.129	 0.0	 3.09	 1.04	 1.13	 1.46	 -0.848	 7.67	 0.877	 2.06	 -0.368	 -1.06	 -0.365	 -1.56	 -1.13
 4.77	 5.3	 0.0	 3.27	 2.82	 7.19	 2.55	 3.06	 4.52	 3.32	 3.02	 2.88	 5.96	 4.99	 3.42	 4.91	 4.27	 3.57	 3.74	 3.43
 -1.06	 1.22	 0.752	 0.271	 -3.49	 2.62	 -2.86	 1.25	 2.17	 -3.68	 -0.899	 0.093	 2.3	 0.447	 0.658	 0.0	 -0.739	 -1.44	 -4.71	 -3.62
 2.19	 3.33	 3.24	 0.0	 6.74	 4.25	 -0.425	 -0.467	 2.15	 0.0323	 1.01	 1.22	 11.3	 -1.27	 0.254	 3.04	 1.32	 -0.0477	 -0.08	 1.51
 -1.3	 3.57	 5.84	 4.85	 14.5	 4.78	 3.6	 5.46	 7.34	 5.06	 4.11	 4.1	 0.0	 1.09	 10.8	 1.46	 0.202	 2.48	 8.14	 17.4
 3.8	 4.4	 2.07	 3.2	 0.157	 8.4	 -0.301	 -0.546	 0.0	 0.868	 1.89	 4.17	 12.5	 3.63	 0.446	 4.79	 3.88	 1.37	 0.371	 -1.01
 2.42	 3.29	 3.15	 3.09	 2.76	 6.77	 1.23	 0.363	 4.78	 0.474	 0.747	 0.0	 3.4	 2.91	 2.73	 3.98	 1.97	 -0.936	 2.17	 4.71
 2.39	 3.04	 6.16	 2.63	 4.4	 5.98	 3.86	 0.805	 2.11	 -1.65	 0.225	 1.09	 11.6	 2.87	 0.96	 4.07	 -0.599	 0.0	 1.96	 8.01
 0.301	 1.41	 -0.471	 0.0	 -4.12	 5.74	 -3.24	 -2.61	 -0.875	 -2.87	 -1.49	 -0.378	 9.92	 -1.94	 -3.17	 2.46	 -0.685	 -2.94	 -2.58	 -4.07
 1.26	 4.0	 2.25	 1.19	 3.0	 3.78	 0.231	 2.24	 0.953	 0.944	 2.72	 3.22	 0.0	 3.0	 0.844	 1.1	 1.63	 1.66	 0.853	 3.08
 2.12	 3.95	 0.839	 0.0	 0.078	 3.18	 -2.37	 2.6	 1.14	 0.617	 0.477	 1.09	 5.53	 0.306	 1.73	 0.787	 0.933	 2.38	 -1.75	 1.37
 3.49	 4.73	 5.29	 4.24	 0.79	 5.99	 0.638	 1.44	 0.0	 0.682	 2.86	 1.66	 14.4	 3.34	 0.297	 3.73	 2.19	 1.44	 1.83	 1.14
 2.89	 1.92	 6.29	 8.44	 -2.07	 9.54	 2.17	 -2.87	 7.4	 -1.58	 2.06	 0.0	 21.4	 4.54	 6.57	 5.0	 1.21	 -2.4	 -1.78	 -1.23
 0.576	 3.23	 2.2	 0.0	 0.096	 2.85	 0.215	 -0.024	 1.82	 -0.826	 1.04	 2.43	 9.62	 1.71	 1.75	 1.75	 1.71	 -0.593	 -0.167	 0.641
 0.188	 1.29	 -0.975	 0.554	 -5.73	 0.165	 -1.81	 -0.182	 -0.474	 -0.082	 -0.342	 -1.02	 13.4	 1.53	 -1.9	 0.0	 -0.181	 0.089	 -4.84	 -4.06
 18.3	 17.8	 20.2	 18.8	 5.31	 24.2	 11.7	 15.2	 18.4	 9.15	 12.6	 16.2	 18.6	 14.9	 13.3	 20.0	 17.8	 16.5	 0.0	 7.19
 0.133	 0.775	 -1.1	 0.0	 -0.355	 2.83	 -2.25	 -3.08	 0.115	 -1.63	 -2.52	 2.0	 4.55	 0.356	 -0.895	 0.184	 -0.788	 -2.81	 -4.91	 -4.39
 19.6	 19.1	 21.1	 20.0	 6.17	 24.9	 15.5	 15.2	 21.1	 13.9	 12.2	 17.7	 20.8	 18.2	 15.7	 20.5	 20.2	 17.7	 0.0	 7.82
 7.11	 5.28	 10.4	 7.5	 0.982	 13.5	 4.33	 1.03	 6.43	 2.24	 3.91	 6.82	 13.9	 6.47	 3.94	 8.74	 4.18	 0.0	 -0.62	 2.06
 1.36	 4.11	 5.44	 3.48	 0.399	 5.41	 2.1	 1.64	 2.16	 0.342	 1.61	 3.42	 0.0	 4.07	 1.66	 3.43	 3.53	 1.33	 1.91	 0.858
 15.3	 19.3	 18.8	 16.3	 8.49	 19.9	 13.2	 10.8	 19.8	 14.4	 12.2	 17.5	 29.9	 15.7	 13.6	 18.8	 17.2	 14.3	 0.0	 8.42
 4.28	 5.57	 0.413	 0.0	 3.36	 6.02	 0.204	 2.81	 3.45	 3.24	 4.33	 3.85	 6.25	 2.74	 3.65	 3.5	 4.11	 3.98	 -0.391	 3.17
 -0.824	 1.2	 -0.474	 0.0	 -0.225	 2.01	 -1.28	 2.24	 -0.973	 -1.36	 -0.095	 -1.16	 16.3	 0.231	 -0.39	 0.353	 0.36	 0.0707	 -0.77	 0.182
 5.35	 8.08	 10.3	 10.3	 9.18	 10.5	 10.6	 3.36	 14.7	 0.0	 4.56	 7.02	 17.2	 7.94	 13.7	 9.36	 7.82	 2.94	 8.19	 10.4
 2.91	 4.2	 5.26	 2.46	 -3.48	 5.04	 -0.126	 3.96	 3.29	 0.911	 -0.051	 3.47	 0.0	 0.543	 1.93	 3.61	 3.16	 1.06	 -2.83	 -3.76
 1.88	 3.8	 0.707	 1.93	 2.24	 3.44	 -1.82	 3.91	 2.76	 2.34	 1.86	 2.67	 0.0	 3.19	 1.66	 1.3	 1.97	 4.06	 3.57	 2.72
 3.01	 5.32	 1.74	 -1.2	 2.43	 5.96	 3.58	 2.45	 4.04	 0.0	 4.92	 2.82	 3.79	 3.25	 3.57	 3.48	 5.53	 3.68	 2.63	 4.34
 2.62	 4.35	 0.0	 -0.507	 2.76	 4.35	 -0.0753	 2.76	 1.73	 1.82	 3.0	 2.73	 5.07	 0.899	 1.99	 1.25	 2.84	 2.95	 2.2	 3.34
 1.71	 3.03	 2.12	 2.55	 1.15	 5.01	 1.75	 2.28	 -0.267	 0.962	 0.935	 2.01	 15.3	 0.0	 0.645	 3.68	 3.1	 0.844	 1.19	 1.41
 12.5	 10.2	 18.1	 17.4	 11.3	 18.8	 12.0	 7.56	 18.6	 0.0	 7.11	 9.33	 29.3	 8.93	 20.1	 15.6	 12.1	 8.49	 22.0	 15.1
 7.88	 9.96	 10.1	 9.0	 0.0	 12.3	 5.84	 5.97	 10.8	 3.71	 5.18	 9.46	 22.3	 8.32	 10.6	 9.59	 9.43	 5.75	 0.169	 1.06
 8.02	 9.68	 9.36	 8.62	 6.6	 10.6	 9.16	 3.21	 10.1	 2.91	 5.44	 8.39	 10.1	 9.11	 8.42	 10.2	 9.01	 5.55	 0.0	 5.82
 -4.8	 -2.18	 -5.84	 -5.84	 -7.61	 0.0	 -7.17	 -8.93	 -3.75	 -10.3	 -7.81	 -5.61	 0.0497	 -6.14	 -6.9	 -3.39	 -5.01	 -6.82	 -12.8	 -7.36
 10.8	 12.6	 12.0	 12.4	 6.05	 17.2	 9.92	 8.91	 20.2	 0.0	 7.9	 10.9	 16.4	 9.76	 19.6	 13.8	 10.2	 6.78	 14.7	 13.3
 3.16	 6.18	 11.2	 5.77	 2.35	 9.01	 3.35	 3.11	 3.42	 0.589	 3.06	 7.11	 21.5	 3.49	 0.0	 7.09	 5.78	 2.09	 0.84	 2.93
 -2.44	 0.0	 2.53	 2.23	 -4.33	 3.38	 -2.27	 -6.05	 4.41	 -4.81	 -2.61	 -0.202	 14.7	 1.42	 -0.341	 1.52	 -1.39	 -3.7	 -2.03	 -2.99
 8.56	 11.8	 14.7	 11.1	 5.84	 14.7	 11.5	 5.97	 17.7	 0.0	 6.03	 11.4	 26.3	 8.17	 17.6	 12.3	 9.89	 5.39	 5.89	 7.13
 -1.55	 3.17	 3.07	 0.993	 -3.68	 3.91	 -1.42	 2.18	 0.0	 -3.59	 -0.879	 1.17	 19.0	 0.392	 -2.44	 1.39	 -0.521	 -2.28	 -3.59	 -3.17
 -1.07	 -0.034	 2.11	 0.0	 -1.96	 3.19	 -0.635	 -2.16	 0.501	 -0.782	 -0.603	 0.303	 19.1	 0.374	 0.0417	 2.2	 0.74	 -1.88	 -4.78	 -1.68
 4.54	 5.21	 8.04	 7.97	 5.29	 8.69	 8.13	 5.69	 12.0	 -1.31	 1.38	 4.25	 17.6	 0.0	 7.29	 7.1	 6.14	 2.9	 6.13	 3.72
 4.26	 4.65	 2.93	 3.44	 4.19	 0.0	 2.47	 10.2	 2.03	 3.09	 3.84	 1.29	 49.4	 2.83	 1.27	 5.07	 6.91	 6.27	 4.23	 4.25
 11.5	 13.2	 13.7	 14.9	 -0.836	 16.1	 6.8	 15.5	 13.8	 11.0	 8.33	 12.4	 24.5	 12.1	 12.0	 14.0	 13.5	 16.2	 1.85	 0.0
 6.77	 5.41	 0.0	 3.44	 4.49	 11.2	 4.01	 0.681	 6.09	 4.09	 5.04	 1.54	 14.9	 5.73	 4.82	 6.27	 4.38	 0.809	 1.67	 4.8
 -0.699	 2.47	 7.69	 8.91	 6.39	 6.05	 11.2	 2.33	 18.6	 1.31	 3.39	 3.15	 0.0	 6.64	 7.19	 3.32	 3.61	 3.77	 12.1	 11.8
 9.05	 10.8	 9.03	 8.93	 0.0	 10.3	 5.9	 11.6	 11.2	 6.39	 6.53	 8.0	 20.8	 9.18	 7.53	 9.69	 8.56	 10.3	 1.39	 2.88
 1.27	 1.69	 -2.32	 2.52	 1.39	 3.0	 1.35	 -1.02	 0.0	 -2.48	 -2.07	 -1.43	 10.7	 0.419	 -0.084	 0.695	 -0.797	 -1.64	 0.25	 2.51
 2.29	 3.55	 -1.83	 0.0	 0.149	 2.3	 -1.94	 0.971	 0.001	 -0.313	 0.526	 -0.426	 3.99	 1.49	 0.492	 -0.044	 -0.875	 0.865	 -0.321	 0.21
 2.58	 4.37	 0.0	 2.69	 2.12	 3.42	 0.28	 3.48	 2.66	 0.801	 2.8	 0.0977	 8.14	 3.66	 3.21	 2.1	 1.44	 2.35	 1.59	 1.87
 6.6	 7.39	 4.81	 5.27	 0.265	 9.56	 1.13	 4.23	 4.58	 0.0	 5.49	 4.44	 11.7	 5.46	 5.45	 6.92	 5.12	 5.04	 2.11	 -0.777
 -1.06	 2.29	 -0.328	 -0.243	 -3.33	 1.13	 -2.71	 -1.06	 -2.66	 -2.25	 -1.16	 0.0	 3.77	 -2.08	 -2.3	 -1.49	 -0.0877	 0.206	 -4.27	 -4.83
 8.44	 8.87	 10.8	 8.69	 3.93	 13.0	 0.0	 4.84	 10.2	 3.27	 4.99	 7.7	 12.6	 6.57	 11.3	 9.57	 9.04	 5.97	 -3.72	 3.91
 9.52	 8.96	 11.0	 9.08	 8.38	 12.2	 9.43	 4.31	 10.8	 0.0	 6.24	 7.09	 24.5	 8.98	 7.69	 10.4	 7.38	 5.98	 14.7	 8.57
 1.98	 2.99	 -0.612	 1.22	 0.558	 4.56	 1.31	 -0.94	 0.586	 -0.569	 0.73	 0.306	 9.67	 2.05	 -0.057	 1.38	 2.65	 0.0	 0.0717	 1.29
 3.35	 4.65	 0.104	 2.26	 2.26	 0.0	 1.13	 8.66	 1.55	 2.51	 2.84	 -0.61	 22.1	 3.16	 2.25	 3.24	 6.49	 7.28	 2.67	 2.98
 7.54	 8.64	 5.89	 6.28	 1.46	 11.1	 4.22	 4.84	 8.51	 2.42	 5.53	 5.79	 20.2	 6.99	 8.5	 7.82	 9.0	 4.22	 -0.799	 0.0
 1.79	 3.23	 -2.0	 -0.656	 1.53	 3.42	 0.559	 0.748	 0.0	 -0.618	 1.0	 0.349	 6.94	 -0.234	 0.489	 0.731	 -0.825	 -0.231	 1.69	 1.17
 3.04	 3.7	 2.18	 2.03	 -2.11	 0.0	 -0.984	 7.32	 0.788	 2.11	 0.328	 -0.39	 0.366	 2.46	 0.683	 4.09	 6.93	 6.11	 -2.98	 -1.48
 -0.043	 1.84	 -0.858	 -0.659	 -2.45	 0.875	 -2.03	 -0.126	 0.0177	 -1.44	 -0.118	 0.0	 1.97	 -1.29	 -2.02	 -1.01	 -1.4	 0.437	 -3.89	 -2.69
 1.7	 4.63	 -5.99	 0.818	 1.33	 4.66	 0.0	 -8.4	 0.294	 1.96	 -2.4	 1.15	 1.39	 -10.6	 -0.0667	 -1.75	 0.272	 -7.59	 -5.58	 5.86
Nan	Nan	Nan	Nan	Nan	Nan	Nan	Nan	Nan	Nan	Nan	Nan	Nan	Nan	Nan	Nan	Nan	Nan	Nan	Nan
