Residue  Number    Total   Apolar  Backbone Sidechain Ratio(%)
 ARG     14   223.13   109.05    27.57   195.57    100.0    
 ARG     15   105.18    39.11     7.18    98.00     50.1    
 TYR     16   102.30    64.06     4.34    97.96     50.7    
 GLN     17    71.89     8.43    17.93    53.96     37.6    
 GLU     18    31.36    10.42     9.65    21.71     15.4    
 ASP     19   100.54    37.05    30.35    70.19     62.1    
 GLY     20    68.42    35.77    68.42     0.00     78.5    
 PHE     21    83.85    69.03    29.11    54.74     30.4    
 ASP     22    96.71    29.60    14.88    81.83     72.4    
 LEU     23    13.41    13.41     1.75    11.66      8.0    
 ASP     24    32.49    11.81     0.24    32.25     28.5    
 LEU     25     0.49     0.10     0.39     0.10      0.1    
 THR     26     3.44     3.44     2.02     1.42      1.3    
 TYR     27    39.59    38.20     1.08    38.51     19.9    
 ILE     28     6.52     0.00     6.52     0.00      0.0    
 TYR     29    36.99    36.21     5.36    31.63     16.4    
 PRO     30   114.09   109.51    11.45   102.64     97.6    
 ASN     31    41.62     9.54     0.25    41.38     36.2    
 ILE     32     5.99     5.99     0.00     5.99      4.1    
 ILE     33     0.00     0.00     0.00     0.00      0.0    
 ALA     34     0.00     0.00     0.00     0.00      0.0    
 MET     35     0.00     0.00     0.00     0.00      0.0    
 GLY     36     2.05     2.05     2.05     0.00      2.4    
 PHE     37     7.10     5.07     2.05     5.05      2.8    
 PRO     38     0.00     0.00     0.00     0.00      0.0    
 ALA     39     1.04     0.74     0.36     0.69      1.1    
 GLU     40    93.03    29.00    26.30    66.72     47.3    
 ARG     41   190.84    87.36    10.07   180.77     92.5    
 LEU     42    79.45    75.10     4.35    75.10     51.4    
 GLU     43   123.71    46.35    13.95   109.77     77.7    
 GLY     44    66.83    47.58    66.83     0.00     76.6    
 VAL     45    91.43    83.93    14.75    76.68     62.7    
 TYR     46    29.42    24.85     5.07    24.36     12.6    
 ARG     47   180.11    74.06    15.84   164.27     84.0    
 ASN     48     5.78     3.21     3.16     2.63      2.3    
 ASN     49    59.73     5.01     0.63    59.10     51.7    
 ILE     50     4.56     4.56     0.00     4.56      3.1    
 ASP     51    64.65    14.92     1.62    63.03     55.8    
 ASP     52    45.27     3.52     0.00    45.27     40.1    
 VAL     53     0.00     0.00     0.00     0.00      0.0    
 VAL     54    23.14    23.14     0.00    23.14     18.9    
 ARG     55   131.63    69.96     6.77   124.86     63.9    
 PHE     56     0.00     0.00     0.00     0.00      0.0    
 LEU     57     0.00     0.00     0.00     0.00      0.0    
 ASP     58    45.25    27.53     5.98    39.27     34.8    
 SER     59    80.59    52.74    41.11    39.48     51.0    
 LYS     60    97.55    63.22    29.79    67.76     41.2    
 HIS     61    24.44    18.04     6.48    17.97     11.6    
 LYS     62   149.21   108.18     5.16   144.04     87.6    
 ASN     63    92.69    35.83     9.85    82.83     72.5    
 HIS     64    61.27    42.64     0.07    61.20     39.6    
 TYR     65     1.72     0.14     1.58     0.14      0.1    
 LYS     66    22.24     2.34     0.00    22.24     13.5    
 ILE     67     0.00     0.00     0.00     0.00      0.0    
 TYR     68     0.00     0.00     0.00     0.00      0.0    
 ASN     69     0.49     0.00     0.02     0.46      0.4    
 LEU     70     0.00     0.00     0.00     0.00      0.0    
 CYS     71     5.06     0.00     3.39     1.66      1.6    
 ALA     72    40.75    16.66    26.28    14.47     22.3    
 GLU     73    80.91    45.69    30.71    50.20     35.6    
 ARG     74   130.96    56.78     6.42   124.54     63.7    
 HIS     75    76.30    55.17    19.37    56.93     36.8    
 TYR     76     6.69     5.90     6.69     0.00      0.0    
 ASP     77   113.28    34.01     9.09   104.20     92.2    
 THR     78    48.42     9.98     8.76    39.66     37.3    
 ALA     79    84.99    66.63    34.64    50.35     77.6    
 LYS     80   101.70    78.35    14.97    86.73     52.7    
 PHE     81     4.85     0.00     4.85     0.00      0.0    
 ASN     82    90.64    30.88    15.63    75.01     65.6    
 CYS     83    39.95    22.13    36.70     3.24      3.2    
 ARG     84   149.84    75.13     7.80   142.04     72.7    
 VAL     85     8.02     3.41     4.62     3.40      2.8    
 ALA     86     9.48     9.48     1.63     7.85     12.1    
 GLN     87    94.74    16.57    21.95    72.79     50.7    
 TYR     88    30.29    18.54     0.61    29.67     15.4    
 PRO     89    67.22    54.69    12.53    54.69     52.0    
 PHE     90    14.04    14.04     5.68     8.35      4.6    
 GLU     91    74.36    34.38     0.29    74.06     52.5    
 ASP     92    54.59    24.33     8.96    45.63     40.4    
 HIS     93   114.36    90.00     3.99   110.37     71.4    
 ASN     94    23.66     2.24     0.71    22.95     20.1    
 PRO     95     8.23     1.27     6.97     1.27      1.2    
 PRO     96     1.63     0.99     1.63     0.00      0.0    
 GLN     97    97.29    22.52     2.20    95.09     66.2    
 LEU     98     4.54     3.50     1.04     3.50      2.4    
 GLU     99   105.29    34.87     8.27    97.02     68.7    
 LEU    100    41.59    41.57     3.01    38.58     26.4    
 ILE    101     0.31     0.31     0.00     0.31      0.2    
 LYS    102    96.77    73.04     0.03    96.73     58.8    
 PRO    103    62.95    60.57     4.20    58.75     55.8    
 PHE    104     0.00     0.00     0.00     0.00      0.0    
 CYS    105     0.00     0.00     0.00     0.00      0.0    
 GLU    106    76.23    30.42     4.36    71.87     50.9    
 ASP    107    32.68    16.81    10.04    22.64     20.0    
 LEU    108     0.00     0.00     0.00     0.00      0.0    
 ASP    109    41.60     0.35     0.13    41.47     36.7    
 GLN    110    93.42    34.86     2.28    91.14     63.4    
 TRP    111    24.48    24.48     0.00    24.48     10.9    
 LEU    112    18.33     7.22    11.12     7.22      4.9    
 SER    113    70.47    51.28    29.25    41.22     53.3    
 GLU    114   108.90    61.82    22.80    86.10     61.0    
 ASP    115    62.26    25.98    38.04    24.22     21.4    
 ASP    116    93.70    18.60    33.31    60.39     53.4    
 ASN    117    25.01     2.72     2.72    22.29     19.5    
 HIS    118    68.86    55.41     0.00    68.86     44.5    
 VAL    119     6.42     6.42     0.00     6.42      5.2    
 ALA    120     0.00     0.00     0.00     0.00      0.0    
 ALA    121     0.01     0.01     0.00     0.01      0.0    
 ILE    122     0.00     0.00     0.00     0.00      0.0    
 HIS    123     0.00     0.00     0.00     0.00      0.0    
 CYS    124     4.86     0.00     0.00     4.86      4.8    
 LYS    125    39.52    17.97     2.61    36.90     22.4    
 ALA    126    46.97    40.96     8.24    38.73     59.7    
 GLY    127     1.19     0.00     1.19     0.00      1.4    
 LYS    128    87.80    83.55     0.27    87.53     53.2    
 GLY    129    10.09     8.85    10.09     0.00     11.6    
 ARG    130     7.19     3.11     0.56     6.63      3.4    
 THR    131     0.00     0.00     0.00     0.00      0.0    
 GLY    132     0.00     0.00     0.00     0.00      0.0    
 VAL    133     0.00     0.00     0.00     0.00      0.0    
 MET    134     0.00     0.00     0.00     0.00      0.0    
 ILE    135     0.00     0.00     0.00     0.00      0.0    
 CYS    136     0.00     0.00     0.00     0.00      0.0    
 ALA    137     0.00     0.00     0.00     0.00      0.0    
 TYR    138     6.39     2.45     0.00     6.39      3.3    
 LEU    139     1.95     1.95     0.00     1.95      1.3    
 LEU    140    10.76     1.63     9.16     1.60      1.1    
 HIS    141    48.45    23.73    18.54    29.90     19.3    
 ARG    142   146.16    39.70    19.00   127.16     65.0    
 GLY    143    42.16    22.98    42.16     0.00     48.3    
 LYS    144   117.60    65.86    19.52    98.08     59.6    
 PHE    145    37.90    37.78     1.95    35.95     20.0    
 LEU    146   136.85   129.59     9.16   127.68     87.3    
 LYS    147   126.69    90.14     2.03   124.66     75.8    
 ALA    148     3.00     2.12     0.88     2.12      3.3    
 GLN    149   100.77    22.34     0.15   100.62     70.0    
 GLU    150    67.68    36.32     9.44    58.24     41.2    
 ALA    151     0.00     0.00     0.00     0.00      0.0    
 LEU    152     4.47     0.39     4.08     0.39      0.3    
 ASP    153    70.53    26.32     7.95    62.58     55.4    
 PHE    154    57.22    57.22     3.13    54.08     30.0    
 TYR    155     0.00     0.00     0.00     0.00      0.0    
 GLY    156     2.47     2.47     2.47     0.00      2.8    
 GLU    157    77.34    15.54     0.89    76.45     54.1    
 VAL    158    28.45    28.45     0.98    27.46     22.5    
 ARG    159    10.17     5.49     0.26     9.91      5.1    
 THR    160    12.67    12.42     0.25    12.42     11.7    
 ARG    161   139.76    62.73    28.98   110.77     56.7    
 ASP    162    73.48    38.80    15.77    57.71     51.1    
 LYS    163   145.82    88.33    21.00   124.82     75.9    
 LYS    164   113.69    74.64     0.85   112.83     68.6    
 GLY    165     3.34     1.07     3.34     0.00      3.8    
 VAL    166     3.44     0.18     3.26     0.18      0.1    
 THR    167    37.46    25.66     8.36    29.10     27.4    
 ILE    168    30.20    30.20     0.32    29.88     20.3    
 PRO    169    11.56    10.55     1.63     9.93      9.4    
 SER    170     0.09     0.09     0.00     0.09      0.1    
 GLN    171     0.57     0.00     0.00     0.57      0.4    
 ARG    172    60.97    32.48     0.00    60.97     31.2    
 ARG    173    30.38    21.53     6.45    23.93     12.2    
 TYR    174     0.07     0.07     0.00     0.07      0.0    
 VAL    175     0.00     0.00     0.00     0.00      0.0    
 TYR    176    94.90    84.79     2.61    92.29     47.8    
 TYR    177    20.92    18.76     0.51    20.41     10.6    
 TYR    178     3.86     2.91     0.00     3.86      2.0    
 SER    179     5.63     3.11     1.16     4.48      5.8    
 TYR    180    98.71    64.47     1.15    97.56     50.5    
 LEU    181     9.01     8.70     0.31     8.70      6.0    
 LEU    182    54.31    51.04     6.95    47.36     32.4    
 LYS    183   125.09    95.21    27.32    97.77     59.4    
 ASN    184    60.66    13.56    21.21    39.45     34.5    
 HIS    185   161.65   119.85    29.09   132.57     85.7    
 LEU    186    77.61    68.27    13.53    64.08     43.8    
 ASP    187   108.01    34.38    10.30    97.71     86.5    
 TYR    188    34.36    15.26    16.25    18.10      9.4    
 ARG    189   170.47    75.89     1.14   169.33     86.6    
 PRO    190    95.65    78.22    17.43    78.22     74.4    
 VAL    191    42.89    42.89     3.70    39.19     32.0    
 ALA    192    47.41    42.12     5.29    42.12     64.9    
 LEU    193     0.31     0.04     0.27     0.04      0.0    
 LEU    194    53.88    53.88     0.00    53.88     36.9    
 PHE    195     0.14     0.14     0.00     0.14      0.1    
 HIS    196    43.72    28.36     5.24    38.48     24.9    
 LYS    197    31.65     8.29     0.00    31.65     19.2    
 MET    198     0.00     0.00     0.00     0.00      0.0    
 MET    199    18.13    18.13     0.00    18.13     11.5    
 PHE    200     0.00     0.00     0.00     0.00      0.0    
 GLU    201    41.55     7.94     1.09    40.46     28.7    
 THR    202    31.35    30.80     0.01    31.34     29.5    
 ILE    203    21.94    15.83     6.28    15.66     10.6    
 PRO    204     0.12     0.12     0.12     0.00      0.0    
 MET    205    63.81    58.97     5.15    58.66     37.1    
 PHE    206    38.11    14.14    28.34     9.77      5.4    
 SER    207    42.26    18.31    15.74    26.52     34.3    
 GLY    208    85.78    57.06    85.78     0.00     98.4    
 GLY    209    46.34    33.65    46.34     0.00     53.1    
 THR    210    54.49    34.95     0.00    54.49     51.3    
 CYS    211     7.60     0.82     7.60     0.00      0.0    
 ASN    212    65.84     6.51     0.97    64.88     56.8    
 PRO    213     0.19     0.07     0.12     0.07      0.1    
 GLN    214     9.50     1.03     0.37     9.13      6.4    
 PHE    215     5.56     5.56     0.00     5.56      3.1    
 VAL    216    29.15    28.47     0.67    28.47     23.3    
 VAL    217     0.00     0.00     0.00     0.00      0.0    
 CYS    218    24.08     1.52     0.00    24.08     23.5    
 GLN    219    43.93     3.08     0.27    43.66     30.4    
 LEU    220    84.89    82.82     4.89    80.01     54.7    
 LYS    221   176.37   110.59    33.30   143.07     87.0    
 VAL    222    98.18    98.18     3.69    94.49     77.3    
 LYS    223   149.85    91.30    14.21   135.64     82.5    
 ILE    224    60.44    38.19    30.15    30.30     20.6    
 TYR    225    54.73    40.95     7.04    47.68     24.7    
 SER    226    72.40    33.67    19.86    52.54     67.9    
 SER    227    15.64     8.81     8.83     6.81      8.8    
 ASN    228   119.12    58.93    17.07   102.06     89.3    
 SER    229    52.02    34.19    13.83    38.19     49.3    
 GLY    230    22.46    16.76    22.46     0.00     25.8    
 PRO    231    35.50    17.43    18.09    17.41     16.6    
 THR    232    78.82    51.97    39.90    38.92     36.6    
 ARG    233   105.48    73.50     7.64    97.84     50.0    
 ARG    234   114.60    52.15    24.05    90.55     46.3    
 GLU    235    79.99    45.32     9.10    70.89     50.2    
 ASP    236    99.17    43.85     9.63    89.54     79.2    
 LYS    237   127.61    87.00     0.71   126.89     77.1    
 PHE    238    59.52    59.52     0.00    59.52     33.0    
 MET    239     4.70     4.70     0.00     4.70      3.0    
 TYR    240    22.78     8.63     0.00    22.78     11.8    
 PHE    241     2.78     2.68     0.41     2.37      1.3    
 GLU    242    66.83    18.59     8.05    58.78     41.6    
 PHE    243    12.82     1.18    11.81     1.01      0.6    
 PRO    244    98.74    78.59    34.67    64.07     60.9    
 GLN    245   128.06    68.32     4.61   123.45     85.9    
 PRO    246    62.79    55.68     7.42    55.37     52.6    
 LEU    247    13.06    13.06     2.38    10.69      7.3    
 PRO    248    95.59    92.37     3.23    92.36     87.8    
 VAL    249     2.76     1.98     2.76     0.00      0.0    
 CYS    250    42.32    18.24     7.29    35.03     34.2    
 GLY    251    13.53    13.53    13.53     0.00     15.5    
 ASP    252    10.06     1.15     1.50     8.56      7.6    
 ILE    253     3.43     3.43     0.00     3.43      2.3    
 LYS    254    43.04     9.36     0.02    43.03     26.2    
 VAL    255     0.36     0.36     0.00     0.36      0.3    
 GLU    256    27.29     2.09     0.00    27.29     19.3    
 PHE    257     0.03     0.00     0.03     0.00      0.0    
 PHE    258    21.21    21.21     0.00    21.21     11.8    
 HIS    259     0.47     0.47     0.00     0.47      0.3    
 LYS    260    66.99    47.95     3.55    63.44     38.6    
 GLN    261    44.34    14.74     6.61    37.73     26.3    
 ASN    262    92.57    43.07    15.02    77.55     67.8    
 LYS    263   195.49   141.34    36.12   159.38     96.9    
 MET    264   111.29    99.00    21.23    90.07     56.9    
 LEU    265   190.76   171.01    27.66   163.11    100.0    
 LYS    266   134.40    94.91    14.20   120.20     73.1    
 LYS    267    78.71    25.70    14.03    64.69     39.3    
 ASP    268    60.14    18.07     5.85    54.29     48.0    
 LYS    269    97.57    84.55     4.00    93.57     56.9    
 MET    270     0.62     0.00     0.62     0.00      0.0    
 PHE    271     0.60     0.48     0.60     0.00      0.0    
 HIS    272    31.53    18.71     0.00    31.53     20.4    
 PHE    273     0.79     0.79     0.00     0.79      0.4    
 TRP    274    25.58    24.98     0.00    25.58     11.4    
 VAL    275     2.74     2.74     0.00     2.74      2.2    
 ASN    276     0.43     0.00     0.00     0.43      0.4    
 THR    277     0.19     0.19     0.00     0.19      0.2    
 PHE    278    32.44    24.88     7.55    24.88     13.8    
 PHE    279    29.90    12.19    20.48     9.42      5.2    
 ILE    280    18.35     1.08    17.35     1.00      0.7    
 PRO    281    82.58    54.28    54.76    27.82     26.4    
 LYS    313   247.54   161.65    67.66   179.88    100.0    
 GLU    314   146.54    44.25    40.34   106.19     75.2    
 TYR    315    59.77    21.64    15.01    44.76     23.2    
 LEU    316    33.80    33.80    10.43    23.38     16.0    
 VAL    317    69.58    41.97    27.62    41.95     34.3    
 LEU    318    43.54    43.54     1.90    41.64     28.5    
 THR    319    59.02    20.10    14.30    44.71     42.1    
 LEU    320     8.46     8.46     0.00     8.46      5.8    
 THR    321    48.32    44.23     0.00    48.32     45.5    
 LYS    322    15.32    14.57     0.02    15.30      9.3    
 ASN    323   103.91    28.56     9.41    94.50     82.7    
 ASP    324    49.68     5.60     2.07    47.61     42.1    
 LEU    325     0.00     0.00     0.00     0.00      0.0    
 ASP    326    10.16     1.69     8.03     2.13      1.9    
 LYS    327    98.62    75.72     5.24    93.38     56.8    
 ALA    328     1.25     1.25     1.25     0.00      0.0    
 ASN    329    13.14     4.49     1.88    11.26      9.9    
 LYS    330   116.76    67.96    17.26    99.50     60.5    
 ASP    331    18.34    14.86     9.11     9.23      8.2    
 LYS    332   146.01   109.15    20.17   125.83     76.5    
 ALA    333    77.13    65.55    27.15    49.99     77.0    
 ASN    334    59.06    13.63    11.78    47.28     41.4    
 ARG    335   168.36    64.70    13.78   154.58     79.1    
 TYR    336   107.27    66.86     0.00   107.27     55.6    
 PHE    337     2.83     2.83     0.37     2.45      1.4    
 SER    338    29.93    28.64     0.47    29.46     38.1    
 PRO    339    74.31    74.31     4.09    70.22     66.8    
 ASN    340   103.17    25.60    15.38    87.79     76.8    
 PHE    341     0.69     0.14     0.55     0.14      0.1    
 LYS    342    67.59    25.06     0.00    67.59     41.1    
 VAL    343     0.00     0.00     0.00     0.00      0.0    
 LYS    344    45.81    34.89     0.00    45.81     27.9    
 LEU    345     2.01     2.01     0.00     2.01      1.4    
 TYR    346    23.27    14.69     0.00    23.27     12.1    
 PHE    347     1.42     1.42     0.00     1.42      0.8    
 THR    348    31.43    29.47     0.49    30.94     29.1    
 LYS    349   111.32    53.22    15.79    95.53     58.1    
 THR    350    64.08    32.78    31.18    32.90     31.0    
 VAL    351   167.44   138.45    56.61   110.82     90.6    
