# time centroid
     1	0
     2	0
     3	0
     4	0
     5	0
     6	0
     7	0
     8	0
     9	0
    10	0
    11	0
    12	0
    13	0
    14	0
    15	0
    16	0
    17	0
    18	0
    19	5
    20	0
    21	2
    22	2
    23	2
    24	2
    25	0
    26	2
    27	2
    28	2
    29	2
    30	2
    31	2
    32	2
    33	2
    34	2
    35	2
    36	5
    37	2
    38	2
    39	2
    40	2
    41	2
    42	2
    43	2
    44	2
    45	2
    46	2
    47	2
    48	2
    49	2
    50	2
    51	2
    52	2
    53	2
    54	5
    55	2
    56	2
    57	2
    58	2
    59	2
    60	2
    61	2
    62	2
    63	2
    64	2
    65	2
    66	2
    67	2
    68	2
    69	2
    70	2
    71	2
    72	2
    73	2
    74	2
    75	2
    76	2
    77	2
    78	2
    79	2
    80	2
    81	2
    82	2
    83	2
    84	2
    85	2
    86	2
    87	2
    88	2
    89	2
    90	2
    91	1
    92	1
    93	2
    94	2
    95	1
    96	5
    97	2
    98	2
    99	2
   100	2
   101	2
   102	2
   103	2
   104	2
   105	2
   106	2
   107	2
   108	1
   109	2
   110	1
   111	2
   112	2
   113	2
   114	2
   115	2
   116	2
   117	5
   118	2
   119	2
   120	2
   121	2
   122	1
   123	2
   124	1
   125	1
   126	1
   127	1
   128	1
   129	1
   130	1
   131	2
   132	1
   133	2
   134	2
   135	2
   136	2
   137	1
   138	1
   139	2
   140	1
   141	1
   142	1
   143	1
   144	1
   145	1
   146	1
   147	2
   148	2
   149	2
   150	1
   151	1
   152	1
   153	2
   154	2
   155	2
   156	2
   157	1
   158	2
   159	1
   160	1
   161	2
   162	1
   163	2
   164	2
   165	2
   166	2
   167	1
   168	2
   169	2
   170	2
   171	2
   172	1
   173	1
   174	1
   175	1
   176	2
   177	1
   178	1
   179	2
   180	1
   181	1
   182	1
   183	1
   184	1
   185	1
   186	1
   187	1
   188	1
   189	1
   190	1
   191	2
   192	1
   193	1
   194	1
   195	1
   196	1
   197	1
   198	1
   199	1
   200	1
   201	1
   202	1
   203	1
   204	1
   205	1
   206	1
   207	1
   208	1
   209	1
   210	1
   211	1
   212	2
   213	1
   214	1
   215	1
   216	1
   217	1
   218	1
   219	1
   220	1
   221	1
   222	2
   223	1
   224	1
   225	1
   226	1
   227	1
   228	1
   229	1
   230	1
   231	1
   232	1
   233	1
   234	1
   235	1
   236	1
   237	1
   238	1
   239	1
   240	1
   241	1
   242	1
   243	1
   244	1
   245	1
   246	1
   247	1
   248	1
   249	1
   250	1
   251	1
   252	1
   253	1
   254	1
   255	1
   256	1
   257	1
   258	1
   259	1
   260	1
   261	1
   262	1
   263	1
   264	1
   265	1
   266	1
   267	1
   268	1
   269	1
   270	1
   271	1
   272	1
   273	1
   274	1
   275	1
   276	1
   277	1
   278	1
   279	1
   280	1
   281	1
   282	1
   283	1
   284	1
   285	1
   286	1
   287	1
   288	1
   289	1
   290	1
   291	1
   292	1
   293	1
   294	1
   295	1
   296	1
   297	1
   298	1
   299	1
   300	1
   301	1
   302	1
   303	1
   304	1
   305	1
   306	1
   307	1
   308	1
   309	1
   310	1
   311	1
   312	1
   313	1
   314	1
   315	1
   316	1
   317	1
   318	1
   319	1
   320	1
   321	1
   322	1
   323	1
   324	1
   325	1
   326	1
   327	1
   328	1
   329	1
   330	1
   331	1
   332	1
   333	1
   334	1
   335	1
   336	1
   337	1
   338	1
   339	1
   340	1
   341	1
   342	1
   343	1
   344	1
   345	1
   346	1
   347	1
   348	1
   349	1
   350	1
   351	1
   352	1
   353	1
   354	1
   355	1
   356	1
   357	1
   358	1
   359	1
   360	1
   361	1
   362	1
   363	1
   364	1
   365	1
   366	1
   367	1
   368	1
   369	3
   370	3
   371	1
   372	3
   373	1
   374	1
   375	3
   376	1
   377	1
   378	1
   379	1
   380	1
   381	1
   382	1
   383	1
   384	1
   385	1
   386	1
   387	1
   388	1
   389	1
   390	1
   391	1
   392	1
   393	1
   394	1
   395	1
   396	1
   397	1
   398	1
   399	1
   400	1
   401	1
   402	1
   403	1
   404	1
   405	1
   406	1
   407	1
   408	1
   409	1
   410	1
   411	1
   412	1
   413	1
   414	1
   415	1
   416	1
   417	1
   418	1
   419	1
   420	1
   421	1
   422	1
   423	1
   424	1
   425	1
   426	1
   427	3
   428	3
   429	1
   430	1
   431	1
   432	1
   433	3
   434	3
   435	1
   436	1
   437	1
   438	1
   439	1
   440	1
   441	3
   442	3
   443	3
   444	1
   445	1
   446	1
   447	1
   448	1
   449	1
   450	1
   451	1
   452	1
   453	1
   454	1
   455	1
   456	1
   457	1
   458	1
   459	1
   460	1
   461	1
   462	1
   463	1
   464	1
   465	1
   466	1
   467	1
   468	1
   469	1
   470	1
   471	1
   472	1
   473	1
   474	1
   475	1
   476	1
   477	1
   478	1
   479	1
   480	1
   481	1
   482	1
   483	1
   484	1
   485	1
   486	1
   487	3
   488	1
   489	1
   490	1
   491	1
   492	1
   493	1
   494	1
   495	1
   496	1
   497	1
   498	1
   499	1
   500	1
   501	1
   502	1
   503	1
   504	1
   505	1
   506	1
   507	1
   508	1
   509	3
   510	-1
   511	1
   512	1
   513	3
   514	1
   515	1
   516	1
   517	3
   518	3
   519	3
   520	3
   521	1
   522	3
   523	3
   524	1
   525	1
   526	3
   527	3
   528	1
   529	3
   530	1
   531	1
   532	1
   533	1
   534	1
   535	3
   536	3
   537	1
   538	1
   539	1
   540	3
   541	1
   542	1
   543	1
   544	1
   545	1
   546	1
   547	1
   548	1
   549	1
   550	1
   551	3
   552	1
   553	1
   554	1
   555	3
   556	1
   557	1
   558	1
   559	1
   560	1
   561	1
   562	1
   563	1
   564	1
   565	1
   566	1
   567	1
   568	1
   569	1
   570	1
   571	1
   572	1
   573	1
   574	1
   575	1
   576	1
   577	1
   578	3
   579	1
   580	1
   581	3
   582	3
   583	3
   584	3
   585	3
   586	3
   587	3
   588	3
   589	3
   590	3
   591	3
   592	3
   593	3
   594	3
   595	1
   596	1
   597	3
   598	3
   599	3
   600	3
   601	0
   602	0
   603	0
   604	0
   605	0
   606	0
   607	0
   608	0
   609	0
   610	0
   611	0
   612	0
   613	0
   614	0
   615	0
   616	0
   617	0
   618	0
   619	0
   620	0
   621	0
   622	0
   623	0
   624	0
   625	0
   626	0
   627	0
   628	0
   629	0
   630	0
   631	0
   632	0
   633	0
   634	0
   635	0
   636	0
   637	0
   638	0
   639	0
   640	0
   641	0
   642	0
   643	0
   644	0
   645	0
   646	0
   647	0
   648	0
   649	0
   650	0
   651	0
   652	0
   653	0
   654	0
   655	0
   656	0
   657	0
   658	0
   659	0
   660	0
   661	0
   662	0
   663	0
   664	0
   665	0
   666	0
   667	0
   668	0
   669	0
   670	0
   671	0
   672	0
   673	0
   674	0
   675	0
   676	0
   677	0
   678	0
   679	0
   680	0
   681	0
   682	0
   683	0
   684	0
   685	0
   686	0
   687	0
   688	0
   689	0
   690	0
   691	0
   692	0
   693	0
   694	0
   695	0
   696	0
   697	0
   698	0
   699	0
   700	0
   701	0
   702	0
   703	0
   704	0
   705	0
   706	0
   707	0
   708	0
   709	0
   710	0
   711	0
   712	0
   713	0
   714	0
   715	0
   716	0
   717	0
   718	0
   719	0
   720	0
   721	0
   722	0
   723	0
   724	0
   725	0
   726	0
   727	0
   728	0
   729	0
   730	0
   731	0
   732	0
   733	0
   734	0
   735	0
   736	0
   737	0
   738	0
   739	0
   740	0
   741	0
   742	0
   743	0
   744	0
   745	0
   746	0
   747	0
   748	0
   749	0
   750	0
   751	0
   752	0
   753	0
   754	0
   755	0
   756	0
   757	0
   758	0
   759	0
   760	0
   761	0
   762	0
   763	0
   764	0
   765	0
   766	0
   767	0
   768	0
   769	0
   770	0
   771	0
   772	0
   773	0
   774	0
   775	0
   776	0
   777	0
   778	0
   779	0
   780	0
   781	0
   782	0
   783	0
   784	0
   785	0
   786	0
   787	0
   788	0
   789	0
   790	0
   791	0
   792	0
   793	0
   794	0
   795	0
   796	0
   797	0
   798	0
   799	0
   800	0
   801	0
   802	0
   803	0
   804	0
   805	0
   806	0
   807	0
   808	0
   809	0
   810	0
   811	0
   812	0
   813	0
   814	0
   815	0
   816	0
   817	0
   818	0
   819	0
   820	0
   821	0
   822	0
   823	0
   824	0
   825	0
   826	0
   827	0
   828	0
   829	0
   830	0
   831	0
   832	0
   833	0
   834	0
   835	0
   836	0
   837	0
   838	0
   839	0
   840	0
   841	0
   842	0
   843	0
   844	0
   845	0
   846	0
   847	0
   848	0
   849	0
   850	0
   851	0
   852	0
   853	0
   854	0
   855	0
   856	0
   857	0
   858	0
   859	0
   860	0
   861	0
   862	0
   863	0
   864	0
   865	0
   866	0
   867	0
   868	0
   869	0
   870	0
   871	0
   872	0
   873	0
   874	0
   875	0
   876	0
   877	0
   878	0
   879	0
   880	0
   881	0
   882	0
   883	0
   884	0
   885	0
   886	0
   887	0
   888	0
   889	0
   890	0
   891	0
   892	0
   893	0
   894	0
   895	0
   896	0
   897	0
   898	0
   899	0
   900	0
   901	0
   902	0
   903	0
   904	0
   905	0
   906	0
   907	0
   908	0
   909	0
   910	0
   911	0
   912	0
   913	0
   914	0
   915	0
   916	0
   917	0
   918	0
   919	0
   920	0
   921	0
   922	0
   923	0
   924	0
   925	0
   926	0
   927	0
   928	0
   929	0
   930	0
   931	0
   932	0
   933	4
   934	0
   935	0
   936	0
   937	0
   938	0
   939	0
   940	0
   941	0
   942	0
   943	0
   944	0
   945	0
   946	0
   947	0
   948	0
   949	0
   950	4
   951	0
   952	0
   953	0
   954	0
   955	0
   956	4
   957	0
   958	0
   959	4
   960	4
   961	4
   962	0
   963	4
   964	4
   965	0
   966	0
   967	0
   968	0
   969	0
   970	0
   971	0
   972	0
   973	0
   974	0
   975	0
   976	0
   977	0
   978	0
   979	0
   980	0
   981	0
   982	0
   983	0
   984	0
   985	0
   986	0
   987	0
   988	0
   989	0
   990	0
   991	0
   992	0
   993	0
   994	0
   995	0
   996	0
   997	0
   998	0
   999	0
  1000	0
  1001	0
  1002	0
  1003	0
  1004	0
  1005	0
  1006	0
  1007	0
  1008	0
  1009	0
  1010	0
  1011	0
  1012	0
  1013	0
  1014	0
  1015	0
  1016	0
  1017	0
  1018	0
  1019	0
  1020	0
  1021	0
  1022	0
  1023	0
  1024	0
  1025	0
  1026	0
  1027	0
  1028	0
  1029	0
  1030	0
  1031	0
  1032	0
  1033	0
  1034	0
  1035	0
  1036	0
  1037	0
  1038	0
  1039	0
  1040	0
  1041	0
  1042	0
  1043	0
  1044	0
  1045	0
  1046	0
  1047	0
  1048	0
  1049	0
  1050	0
  1051	0
  1052	0
  1053	0
  1054	0
  1055	0
  1056	0
  1057	0
  1058	0
  1059	0
  1060	0
  1061	0
  1062	0
  1063	0
  1064	0
  1065	0
  1066	0
  1067	0
  1068	0
  1069	0
  1070	0
  1071	0
  1072	0
  1073	0
  1074	0
  1075	0
  1076	0
  1077	0
  1078	0
  1079	0
  1080	0
  1081	0
  1082	0
  1083	0
  1084	0
  1085	0
  1086	0
  1087	0
  1088	0
  1089	0
  1090	0
  1091	0
  1092	0
  1093	0
  1094	0
  1095	0
  1096	0
  1097	0
  1098	0
  1099	0
  1100	0
  1101	0
  1102	0
  1103	0
  1104	0
  1105	0
  1106	0
  1107	0
  1108	0
  1109	0
  1110	0
  1111	0
  1112	0
  1113	0
  1114	0
  1115	0
  1116	0
  1117	0
  1118	0
  1119	0
  1120	0
  1121	0
  1122	0
  1123	0
  1124	0
  1125	0
  1126	0
  1127	0
  1128	0
  1129	0
  1130	0
  1131	0
  1132	0
  1133	0
  1134	0
  1135	0
  1136	0
  1137	0
  1138	0
  1139	0
  1140	0
  1141	0
  1142	0
  1143	0
  1144	0
  1145	0
  1146	0
  1147	0
  1148	0
  1149	0
  1150	0
  1151	0
  1152	0
  1153	0
  1154	0
  1155	0
  1156	0
  1157	0
  1158	0
  1159	0
  1160	0
  1161	0
  1162	0
  1163	0
  1164	0
  1165	0
  1166	0
  1167	0
  1168	0
  1169	0
  1170	0
  1171	0
  1172	0
  1173	0
  1174	0
  1175	0
  1176	0
  1177	0
  1178	0
  1179	0
  1180	0
  1181	0
  1182	0
  1183	0
  1184	0
  1185	0
  1186	0
  1187	0
  1188	0
  1189	0
  1190	0
  1191	0
  1192	0
  1193	0
  1194	0
  1195	0
