  7.391060e-02  -5.104500e+01   5.993210e+01
  7.656600e-02   7.550000e-01   1.427449e+01
  7.922150e-02   5.205000e+00   1.156607e+01
  8.187690e-02   1.956500e+01   9.734850e+00
  8.453240e-02   3.463000e+01   8.635690e+00
  8.718780e-02  -5.625000e+00   7.534320e+00
  8.984330e-02   2.183000e+01   6.987545e+00
  9.249870e-02   1.096500e+01   5.944325e+00
  9.515420e-02   2.932000e+01   5.636895e+00
  9.780970e-02   3.915000e+00   5.207945e+00
  1.004650e-01   1.589000e+01   4.840373e+00
  1.031210e-01   1.505500e+01   4.365147e+00
  1.057760e-01   1.672500e+01   4.000896e+00
  1.084310e-01   1.446500e+01   3.762116e+00
  1.110870e-01   8.725000e+00   3.757863e+00
  1.137420e-01   1.449000e+01   3.401438e+00
  1.163980e-01   7.555000e+00   3.268841e+00
  1.190530e-01   8.305000e+00   3.113523e+00
  1.217090e-01   1.362500e+01   2.878525e+00
  1.243640e-01   3.905000e+00   2.772934e+00
  1.270200e-01   1.116500e+01   2.659261e+00
  1.296750e-01   1.225500e+01   2.612406e+00
  1.323310e-01   9.325000e+00   2.467316e+00
  1.349860e-01   6.820000e+00   2.369908e+00
  1.376410e-01   7.704500e+00   2.172200e+00
  1.402970e-01   8.213500e+00   2.166812e+00
  1.429520e-01   9.329500e+00   2.016796e+00
  1.456080e-01   9.391000e+00   1.992756e+00
  1.482630e-01   1.065950e+01   1.830402e+00
  1.509190e-01   9.107500e+00   1.722123e+00
  1.535740e-01   9.479000e+00   1.656530e+00
  1.562300e-01   9.756000e+00   1.568658e+00
  1.588850e-01   9.941500e+00   1.498337e+00
  1.615410e-01   8.863500e+00   1.390492e+00
  1.641960e-01   1.088050e+01   1.381987e+00
  1.668520e-01   1.007300e+01   1.316374e+00
  1.695070e-01   1.040200e+01   1.227014e+00
  1.721620e-01   1.115600e+01   1.157205e+00
  1.748180e-01   1.053900e+01   1.146796e+00
  1.774730e-01   1.066400e+01   1.081311e+00
  1.801290e-01   9.141500e+00   1.071502e+00
  1.827840e-01   9.918500e+00   9.630255e-01
  1.854400e-01   9.058000e+00   9.614745e-01
  1.880950e-01   8.314500e+00   9.200770e-01
  1.907510e-01   1.072400e+01   8.949435e-01
  1.934060e-01   9.055000e+00   8.623430e-01
  1.960620e-01   8.630000e+00   8.069805e-01
  1.987170e-01   9.388500e+00   8.179440e-01
  2.013720e-01   9.735500e+00   7.624055e-01
  2.040280e-01   9.611500e+00   7.377885e-01
  2.066830e-01   8.891500e+00   7.244280e-01
  2.093390e-01   9.448500e+00   6.824105e-01
  2.119940e-01   8.807000e+00   6.888015e-01
  2.146500e-01   9.441500e+00   6.318985e-01
  2.173050e-01   1.019200e+01   6.464650e-01
  2.199610e-01   8.568000e+00   6.103715e-01
  2.226160e-01   8.693000e+00   5.997180e-01
  2.252720e-01   9.298000e+00   5.944795e-01
  2.279270e-01   7.919000e+00   5.483385e-01
  2.305820e-01   8.402000e+00   5.612215e-01
  2.332380e-01   8.919000e+00   5.430070e-01
  2.358930e-01   8.365500e+00   5.241465e-01
  2.385490e-01   7.420000e+00   5.217340e-01
  2.412040e-01   8.871500e+00   4.949774e-01
  2.438600e-01   8.003500e+00   5.074840e-01
  2.465150e-01   8.269000e+00   4.805430e-01
  2.491710e-01   8.635500e+00   4.708222e-01
  2.518260e-01   8.475500e+00   4.704481e-01
  2.544820e-01   9.482500e+00   4.426506e-01
  2.571370e-01   8.916100e+00   4.619335e-01
  2.597920e-01   8.273950e+00   4.320013e-01
  2.624480e-01   7.986700e+00   4.360167e-01
  2.651030e-01   8.839750e+00   4.337459e-01
  2.677590e-01   8.558400e+00   4.121235e-01
  2.704140e-01   9.443900e+00   4.224329e-01
  2.730700e-01   8.562750e+00   4.017824e-01
  2.757250e-01   8.022650e+00   4.039877e-01
  2.783810e-01   8.037350e+00   3.983752e-01
  2.810360e-01   8.187550e+00   3.906954e-01
  2.836920e-01   8.038800e+00   3.889136e-01
  2.863470e-01   7.421700e+00   3.757995e-01
  2.890020e-01   8.407800e+00   3.760968e-01
  2.916580e-01   7.747150e+00   3.706071e-01
  2.943130e-01   7.857000e+00   3.579307e-01
  2.969690e-01   8.012000e+00   3.636996e-01
  2.996240e-01   8.045700e+00   3.612459e-01
  3.022800e-01   7.575300e+00   3.565438e-01
  3.049350e-01   8.095650e+00   3.442818e-01
  3.075910e-01   8.141950e+00   3.441461e-01
  3.102460e-01   8.297000e+00   3.450516e-01
  3.129020e-01   8.451800e+00   3.443536e-01
  3.155570e-01   7.847000e+00   3.358595e-01
  3.182120e-01   7.342350e+00   3.213401e-01
  3.208680e-01   8.049300e+00   3.316533e-01
  3.235230e-01   7.639350e+00   3.252706e-01
  3.261790e-01   8.015600e+00   3.324316e-01
  3.288340e-01   7.592950e+00   3.163755e-01
  3.314900e-01   7.698050e+00   3.129193e-01
  3.341450e-01   8.043100e+00   3.150079e-01
  3.368010e-01   7.335850e+00   3.145232e-01
  3.394560e-01   7.001300e+00   3.145619e-01
  3.421120e-01   7.480150e+00   3.023962e-01
  3.447670e-01   7.450500e+00   3.044375e-01
  3.474230e-01   7.205700e+00   3.099918e-01
  3.500780e-01   7.370450e+00   2.941564e-01
  3.527330e-01   7.603650e+00   3.005216e-01
  3.553890e-01   7.268550e+00   2.953928e-01
  3.580440e-01   6.893550e+00   2.949282e-01
  3.607000e-01   7.378750e+00   2.954734e-01
  3.633550e-01   7.330050e+00   2.852038e-01
  3.660110e-01   6.996450e+00   2.923582e-01
  3.686660e-01   6.985800e+00   2.847576e-01
  3.713220e-01   7.192950e+00   2.864122e-01
  3.739770e-01   7.187600e+00   2.760305e-01
  3.766330e-01   7.392050e+00   2.805944e-01
  3.792880e-01   6.768950e+00   2.832487e-01
  3.819430e-01   6.943850e+00   2.784717e-01
  3.845990e-01   6.898400e+00   2.729407e-01
  3.872540e-01   6.854300e+00   2.721222e-01
  3.899100e-01   6.964150e+00   2.738366e-01
  3.925650e-01   6.943950e+00   2.759092e-01
  3.952210e-01   6.977500e+00   2.650272e-01
  3.978760e-01   6.234200e+00   2.734795e-01
  4.005320e-01   6.811550e+00   2.617573e-01
  4.031870e-01   6.581900e+00   2.687238e-01
  4.058430e-01   6.728750e+00   2.651309e-01
  4.084980e-01   6.452050e+00   2.595638e-01
  4.111530e-01   6.523550e+00   2.652758e-01
  4.138090e-01   6.835200e+00   2.596727e-01
  4.164640e-01   6.439600e+00   2.606746e-01
  4.191200e-01   6.538250e+00   2.513865e-01
  4.217750e-01   6.696400e+00   2.555274e-01
  4.244310e-01   6.800500e+00   2.587026e-01
  4.270860e-01   6.481050e+00   2.545230e-01
  4.297420e-01   6.278200e+00   2.565409e-01
  4.323970e-01   6.368950e+00   2.493600e-01
  4.350530e-01   6.928400e+00   2.571526e-01
  4.377080e-01   6.292650e+00   2.557737e-01
  4.403630e-01   6.574550e+00   2.469649e-01
  4.430190e-01   6.371400e+00   2.570929e-01
  4.456740e-01   6.197600e+00   2.520849e-01
  4.483300e-01   6.329700e+00   2.550843e-01
  4.509850e-01   6.350900e+00   2.486953e-01
  4.536410e-01   6.079000e+00   2.493079e-01
  4.562960e-01   6.364300e+00   2.557735e-01
  4.589520e-01   5.978800e+00   2.490389e-01
  4.616070e-01   6.656550e+00   2.525002e-01
  4.642630e-01   6.432450e+00   2.467581e-01
  4.669180e-01   6.268600e+00   2.476168e-01
  4.695730e-01   6.208500e+00   2.529154e-01
  4.722290e-01   6.377750e+00   2.472329e-01
  4.748840e-01   6.331000e+00   2.472471e-01
  4.775400e-01   6.389500e+00   2.468240e-01
  4.801950e-01   5.589450e+00   2.482017e-01
  4.828510e-01   6.111750e+00   2.501852e-01
  4.855060e-01   5.696150e+00   2.427729e-01
  4.881620e-01   5.978100e+00   2.497081e-01
  4.908170e-01   5.843000e+00   2.446085e-01
  4.934730e-01   5.633450e+00   2.463094e-01
  4.961280e-01   6.042300e+00   2.476099e-01
  4.987830e-01   5.715450e+00   2.426682e-01
  5.014390e-01   5.827500e+00   2.487783e-01
  5.040940e-01   5.703500e+00   2.397719e-01
  5.067500e-01   5.504800e+00   2.456473e-01
  5.094050e-01   5.253050e+00   2.447651e-01
  5.120610e-01   5.759550e+00   2.419722e-01
  5.147160e-01   5.892600e+00   2.455730e-01
  5.173720e-01   5.554000e+00   2.392594e-01
  5.200270e-01   5.786400e+00   2.428531e-01
  5.226830e-01   5.456500e+00   2.387167e-01
  5.253380e-01   5.763600e+00   2.437217e-01
  5.279940e-01   5.604750e+00   2.435559e-01
  5.306490e-01   5.637750e+00   2.348195e-01
  5.333040e-01   5.162150e+00   2.391094e-01
  5.359600e-01   5.427200e+00   2.395446e-01
  5.386150e-01   5.319600e+00   2.426785e-01
  5.412710e-01   5.492550e+00   2.365473e-01
  5.439260e-01   5.062100e+00   2.372546e-01
  5.465820e-01   5.360100e+00   2.376225e-01
  5.492370e-01   5.690200e+00   2.372614e-01
  5.518930e-01   5.442750e+00   2.344585e-01
  5.545480e-01   5.073500e+00   2.360349e-01
  5.572040e-01   5.273250e+00   2.358243e-01
  5.598590e-01   5.395850e+00   2.365690e-01
  5.625140e-01   5.287450e+00   2.391820e-01
  5.651700e-01   5.229500e+00   2.340752e-01
  5.678250e-01   4.997050e+00   2.324888e-01
  5.704810e-01   4.745800e+00   2.359362e-01
  5.731360e-01   5.274950e+00   2.337137e-01
  5.757920e-01   5.397850e+00   2.316453e-01
  5.784470e-01   4.968500e+00   2.351182e-01
  5.811030e-01   4.918300e+00   2.295655e-01
  5.837580e-01   4.936850e+00   2.348754e-01
  5.864140e-01   5.280100e+00   2.272982e-01
  5.890690e-01   4.689500e+00   2.344939e-01
  5.917240e-01   4.962500e+00   2.312750e-01
  5.943800e-01   4.478750e+00   2.309556e-01
  5.970350e-01   4.733050e+00   2.277657e-01
  5.996910e-01   4.722900e+00   2.242226e-01
  6.023460e-01   4.798100e+00   2.335793e-01
  6.050020e-01   4.786600e+00   2.302789e-01
  6.076570e-01   4.890850e+00   2.298707e-01
  6.103130e-01   4.774750e+00   2.274965e-01
  6.129680e-01   4.800600e+00   2.248002e-01
  6.156240e-01   4.661400e+00   2.306875e-01
  6.182790e-01   4.514850e+00   2.271489e-01
  6.209340e-01   4.618800e+00   2.229070e-01
  6.235900e-01   4.504950e+00   2.295056e-01
  6.262450e-01   4.412050e+00   2.228422e-01
  6.289010e-01   4.548900e+00   2.269087e-01
  6.315560e-01   4.321600e+00   2.196986e-01
  6.342120e-01   4.605800e+00   2.188748e-01
  6.368670e-01   4.654200e+00   2.199540e-01
  6.395230e-01   4.323250e+00   2.171714e-01
  6.421780e-01   4.242900e+00   2.196723e-01
  6.448340e-01   4.098200e+00   2.140506e-01
  6.474890e-01   4.394700e+00   2.216760e-01
  6.501440e-01   4.055750e+00   2.237584e-01
  6.528000e-01   4.243550e+00   2.205301e-01
  6.554550e-01   3.980000e+00   2.251606e-01
  6.581110e-01   4.361650e+00   2.238832e-01
  6.607660e-01   4.112600e+00   2.253910e-01
  6.634220e-01   4.428300e+00   2.262884e-01
  6.660770e-01   3.959500e+00   2.218657e-01
  6.687330e-01   4.369550e+00   2.279658e-01
  6.713880e-01   4.356550e+00   2.276478e-01
  6.740440e-01   4.194650e+00   2.283632e-01
  6.766990e-01   3.964650e+00   2.252889e-01
  6.793550e-01   3.957450e+00   2.265714e-01
  6.820100e-01   4.325600e+00   2.307042e-01
  6.846650e-01   4.097100e+00   2.303750e-01
  6.873210e-01   4.094300e+00   2.281739e-01
  6.899760e-01   4.206050e+00   2.291592e-01
  6.926320e-01   3.873350e+00   2.288135e-01
  6.952870e-01   3.732050e+00   2.313037e-01
  6.979430e-01   4.081550e+00   2.295717e-01
  7.005980e-01   3.889800e+00   2.314665e-01
  7.032540e-01   3.618750e+00   2.302979e-01
  7.059090e-01   3.830550e+00   2.322928e-01
  7.085650e-01   4.265650e+00   2.328848e-01
  7.112200e-01   3.582950e+00   2.283375e-01
  7.138750e-01   3.702900e+00   2.305955e-01
  7.165310e-01   3.710700e+00   2.330112e-01
  7.191860e-01   3.667600e+00   2.332096e-01
  7.218420e-01   3.783550e+00   2.311937e-01
  7.244970e-01   3.315200e+00   2.330705e-01
  7.271530e-01   3.375600e+00   2.328298e-01
  7.298080e-01   4.140200e+00   2.352614e-01
  7.324640e-01   3.823600e+00   2.330657e-01
  7.351190e-01   3.763400e+00   2.314630e-01
  7.377750e-01   3.549200e+00   2.352602e-01
  7.404300e-01   3.842200e+00   2.334421e-01
  7.430850e-01   3.842000e+00   2.358462e-01
  7.457410e-01   3.794150e+00   2.317008e-01
  7.483960e-01   3.440650e+00   2.345415e-01
  7.510520e-01   3.861800e+00   2.367717e-01
  7.537070e-01   3.616650e+00   2.344267e-01
  7.563630e-01   3.406000e+00   2.338557e-01
  7.590180e-01   3.402000e+00   2.338702e-01
  7.616740e-01   3.816900e+00   2.341454e-01
  7.643290e-01   3.523800e+00   2.406668e-01
  7.669850e-01   3.942600e+00   2.310229e-01
  7.696400e-01   3.218700e+00   2.369021e-01
  7.722950e-01   3.757900e+00   2.351546e-01
  7.749510e-01   3.296700e+00   2.372075e-01
  7.776060e-01   3.674550e+00   2.347519e-01
  7.802620e-01   3.557250e+00   2.350018e-01
  7.829170e-01   3.300200e+00   2.382489e-01
  7.855730e-01   3.579200e+00   2.368846e-01
  7.882280e-01   3.625850e+00   2.380367e-01
  7.908840e-01   3.191650e+00   2.358947e-01
  7.935390e-01   3.344800e+00   2.334818e-01
  7.961950e-01   3.205400e+00   2.404465e-01
  7.988500e-01   3.796750e+00   2.358739e-01
  8.015050e-01   3.290750e+00   2.362126e-01
  8.041610e-01   3.355700e+00   2.377833e-01
  8.068160e-01   3.136650e+00   2.364786e-01
  8.094720e-01   3.226950e+00   2.393487e-01
  8.121270e-01   3.164000e+00   2.320196e-01
  8.147830e-01   3.126800e+00   2.402976e-01
  8.174380e-01   3.256650e+00   2.364349e-01
  8.200940e-01   3.053750e+00   2.403481e-01
  8.227490e-01   2.649700e+00   2.377017e-01
  8.254050e-01   2.765550e+00   2.349544e-01
  8.280600e-01   3.285600e+00   2.391347e-01
  8.307150e-01   3.125950e+00   2.387365e-01
  8.333710e-01   3.048300e+00   2.371289e-01
  8.360260e-01   3.199850e+00   2.370434e-01
  8.386820e-01   3.407750e+00   2.385230e-01
  8.413370e-01   2.830200e+00   2.407789e-01
  8.439930e-01   3.168900e+00   2.374398e-01
  8.466480e-01   3.142300e+00   2.373935e-01
  8.493040e-01   2.597700e+00   2.388028e-01
  8.519590e-01   3.047750e+00   2.369895e-01
  8.546150e-01   2.886850e+00   2.403572e-01
  8.572700e-01   3.316700e+00   2.350059e-01
  8.599260e-01   2.499300e+00   2.364706e-01
  8.625810e-01   3.172850e+00   2.380720e-01
  8.652360e-01   2.880700e+00   2.400123e-01
  8.678920e-01   2.665150e+00   2.382967e-01
  8.705470e-01   2.975150e+00   2.384391e-01
  8.732030e-01   2.683350e+00   2.400420e-01
  8.758580e-01   3.137600e+00   2.339315e-01
  8.785140e-01   2.821100e+00   2.401993e-01
  8.811690e-01   2.727400e+00   2.374075e-01
  8.838250e-01   2.610600e+00   2.409634e-01
  8.864800e-01   3.090700e+00   2.414056e-01
  8.891360e-01   3.162950e+00   2.354535e-01
  8.917910e-01   2.948950e+00   2.378184e-01
  8.944460e-01   2.581650e+00   2.374331e-01
  8.971020e-01   3.182700e+00   2.413590e-01
  8.997570e-01   3.179800e+00   2.407949e-01
  9.024130e-01   2.829400e+00   2.366202e-01
  9.050680e-01   2.970250e+00   2.427473e-01
  9.077240e-01   2.461850e+00   2.354873e-01
  9.103790e-01   2.230650e+00   2.400731e-01
  9.130350e-01   2.485300e+00   2.374906e-01
  9.156900e-01   2.803250e+00   2.404246e-01
  9.183460e-01   2.428850e+00   2.404071e-01
  9.210010e-01   2.846950e+00   2.400856e-01
  9.236560e-01   2.681650e+00   2.379413e-01
  9.263120e-01   2.928650e+00   2.402679e-01
  9.289670e-01   2.862200e+00   2.381665e-01
  9.316230e-01   2.475100e+00   2.420250e-01
  9.342780e-01   2.786100e+00   2.374495e-01
  9.369340e-01   2.542450e+00   2.418307e-01
  9.395890e-01   2.468200e+00   2.389110e-01
  9.422450e-01   2.437550e+00   2.392214e-01
  9.449000e-01   2.241300e+00   2.420008e-01
  9.475560e-01   2.415750e+00   2.395754e-01
  9.502110e-01   2.764400e+00   2.403296e-01
  9.528660e-01   2.440650e+00   2.410599e-01
  9.555220e-01   2.582800e+00   2.409697e-01
  9.581770e-01   2.602200e+00   2.362758e-01
  9.608330e-01   2.628050e+00   2.407577e-01
  9.634880e-01   2.647700e+00   2.398031e-01
  9.661440e-01   2.567800e+00   2.413098e-01
  9.687990e-01   2.306600e+00   2.390404e-01
  9.714550e-01   2.110100e+00   2.386138e-01
  9.741100e-01   2.308450e+00   2.405284e-01
  9.767660e-01   2.796600e+00   2.425959e-01
  9.794210e-01   3.333750e+00   2.591060e-01
  9.820760e-01   2.367050e+00   2.609175e-01
  9.847320e-01   2.207950e+00   2.634280e-01
  9.873870e-01   2.129950e+00   2.746139e-01
  9.900430e-01   2.642050e+00   2.774183e-01
  9.926980e-01   2.747850e+00   2.834698e-01
  9.953540e-01   2.215600e+00   2.885626e-01
  9.980090e-01   2.693850e+00   2.955339e-01
  1.000660e+00   2.465150e+00   3.026278e-01
  1.003320e+00   2.681950e+00   3.027228e-01
  1.005980e+00   2.008900e+00   3.060551e-01
  1.008630e+00   2.487200e+00   3.179691e-01
  1.011290e+00   2.410250e+00   2.895981e-01
  1.013940e+00   2.425250e+00   2.861568e-01
  1.016600e+00   2.357500e+00   2.845853e-01
  1.019250e+00   2.124000e+00   2.853042e-01
  1.021910e+00   2.129600e+00   2.774697e-01
  1.024560e+00   2.049300e+00   2.738061e-01
  1.027220e+00   2.477950e+00   2.795145e-01
  1.029870e+00   2.507750e+00   2.769978e-01
  1.032530e+00   2.097700e+00   2.741977e-01
  1.035190e+00   2.397000e+00   2.707572e-01
  1.037840e+00   2.389400e+00   2.692986e-01
  1.040500e+00   2.394750e+00   2.730539e-01
  1.043150e+00   1.940900e+00   2.704885e-01
  1.045810e+00   2.440600e+00   2.705089e-01
  1.048460e+00   1.981500e+00   2.639838e-01
  1.051120e+00   2.578400e+00   2.655534e-01
  1.053770e+00   2.342500e+00   2.694815e-01
  1.056430e+00   2.217600e+00   2.668363e-01
  1.059080e+00   2.062100e+00   2.673900e-01
  1.061740e+00   2.773050e+00   2.669427e-01
  1.064400e+00   2.184550e+00   2.653337e-01
  1.067050e+00   2.156250e+00   2.670540e-01
  1.069710e+00   2.616600e+00   2.597710e-01
  1.072360e+00   2.078050e+00   2.610706e-01
  1.075020e+00   2.095900e+00   2.607251e-01
  1.077670e+00   2.221550e+00   2.606312e-01
  1.080330e+00   2.220850e+00   2.586988e-01
  1.082980e+00   2.440350e+00   2.551285e-01
  1.085640e+00   1.952900e+00   2.566432e-01
  1.088290e+00   1.869300e+00   2.560492e-01
  1.090950e+00   2.148700e+00   2.513057e-01
  1.093610e+00   2.176000e+00   2.488916e-01
  1.096260e+00   1.967050e+00   2.537192e-01
  1.098920e+00   2.291250e+00   2.541008e-01
  1.101570e+00   2.154800e+00   2.523686e-01
  1.104230e+00   2.097150e+00   2.509363e-01
  1.106880e+00   1.998850e+00   2.523353e-01
  1.109540e+00   2.059600e+00   2.493519e-01
  1.112190e+00   2.435400e+00   2.500684e-01
  1.114850e+00   2.605200e+00   2.526365e-01
  1.117500e+00   2.047800e+00   2.489935e-01
  1.120160e+00   1.697550e+00   2.529466e-01
  1.122820e+00   2.121800e+00   2.501740e-01
  1.125470e+00   2.007250e+00   2.518355e-01
  1.128130e+00   2.247450e+00   2.509937e-01
  1.130780e+00   2.379450e+00   2.532313e-01
  1.133440e+00   1.519800e+00   2.543721e-01
  1.136090e+00   1.994650e+00   2.493703e-01
  1.138750e+00   2.231600e+00   2.470151e-01
  1.141400e+00   1.890650e+00   2.523581e-01
  1.144060e+00   2.339750e+00   2.494671e-01
  1.146710e+00   1.917700e+00   2.533163e-01
  1.149370e+00   2.537250e+00   2.523816e-01
  1.152030e+00   1.795100e+00   2.493838e-01
  1.154680e+00   2.269600e+00   2.503817e-01
  1.157340e+00   2.082450e+00   2.505058e-01
  1.159990e+00   1.642200e+00   2.521730e-01
  1.162650e+00   1.809150e+00   2.513313e-01
  1.165300e+00   1.997400e+00   2.535002e-01
  1.167960e+00   2.008850e+00   2.513787e-01
  1.170610e+00   1.915100e+00   2.509603e-01
  1.173270e+00   2.063300e+00   2.520925e-01
  1.175920e+00   2.196550e+00   2.504630e-01
  1.178580e+00   2.597850e+00   2.513754e-01
  1.181240e+00   1.762050e+00   2.508861e-01
  1.183890e+00   1.873450e+00   2.481441e-01
  1.189200e+00   1.904900e+00   2.445453e-01
  1.191860e+00   1.690750e+00   2.483706e-01
  1.194510e+00   1.862150e+00   2.473397e-01
  1.197170e+00   2.138850e+00   2.459035e-01
  1.199820e+00   1.959100e+00   2.440870e-01
  1.202480e+00   2.106600e+00   2.448292e-01
  1.205130e+00   1.916700e+00   2.415851e-01
  1.207790e+00   2.030150e+00   2.422987e-01
  1.210450e+00   2.066650e+00   2.434160e-01
  1.213100e+00   1.881950e+00   2.447353e-01
  1.215760e+00   2.320350e+00   2.453261e-01
  1.218410e+00   1.658000e+00   2.456248e-01
  1.221070e+00   1.940450e+00   2.427685e-01
  1.223720e+00   1.856700e+00   2.429784e-01
  1.226380e+00   1.538150e+00   2.444971e-01
  1.229030e+00   2.031150e+00   2.437931e-01
  1.231690e+00   1.979600e+00   2.446085e-01
  1.234340e+00   1.968800e+00   2.450991e-01
  1.237000e+00   1.723800e+00   2.427593e-01
  1.239660e+00   1.570450e+00   2.442197e-01
  1.242310e+00   1.543650e+00   2.430502e-01
  1.244970e+00   1.287800e+00   2.435747e-01
  1.247620e+00   1.840350e+00   2.447368e-01
  1.250280e+00   1.669800e+00   2.461709e-01
  1.252930e+00   1.827450e+00   2.406413e-01
  1.255590e+00   1.681850e+00   2.430506e-01
  1.258240e+00   1.867450e+00   2.461616e-01
  1.260900e+00   1.539250e+00   2.449598e-01
  1.263550e+00   1.795900e+00   2.435823e-01
  1.266210e+00   1.655650e+00   2.429195e-01
  1.268870e+00   1.369950e+00   2.413974e-01
  1.271520e+00   1.750900e+00   2.459021e-01
  1.274180e+00   1.810550e+00   2.434359e-01
  1.276830e+00   1.711400e+00   2.422086e-01
  1.279490e+00   2.083050e+00   2.445185e-01
  1.282140e+00   1.564100e+00   2.440006e-01
  1.284800e+00   1.731650e+00   2.456534e-01
  1.287450e+00   1.844100e+00   2.382538e-01
  1.290110e+00   1.373050e+00   2.445211e-01
  1.292760e+00   2.047000e+00   2.457469e-01
  1.295420e+00   1.362250e+00   2.449063e-01
  1.298080e+00   1.903850e+00   2.435694e-01
  1.300730e+00   2.075200e+00   2.427156e-01
  1.303390e+00   1.627550e+00   2.439509e-01
  1.306040e+00   1.368300e+00   2.469472e-01
  1.308700e+00   2.020250e+00   2.408631e-01
  1.311350e+00   1.681300e+00   2.432653e-01
  1.314010e+00   1.842300e+00   2.422788e-01
  1.316660e+00   1.405900e+00   2.453479e-01
  1.319320e+00   1.781350e+00   2.409653e-01
  1.321970e+00   1.505100e+00   2.439087e-01
  1.324630e+00   1.789550e+00   2.455184e-01
  1.327290e+00   1.027800e+00   2.451053e-01
  1.329940e+00   1.664200e+00   2.453414e-01
  1.332600e+00   1.701050e+00   2.421095e-01
  1.335250e+00   2.045850e+00   2.422961e-01
  1.337910e+00   1.499200e+00   2.413758e-01
  1.340560e+00   1.456650e+00   2.439047e-01
  1.343220e+00   1.209600e+00   2.428981e-01
  1.345870e+00   1.984400e+00   2.439811e-01
  1.348530e+00   1.430100e+00   2.439141e-01
  1.351180e+00   1.608000e+00   2.435335e-01
  1.353840e+00   7.956000e-01   2.418326e-01
  1.356500e+00   1.523000e+00   2.426996e-01
  1.359150e+00   1.573350e+00   2.430266e-01
  1.361810e+00   1.652650e+00   2.430497e-01
  1.364460e+00   1.620200e+00   2.434904e-01
  1.367120e+00   1.561050e+00   2.426282e-01
  1.369770e+00   1.433200e+00   2.433690e-01
  1.372430e+00   1.198800e+00   2.427143e-01
  1.375080e+00   1.621400e+00   2.436126e-01
  1.377740e+00   1.349200e+00   2.407137e-01
  1.380390e+00   1.251150e+00   2.434466e-01
  1.383050e+00   1.753550e+00   2.445126e-01
  1.385710e+00   1.504750e+00   2.426486e-01
  1.388360e+00   1.218800e+00   2.396762e-01
  1.391020e+00   1.414650e+00   2.455627e-01
  1.393670e+00   1.876150e+00   2.440057e-01
  1.396330e+00   1.945600e+00   2.433152e-01
  1.398980e+00   1.666900e+00   2.410417e-01
  1.401640e+00   1.507150e+00   2.430268e-01
  1.404290e+00   1.236400e+00   2.442656e-01
  1.406950e+00   1.066400e+00   2.405975e-01
  1.409600e+00   1.508400e+00   2.438433e-01
  1.412260e+00   1.590800e+00   2.440272e-01
  1.414920e+00   1.513550e+00   2.414026e-01
  1.417570e+00   1.506750e+00   2.410000e-01
  1.420230e+00   1.607550e+00   2.426645e-01
  1.422880e+00   1.474450e+00   2.408327e-01
  1.425540e+00   1.614900e+00   2.432476e-01
  1.428190e+00   1.592950e+00   2.424929e-01
  1.430850e+00   1.167400e+00   2.451004e-01
  1.433500e+00   9.627000e-01   2.398477e-01
  1.436160e+00   1.455850e+00   2.426364e-01
  1.438810e+00   1.638500e+00   2.403808e-01
  1.441470e+00   1.460150e+00   2.409772e-01
  1.444130e+00   1.614500e+00   2.419621e-01
  1.446780e+00   1.383900e+00   2.419023e-01
  1.449440e+00   1.796850e+00   2.417964e-01
  1.452090e+00   1.289900e+00   2.419928e-01
  1.454750e+00   1.356150e+00   2.421695e-01
  1.457400e+00   1.437550e+00   2.434009e-01
  1.460060e+00   1.332150e+00   2.428452e-01
  1.462710e+00   1.381050e+00   2.406319e-01
  1.465370e+00   1.213750e+00   2.433870e-01
  1.468020e+00   1.018150e+00   2.407696e-01
  1.470680e+00   1.364700e+00   2.412311e-01
  1.473340e+00   1.388150e+00   2.426525e-01
  1.475990e+00   1.303800e+00   2.434149e-01
  1.478650e+00   1.716750e+00   2.435904e-01
  1.481300e+00   1.392600e+00   2.394382e-01
  1.483960e+00   1.736200e+00   2.422497e-01
  1.486610e+00   1.408650e+00   2.415113e-01
  1.489270e+00   1.511000e+00   2.426237e-01
  1.491920e+00   1.641450e+00   2.419827e-01
  1.494580e+00   1.329300e+00   2.420136e-01
  1.497230e+00   1.074800e+00   2.412598e-01
  1.499890e+00   1.070450e+00   2.426952e-01
  1.502550e+00   1.635700e+00   2.417650e-01
  1.505200e+00   1.266500e+00   2.411027e-01
  1.507860e+00   1.282950e+00   2.431334e-01
  1.510510e+00   1.508300e+00   2.416371e-01
  1.513170e+00   1.246800e+00   2.441644e-01
  1.515820e+00   1.484000e+00   2.415465e-01
  1.518480e+00   1.952000e+00   2.433800e-01
  1.521130e+00   1.463800e+00   2.424520e-01
  1.523790e+00   1.189950e+00   2.418104e-01
  1.526440e+00   1.129350e+00   2.411608e-01
  1.529100e+00   1.457050e+00   2.419795e-01
  1.531760e+00   1.173600e+00   2.405095e-01
  1.534410e+00   1.382100e+00   2.410895e-01
  1.537070e+00   1.151650e+00   2.415816e-01
  1.539720e+00   1.400700e+00   2.418302e-01
  1.542380e+00   1.316000e+00   2.419905e-01
  1.545030e+00   1.435600e+00   2.414857e-01
  1.547690e+00   1.960750e+00   2.410076e-01
  1.550340e+00   1.378600e+00   2.417779e-01
  1.553000e+00   1.302150e+00   2.427603e-01
  1.555650e+00   1.110050e+00   2.406016e-01
  1.558310e+00   1.078500e+00   2.413135e-01
  1.560970e+00   1.704650e+00   2.428584e-01
  1.563620e+00   1.084100e+00   2.422489e-01
  1.566280e+00   1.469550e+00   2.412392e-01
  1.568930e+00   9.252500e-01   2.395301e-01
  1.571590e+00   1.446700e+00   2.406263e-01
  1.574240e+00   1.349050e+00   2.420653e-01
  1.576900e+00   1.540150e+00   2.422864e-01
  1.579550e+00   1.431500e+00   2.396482e-01
  1.582210e+00   8.744000e-01   2.438753e-01
  1.584860e+00   1.439900e+00   2.407861e-01
  1.587520e+00   1.237150e+00   2.414798e-01
  1.590180e+00   1.391200e+00   2.390404e-01
  1.592830e+00   1.287350e+00   2.429344e-01
  1.595490e+00   8.358500e-01   2.414626e-01
  1.598140e+00   1.092100e+00   2.389111e-01
  1.600800e+00   1.572850e+00   2.400769e-01
  1.603450e+00   1.150450e+00   2.423758e-01
  1.606110e+00   1.279600e+00   2.412558e-01
  1.608760e+00   1.149950e+00   2.405026e-01
  1.611420e+00   1.504850e+00   2.411061e-01
  1.614070e+00   1.367550e+00   2.378046e-01
  1.616730e+00   1.241950e+00   2.427595e-01
  1.619390e+00   1.201950e+00   2.405624e-01
  1.622040e+00   8.964500e-01   2.430972e-01
  1.624700e+00   1.657700e+00   2.411102e-01
  1.627350e+00   1.215150e+00   2.414629e-01
  1.630010e+00   1.112950e+00   2.390255e-01
  1.632660e+00   1.475400e+00   2.383781e-01
  1.635320e+00   1.295300e+00   2.406456e-01
  1.637970e+00   1.535900e+00   2.413935e-01
  1.640630e+00   1.313600e+00   2.419378e-01
  1.643280e+00   1.125950e+00   2.389686e-01
  1.645940e+00   1.195400e+00   2.411215e-01
  1.648600e+00   1.147000e+00   2.411317e-01
  1.651250e+00   5.231500e-01   2.420223e-01
  1.653910e+00   8.743500e-01   2.404694e-01
  1.656560e+00   9.633000e-01   2.387867e-01
  1.659220e+00   8.560000e-01   2.425041e-01
  1.661870e+00   1.087150e+00   2.388715e-01
  1.664530e+00   1.177400e+00   2.401279e-01
  1.667180e+00   9.238500e-01   2.418121e-01
  1.669840e+00   7.176500e-01   2.414404e-01
  1.672500e+00   1.268600e+00   2.403993e-01
  1.675150e+00   1.146200e+00   2.408144e-01
  1.677810e+00   1.502350e+00   2.392367e-01
  1.680460e+00   1.685100e+00   2.411817e-01
  1.683120e+00   1.389500e+00   2.395444e-01
  1.685770e+00   1.328850e+00   2.418461e-01
  1.688430e+00   1.037350e+00   2.394895e-01
  1.691080e+00   1.672400e+00   2.414992e-01
  1.693740e+00   1.316450e+00   2.404412e-01
  1.696390e+00   1.050200e+00   2.391254e-01
  1.699050e+00   1.323450e+00   2.389079e-01
  1.701710e+00   1.116650e+00   2.407178e-01
  1.704360e+00   1.138600e+00   2.402747e-01
  1.707020e+00   1.070950e+00   2.415780e-01
  1.709670e+00   1.196150e+00   2.400576e-01
  1.712330e+00   1.108750e+00   2.393673e-01
  1.714980e+00   1.274450e+00   2.390086e-01
  1.717640e+00   1.172150e+00   2.388886e-01
  1.720290e+00   1.165500e+00   2.390606e-01
  1.722950e+00   1.015750e+00   2.396066e-01
  1.725600e+00   1.353850e+00   2.392901e-01
  1.728260e+00   9.679500e-01   2.406176e-01
  1.730920e+00   1.428150e+00   2.385012e-01
  1.733570e+00   9.470000e-01   2.416873e-01
  1.736230e+00   8.602500e-01   2.411651e-01
  1.738880e+00   1.154450e+00   2.397772e-01
  1.741540e+00   1.583300e+00   2.392141e-01
  1.744190e+00   8.337000e-01   2.408594e-01
  1.746850e+00   1.263450e+00   2.389099e-01
  1.749500e+00   1.101050e+00   2.400609e-01
  1.752160e+00   1.304100e+00   2.405893e-01
  1.754810e+00   1.165050e+00   2.408388e-01
  1.757470e+00   7.191000e-01   2.401634e-01
  1.760130e+00   9.143000e-01   2.391661e-01
  1.762780e+00   1.280300e+00   2.390055e-01
  1.765440e+00   1.519800e+00   2.382546e-01
  1.768090e+00   8.792500e-01   2.405432e-01
  1.770750e+00   1.003300e+00   2.402927e-01
  1.773400e+00   1.266500e+00   2.400438e-01
  1.776060e+00   4.361500e-01   2.402172e-01
  1.778710e+00   6.476500e-01   2.389056e-01
  1.781370e+00   6.980000e-01   2.401873e-01
  1.784020e+00   1.037050e+00   2.386681e-01
  1.786680e+00   1.045950e+00   2.395801e-01
  1.789340e+00   8.454500e-01   2.380066e-01
  1.791990e+00   7.221500e-01   2.394429e-01
  1.794650e+00   8.536000e-01   2.385441e-01
  1.797300e+00   1.081400e+00   2.390959e-01
  1.799960e+00   1.166100e+00   2.408174e-01
  1.802610e+00   1.311300e+00   2.402644e-01
  1.805270e+00   9.773500e-01   2.386704e-01
  1.807920e+00   7.584000e-01   2.391490e-01
  1.810580e+00   7.123000e-01   2.381832e-01
  1.813230e+00   6.780000e-01   2.406381e-01
  1.815890e+00   9.499500e-01   2.399236e-01
  1.818550e+00   1.053000e+00   2.401495e-01
  1.821200e+00   1.246700e+00   2.388312e-01
  1.823860e+00   8.611500e-01   2.382559e-01
  1.826510e+00   9.581500e-01   2.381462e-01
  1.829170e+00   8.659500e-01   2.378375e-01
  1.831820e+00   1.173050e+00   2.392760e-01
  1.834480e+00   9.344000e-01   2.370473e-01
  1.837130e+00   7.273500e-01   2.404068e-01
  1.839790e+00   1.079500e+00   2.404162e-01
  1.842440e+00   8.066000e-01   2.379456e-01
  1.845100e+00   1.090000e+00   2.379275e-01
  1.847760e+00   1.038250e+00   2.390950e-01
  1.850410e+00   9.763000e-01   2.384455e-01
  1.853070e+00   1.007200e+00   2.405748e-01
  1.855720e+00   9.511500e-01   2.381890e-01
  1.858380e+00   1.272850e+00   2.383336e-01
  1.861030e+00   1.189000e+00   2.379462e-01
  1.863690e+00   1.606100e+00   2.399026e-01
  1.866340e+00   9.567500e-01   2.395545e-01
  1.869000e+00   6.712000e-01   2.382857e-01
  1.871650e+00   1.211500e+00   2.397571e-01
  1.874310e+00   1.124750e+00   2.352599e-01
  1.876970e+00   1.045550e+00   2.383536e-01
  1.879620e+00   1.291800e+00   2.389509e-01
  1.882280e+00   9.599500e-01   2.381684e-01
  1.884930e+00   1.032750e+00   2.396121e-01
  1.887590e+00   1.199600e+00   2.377064e-01
  1.890240e+00   1.209600e+00   2.390091e-01
  1.892900e+00   8.106500e-01   2.368075e-01
  1.895550e+00   1.257550e+00   2.391958e-01
  1.898210e+00   1.014550e+00   2.361677e-01
  1.900860e+00   9.755000e-01   2.384492e-01
  1.903520e+00   1.527050e+00   2.399717e-01
  1.906180e+00   8.894500e-01   2.381725e-01
  1.908830e+00   9.915000e-01   2.383985e-01
  1.911490e+00   1.094050e+00   2.385996e-01
  1.914140e+00   1.108750e+00   2.364721e-01
  1.916800e+00   1.056900e+00   2.369434e-01
  1.919450e+00   8.208500e-01   2.395386e-01
  1.922110e+00   1.109600e+00   2.382005e-01
  1.924760e+00   1.079050e+00   2.365183e-01
  1.927420e+00   8.884000e-01   2.381877e-01
  1.930070e+00   7.805500e-01   2.364932e-01
  1.932730e+00   8.487000e-01   2.396369e-01
  1.935390e+00   1.338400e+00   2.380122e-01
  1.938040e+00   6.631000e-01   2.374141e-01
  1.940700e+00   6.597000e-01   2.368403e-01
  1.943350e+00   7.821500e-01   2.378573e-01
  1.946010e+00   5.209500e-01   2.390393e-01
  1.948660e+00   8.823000e-01   2.391828e-01
  1.951320e+00   1.157350e+00   2.366811e-01
  1.953970e+00   1.073000e+00   2.382082e-01
  1.956630e+00   9.052500e-01   2.342986e-01
  1.959280e+00   5.926000e-01   2.375693e-01
  1.961940e+00   8.040500e-01   2.385174e-01
  1.964600e+00   1.074600e+00   2.376669e-01
  1.967250e+00   9.606000e-01   2.360356e-01
  1.969910e+00   1.191950e+00   2.381295e-01
  1.972560e+00   1.051000e+00   2.391174e-01
  1.975220e+00   7.207500e-01   2.371967e-01
  1.977870e+00   1.303500e+00   2.368930e-01
  1.980530e+00   8.898000e-01   2.379748e-01
  1.983180e+00   7.217500e-01   2.358230e-01
  1.985840e+00   5.820000e-01   2.395697e-01
  1.988490e+00   7.918500e-01   2.378969e-01
  1.991150e+00   1.078550e+00   2.366895e-01
  1.993810e+00   6.615000e-01   2.379277e-01
  1.996460e+00   6.261500e-01   2.375931e-01
  1.999120e+00   7.897500e-01   2.374610e-01
  2.001770e+00   4.972500e-01   2.383952e-01
  2.004430e+00   1.254600e+00   2.356389e-01
  2.007080e+00   1.036900e+00   2.366025e-01
  2.009740e+00   4.094000e-01   2.383662e-01
  2.012390e+00   7.664500e-01   2.363263e-01
  2.015050e+00   6.792000e-01   2.344154e-01
  2.017700e+00   7.725500e-01   2.375354e-01
  2.020360e+00   7.070500e-01   2.378731e-01
  2.023020e+00   9.535000e-01   2.351740e-01
  2.025670e+00   8.776000e-01   2.369604e-01
  2.028330e+00   9.011000e-01   2.373888e-01
  2.030980e+00   1.202200e+00   2.373274e-01
  2.033640e+00   4.480500e-01   2.362211e-01
  2.036290e+00   6.609500e-01   2.369449e-01
  2.038950e+00   1.205600e+00   2.362374e-01
  2.041600e+00   1.092500e+00   2.366524e-01
  2.044260e+00   9.153000e-01   2.368572e-01
  2.046910e+00   7.705500e-01   2.366390e-01
  2.049570e+00   9.256500e-01   2.364624e-01
  2.052230e+00   9.919000e-01   2.377219e-01
  2.054880e+00   6.745500e-01   2.338647e-01
  2.057540e+00   8.272500e-01   2.365170e-01
  2.060190e+00   3.181000e-01   2.353307e-01
  2.062850e+00   1.237650e+00   2.370098e-01
  2.065500e+00   6.433500e-01   2.378607e-01
  2.068160e+00   1.107350e+00   2.383388e-01
  2.070810e+00   9.158000e-01   2.355780e-01
  2.073470e+00   8.699500e-01   2.369379e-01
  2.076120e+00   1.325250e+00   2.362316e-01
  2.078780e+00   6.109500e-01   2.365453e-01
  2.081440e+00   7.855500e-01   2.354719e-01
  2.084090e+00   9.376500e-01   2.358591e-01
  2.086750e+00   1.015600e+00   2.345869e-01
  2.089400e+00   5.419000e-01   2.351936e-01
  2.092060e+00   1.076850e+00   2.355085e-01
  2.094710e+00   9.243000e-01   2.371244e-01
  2.097370e+00   1.013400e+00   2.361053e-01
  2.100020e+00   7.040500e-01   2.369610e-01
  2.102680e+00   1.213850e+00   2.354093e-01
  2.105330e+00   7.724500e-01   2.357499e-01
  2.107990e+00   1.211300e+00   2.362660e-01
  2.110650e+00   7.365500e-01   2.353218e-01
  2.113300e+00   9.724500e-01   2.350148e-01
  2.115960e+00   7.669000e-01   2.350754e-01
  2.118610e+00   1.089650e+00   2.371898e-01
  2.121270e+00   1.216750e+00   2.365634e-01
  2.123920e+00   8.251000e-01   2.352424e-01
  2.126580e+00   5.863500e-01   2.363166e-01
  2.129230e+00   9.509500e-01   2.340232e-01
  2.131890e+00   7.307000e-01   2.370456e-01
  2.134540e+00   1.457400e+00   2.360906e-01
  2.137200e+00   8.268500e-01   2.365663e-01
  2.139860e+00   1.186150e+00   2.370988e-01
  2.142510e+00   9.204000e-01   2.341788e-01
  2.145170e+00   1.405500e-01   2.368802e-01
  2.147820e+00   7.548000e-01   2.344126e-01
  2.150480e+00   7.798000e-01   2.359868e-01
  2.153130e+00   1.055750e+00   2.357603e-01
  2.155790e+00   8.855500e-01   2.360032e-01
  2.158440e+00   1.031450e+00   2.359476e-01
  2.161100e+00   8.261000e-01   2.355202e-01
  2.163750e+00   9.039500e-01   2.348454e-01
  2.166410e+00   9.428500e-01   2.329103e-01
  2.169070e+00   4.948500e-01   2.353119e-01
  2.171720e+00   9.748500e-01   2.369655e-01
  2.174380e+00   7.216500e-01   2.342036e-01
  2.177030e+00   1.164350e+00   2.343895e-01
  2.179690e+00   1.149300e+00   2.367841e-01
  2.182340e+00   1.225650e+00   2.344494e-01
  2.185000e+00   1.036600e+00   2.359240e-01
  2.187650e+00   9.055000e-01   2.349433e-01
  2.190310e+00   6.716500e-01   2.357907e-01
  2.192960e+00   1.396150e+00   2.355084e-01
  2.195620e+00   9.096500e-01   2.347473e-01
  2.198280e+00   6.187000e-01   2.338502e-01
  2.200930e+00   6.676500e-01   2.342571e-01
  2.203590e+00   9.509500e-01   2.347693e-01
  2.206240e+00   8.288000e-01   2.341480e-01
  2.208900e+00   9.410500e-01   2.356495e-01
  2.211550e+00   7.945500e-01   2.357029e-01
  2.214210e+00   4.963500e-01   2.345853e-01
  2.216860e+00   5.452500e-01   2.330894e-01
  2.219520e+00   9.733500e-01   2.342281e-01
  2.222170e+00   8.918000e-01   2.344486e-01
  2.224830e+00   8.018500e-01   2.355743e-01
  2.227490e+00   1.000950e+00   2.351270e-01
  2.230140e+00   6.540500e-01   2.344887e-01
  2.232800e+00   9.912500e-01   2.338985e-01
  2.235450e+00   1.042150e+00   2.336255e-01
  2.238110e+00   9.099000e-01   2.343371e-01
  2.240760e+00   5.383000e-01   2.333088e-01
  2.243420e+00   9.284500e-01   2.346028e-01
  2.246070e+00   9.737000e-01   2.326842e-01
  2.248730e+00   6.174500e-01   2.340902e-01
  2.251380e+00   7.365000e-01   2.332254e-01
  2.254040e+00   9.665500e-01   2.342289e-01
  2.256700e+00   7.823000e-01   2.339206e-01
  2.259350e+00   9.137000e-01   2.322704e-01
  2.262010e+00   5.534500e-01   2.344007e-01
  2.264660e+00   4.667000e-01   2.343426e-01
  2.267320e+00   3.565000e-01   2.344234e-01
  2.269970e+00   8.723000e-01   2.347970e-01
  2.272630e+00   8.025500e-01   2.319618e-01
  2.275280e+00   1.007350e+00   2.340072e-01
  2.277940e+00   1.204600e+00   2.323915e-01
  2.280590e+00   1.222050e+00   2.333163e-01
  2.283250e+00   9.395000e-01   2.346194e-01
  2.285910e+00   7.914500e-01   2.327119e-01
  2.288560e+00   8.922500e-01   2.338846e-01
  2.291220e+00   6.165000e-01   2.337915e-01
  2.293870e+00   9.056000e-01   2.600349e-01
  2.296530e+00   5.808000e-01   2.710005e-01
  2.299180e+00   7.489500e-01   2.865838e-01
  2.301840e+00   8.414500e-01   2.926653e-01
  2.304490e+00   1.311700e+00   3.086728e-01
  2.307150e+00   5.477000e-01   3.200271e-01
  2.309800e+00   7.441500e-01   3.384614e-01
  2.312460e+00   7.417000e-01   3.539889e-01
  2.315120e+00   2.600000e-03   3.689063e-01
  2.317770e+00   1.228300e+00   3.844208e-01
  2.320430e+00   6.662500e-01   4.049336e-01
  2.323080e+00   3.451500e-01   4.205144e-01
  2.325740e+00   9.669000e-01   3.426399e-01
  2.328390e+00   5.657000e-01   3.286749e-01
  2.331050e+00   7.463000e-01   3.195590e-01
  2.333700e+00   7.743500e-01   3.036701e-01
  2.336360e+00   5.956500e-01   2.956028e-01
  2.339010e+00   7.699500e-01   2.875028e-01
  2.341670e+00   1.157800e+00   2.810515e-01
  2.344330e+00   2.542500e-01   2.756438e-01
  2.346980e+00   9.806000e-01   2.702481e-01
  2.349640e+00   6.338500e-01   2.658577e-01
  2.352290e+00   7.999000e-01   2.639406e-01
  2.354950e+00   5.312500e-01   2.573607e-01
  2.357600e+00   6.544000e-01   2.563524e-01
  2.360260e+00   5.278500e-01   2.529785e-01
  2.362910e+00   1.016100e+00   2.517776e-01
  2.365570e+00   5.814000e-01   2.509038e-01
  2.368220e+00   8.479500e-01   2.491456e-01
  2.370880e+00   3.004000e-01   2.479877e-01
  2.373540e+00   1.027550e+00   2.469061e-01
  2.376190e+00   3.887500e-01   2.483342e-01
  2.378850e+00   6.364000e-01   2.463433e-01
  2.381500e+00   8.933500e-01   2.461957e-01
  2.384160e+00   5.751000e-01   2.430085e-01
  2.386810e+00   8.919500e-01   2.447159e-01
  2.389470e+00   6.129500e-01   2.421581e-01
  2.392120e+00   6.693000e-01   2.398147e-01
  2.394780e+00   7.771500e-01   2.379584e-01
  2.397430e+00   7.875000e-01   2.386555e-01
  2.400090e+00   1.028000e+00   2.354005e-01
  2.402750e+00   8.812000e-01   2.362127e-01
  2.405400e+00   7.932000e-01   2.350010e-01
  2.408060e+00   6.615000e-01   2.319015e-01
  2.410710e+00   5.780500e-01   2.319146e-01
  2.413370e+00   6.597500e-01   2.315411e-01
  2.416020e+00   8.606500e-01   2.323267e-01
  2.418680e+00   8.142500e-01   2.320642e-01
  2.421330e+00   7.064500e-01   2.317395e-01
  2.423990e+00   7.548500e-01   2.316944e-01
  2.426640e+00   6.905000e-01   2.321290e-01
  2.429300e+00   6.952500e-01   2.313311e-01
  2.431960e+00   5.141000e-01   2.311791e-01
  2.434610e+00   9.997500e-01   2.309380e-01
  2.437270e+00   8.402000e-01   2.328047e-01
  2.439920e+00   5.858500e-01   2.298932e-01
  2.442580e+00   7.374500e-01   2.306556e-01
  2.445230e+00   7.564500e-01   2.323367e-01
  2.447890e+00   9.294000e-01   2.320188e-01
  2.450540e+00   1.036050e+00   2.326002e-01
  2.453200e+00   4.734500e-01   2.303438e-01
  2.455850e+00   1.205550e+00   2.321172e-01
  2.458510e+00   6.073500e-01   2.314106e-01
  2.461170e+00   2.122000e-01   2.297800e-01
  2.463820e+00   9.666500e-01   2.314337e-01
  2.466480e+00   5.989500e-01   2.305002e-01
  2.469130e+00   3.501000e-01   2.324193e-01
  2.471790e+00   5.766000e-01   2.317266e-01
  2.474440e+00   1.054000e+00   2.299105e-01
  2.477100e+00   5.811000e-01   2.325553e-01
  2.479750e+00   7.049000e-01   2.322370e-01
  2.482410e+00   6.784500e-01   2.331321e-01
  2.485060e+00   7.385000e-01   2.311307e-01
  2.487720e+00   9.402500e-01   2.315011e-01
  2.490380e+00   1.046000e+00   2.316297e-01
  2.493030e+00   8.334500e-01   2.301370e-01
  2.495690e+00   6.140500e-01   2.287731e-01
  2.498340e+00   5.557000e-01   2.270031e-01
  2.501000e+00   8.905000e-01   2.302323e-01
  2.503650e+00   4.460000e-01   2.305652e-01
  2.506310e+00   4.139500e-01   2.291980e-01
  2.508960e+00   5.383000e-01   2.301675e-01
  2.511620e+00   6.219500e-01   2.284950e-01
  2.514270e+00   3.534500e-01   2.289271e-01
  2.516930e+00   2.690500e-01   2.292791e-01
  2.519590e+00   7.358500e-01   2.308883e-01
  2.522240e+00   9.569000e-01   2.290541e-01
  2.524900e+00  -7.015000e-02   2.303955e-01
  2.527550e+00   8.396500e-01   2.303766e-01
  2.530210e+00   4.534000e-01   2.297470e-01
  2.532860e+00   6.499000e-01   2.292190e-01
  2.535520e+00   8.781500e-01   2.282571e-01
  2.538170e+00   6.842000e-01   2.291561e-01
  2.540830e+00   1.005750e+00   2.288254e-01
  2.543480e+00   9.417500e-01   2.291694e-01
  2.546140e+00   8.899000e-01   2.284500e-01
  2.548800e+00   1.082300e+00   2.296310e-01
  2.551450e+00   7.489000e-01   2.298563e-01
  2.554110e+00   5.500500e-01   2.289218e-01
  2.556760e+00   6.573500e-01   2.300621e-01
  2.559420e+00   6.027500e-01   2.277744e-01
  2.562070e+00   5.758000e-01   2.282155e-01
  2.564730e+00   6.475500e-01   2.303625e-01
  2.567380e+00   8.117000e-01   2.294197e-01
  2.570040e+00   7.006500e-01   2.281675e-01
  2.572690e+00   5.727000e-01   2.293832e-01
  2.575350e+00   4.919000e-01   2.292685e-01
  2.578010e+00   1.077450e+00   2.302943e-01
  2.580660e+00   1.067700e+00   2.284569e-01
  2.583320e+00   2.676000e-01   2.290411e-01
  2.585970e+00   6.445000e-01   2.286540e-01
  2.588630e+00   9.383500e-01   2.307598e-01
  2.591280e+00   6.523000e-01   2.294023e-01
  2.593940e+00   8.253000e-01   2.287932e-01
  2.596590e+00   6.172500e-01   2.291285e-01
  2.599250e+00   1.045000e+00   2.293597e-01
  2.601900e+00   6.960500e-01   2.268603e-01
  2.604560e+00   1.034250e+00   2.296351e-01
  2.607220e+00  -2.505000e-02   2.280391e-01
  2.609870e+00   7.122000e-01   2.298486e-01
  2.612530e+00   5.000000e-01   2.283429e-01
  2.615180e+00   9.143500e-01   2.282626e-01
  2.617840e+00   6.782000e-01   2.296742e-01
  2.620490e+00   6.283500e-01   2.275574e-01
  2.623150e+00   4.595000e-01   2.287010e-01
  2.625800e+00   8.435000e-01   2.268221e-01
  2.628460e+00   1.116250e+00   2.291813e-01
  2.631110e+00   9.396500e-01   2.269296e-01
  2.633770e+00   8.550000e-01   2.289071e-01
  2.636430e+00   7.513000e-01   2.307623e-01
  2.639080e+00   7.945000e-01   2.298375e-01
  2.641740e+00   6.154000e-01   2.312102e-01
  2.644390e+00   7.927000e-01   2.292307e-01
  2.647050e+00   7.114000e-01   2.289267e-01
  2.649700e+00   5.769500e-01   2.290648e-01
  2.652360e+00   6.001000e-01   2.295826e-01
  2.655010e+00   1.019200e+00   2.286622e-01
  2.657670e+00   2.287000e-01   2.288541e-01
  2.660320e+00   4.922500e-01   2.297349e-01
  2.662980e+00   5.773000e-01   2.298087e-01
  2.665640e+00   9.302000e-01   2.303361e-01
  2.668290e+00   6.544500e-01   2.282296e-01
  2.670950e+00   3.176000e-01   2.297165e-01
  2.673600e+00   9.072500e-01   2.296740e-01
  2.676260e+00   2.584500e-01   2.302290e-01
  2.678910e+00   4.368000e-01   2.269425e-01
  2.681570e+00   8.788000e-01   2.293388e-01
  2.684220e+00   5.267000e-01   2.283917e-01
  2.686880e+00   8.597500e-01   2.287517e-01
  2.689530e+00   8.767500e-01   2.280975e-01
  2.692190e+00   9.060500e-01   2.296896e-01
  2.694850e+00   5.824000e-01   2.294783e-01
  2.697500e+00   8.080000e-01   2.292770e-01
  2.700160e+00   3.642000e-01   2.297253e-01
  2.702810e+00   6.832500e-01   2.271572e-01
  2.705470e+00   4.939500e-01   2.291623e-01
  2.708120e+00   4.409000e-01   2.286655e-01
  2.710780e+00   5.204000e-01   2.302957e-01
  2.713430e+00   8.008000e-01   2.292447e-01
  2.716090e+00   6.462500e-01   2.298284e-01
  2.718740e+00   5.582500e-01   2.300892e-01
  2.721400e+00   3.784500e-01   2.268039e-01
  2.724060e+00   4.576500e-01   2.290944e-01
  2.726710e+00   7.482500e-01   2.294435e-01
  2.729370e+00   4.452000e-01   2.284340e-01
  2.732020e+00   5.747500e-01   2.295425e-01
  2.734680e+00   8.307500e-01   2.281500e-01
  2.737330e+00   3.629500e-01   2.283203e-01
  2.739990e+00   7.308500e-01   2.280530e-01
  2.742640e+00   5.643000e-01   2.284713e-01
  2.745300e+00   7.759000e-01   2.285349e-01
  2.747950e+00   6.705500e-01   2.282316e-01
  2.750610e+00   8.271000e-01   2.299628e-01
  2.753270e+00   3.215000e-01   2.284226e-01
  2.755920e+00   9.423000e-01   2.274981e-01
  2.758580e+00   6.617000e-01   2.267477e-01
  2.761230e+00   7.285000e-01   2.289291e-01
  2.763890e+00   5.124000e-01   2.287879e-01
  2.766540e+00   6.718000e-01   2.275390e-01
  2.769200e+00   6.760000e-01   2.288467e-01
  2.771850e+00   5.855500e-01   2.283594e-01
  2.774510e+00   9.313500e-01   2.286558e-01
  2.777160e+00   7.918000e-01   2.269300e-01
  2.779820e+00   7.701500e-01   2.290515e-01
  2.782480e+00   3.053500e-01   2.279173e-01
  2.785130e+00   5.440500e-01   2.259492e-01
  2.787790e+00   8.823500e-01   2.279057e-01
  2.790440e+00   6.088000e-01   2.277418e-01
  2.793100e+00   7.330500e-01   2.276241e-01
  2.795750e+00   6.707500e-01   2.278487e-01
  2.798410e+00   6.026500e-01   2.281960e-01
  2.801060e+00   7.682000e-01   2.277971e-01
  2.803720e+00   9.465500e-01   2.293691e-01
  2.806370e+00   4.690500e-01   2.275786e-01
  2.809030e+00   4.878000e-01   2.281894e-01
  2.811690e+00  -1.237500e-01   2.276003e-01
  2.814340e+00   9.129500e-01   2.277260e-01
  2.817000e+00   7.553000e-01   2.279472e-01
  2.819650e+00   6.598000e-01   2.282377e-01
  2.822310e+00   7.036500e-01   2.276388e-01
  2.824960e+00   5.772000e-01   2.273989e-01
  2.827620e+00   6.118000e-01   2.274966e-01
  2.830270e+00   5.481000e-01   2.283226e-01
  2.832930e+00   4.898000e-01   2.276911e-01
  2.835580e+00   7.390000e-01   2.271042e-01
  2.838240e+00   6.326000e-01   2.272028e-01
  2.840900e+00   4.428000e-01   2.279994e-01
  2.843550e+00   5.154000e-01   2.265793e-01
  2.846210e+00   7.582500e-01   2.269744e-01
  2.848860e+00   1.056800e+00   2.272830e-01
  2.851520e+00   4.946000e-01   2.268950e-01
  2.854170e+00   7.334500e-01   2.268235e-01
  2.856830e+00   1.011350e+00   2.275175e-01
  2.859480e+00   4.753000e-01   2.282764e-01
  2.862140e+00   8.738000e-01   2.277152e-01
  2.864790e+00   4.762500e-01   2.267036e-01
  2.867450e+00   7.803500e-01   2.273901e-01
  2.870110e+00   1.824000e-01   2.269786e-01
  2.872760e+00   8.669000e-01   2.269740e-01
  2.875420e+00   7.567000e-01   2.273339e-01
  2.878070e+00   5.902000e-01   2.278959e-01
  2.880730e+00   1.107500e-01   2.280335e-01
  2.883380e+00   7.366000e-01   2.270135e-01
  2.886040e+00   2.437500e-01   2.270353e-01
  2.888690e+00   4.978500e-01   2.276962e-01
  2.891350e+00   1.086200e+00   2.275275e-01
  2.894000e+00   4.016500e-01   2.271205e-01
  2.896660e+00   5.287000e-01   2.265547e-01
  2.899320e+00   7.350000e-01   2.275959e-01
  2.901970e+00   4.424000e-01   2.274488e-01
  2.904630e+00   3.431500e-01   2.280039e-01
  2.907280e+00   6.871500e-01   2.273052e-01
  2.909940e+00   3.274500e-01   2.265758e-01
  2.912590e+00   7.831000e-01   2.262813e-01
  2.915250e+00   2.728500e-01   2.263560e-01
  2.917900e+00   5.627500e-01   2.263394e-01
  2.920560e+00   3.569000e-01   2.256074e-01
  2.923210e+00   1.005750e+00   2.278276e-01
  2.925870e+00   7.670500e-01   2.255963e-01
  2.928530e+00   3.058000e-01   2.280472e-01
  2.931180e+00  -1.320000e-02   2.262301e-01
  2.933840e+00   4.414000e-01   2.290477e-01
  2.936490e+00   3.589500e-01   2.269308e-01
  2.939150e+00   6.430000e-01   2.261729e-01
  2.941800e+00   1.588000e-01   2.274367e-01
  2.944460e+00   5.506000e-01   2.253296e-01
  2.947110e+00   9.308000e-01   2.264867e-01
  2.949770e+00   7.239000e-01   2.257419e-01
  2.952420e+00   3.776000e-01   2.272494e-01
  2.955080e+00   4.648000e-01   2.260746e-01
  2.957740e+00   8.778500e-01   2.271597e-01
  2.960390e+00   1.135850e+00   2.282174e-01
  2.963050e+00   5.418000e-01   2.285141e-01
  2.965700e+00   5.555000e-01   2.277421e-01
  2.968360e+00   5.508500e-01   2.280067e-01
  2.971010e+00   1.932500e-01   2.278055e-01
  2.973670e+00   4.916000e-01   2.273538e-01
  2.976320e+00   9.524500e-01   2.263230e-01
  2.978980e+00   7.202000e-01   2.272156e-01
  2.981630e+00   5.811500e-01   2.251292e-01
  2.984290e+00   9.159500e-01   2.255203e-01
  2.986950e+00   8.294000e-01   2.271095e-01
  2.989600e+00   2.729500e-01   2.270020e-01
  2.992260e+00   2.971000e-01   2.260738e-01
  2.994910e+00   5.516500e-01   2.269072e-01
  2.997570e+00   5.201000e-01   2.250512e-01
  3.000220e+00   9.507500e-01   2.275540e-01
  3.002880e+00   7.705500e-01   2.266311e-01
  3.005530e+00   6.304000e-01   2.267796e-01
  3.008190e+00   7.630500e-01   2.271629e-01
  3.010840e+00   4.136500e-01   2.260854e-01
  3.013500e+00   6.903500e-01   2.259018e-01
  3.016160e+00   4.906000e-01   2.258824e-01
  3.018810e+00   5.460000e-01   2.268820e-01
  3.021470e+00   6.592500e-01   2.261273e-01
  3.024120e+00   4.491000e-01   2.248631e-01
  3.026780e+00   1.061150e+00   2.276615e-01
  3.029430e+00   7.336500e-01   2.251339e-01
  3.032090e+00   6.603000e-01   2.244024e-01
  3.034740e+00   8.089500e-01   2.257097e-01
  3.037400e+00   6.214000e-01   2.274627e-01
  3.040050e+00   4.290500e-01   2.265093e-01
  3.042710e+00   6.290500e-01   2.250447e-01
  3.045370e+00   9.170500e-01   2.262706e-01
  3.048020e+00   4.992000e-01   2.268913e-01
  3.050680e+00   9.621000e-01   2.264735e-01
  3.053330e+00   9.992000e-01   2.254559e-01
  3.055990e+00   8.876500e-01   2.254811e-01
  3.058640e+00   1.085650e+00   2.253056e-01
  3.061300e+00   7.123500e-01   2.262307e-01
  3.063950e+00   5.865000e-01   2.253304e-01
  3.066610e+00   8.218000e-01   2.265556e-01
  3.069260e+00   5.388000e-01   2.263247e-01
  3.071920e+00   5.345000e-01   2.255888e-01
  3.074580e+00   1.044950e+00   2.256258e-01
  3.077230e+00   4.767500e-01   2.255221e-01
  3.079890e+00   6.083000e-01   2.264702e-01
  3.082540e+00   4.303500e-01   2.254618e-01
  3.085200e+00   3.806000e-01   2.258788e-01
  3.087850e+00   4.889000e-01   2.258120e-01
  3.090510e+00   9.055000e-01   2.266320e-01
  3.093160e+00   1.017350e+00   2.260618e-01
  3.095820e+00   1.413500e-01   2.257985e-01
  3.098470e+00   4.358000e-01   2.255302e-01
  3.101130e+00   5.172000e-01   2.266963e-01
  3.103790e+00   5.050000e-01   2.253440e-01
  3.106440e+00   4.685000e-01   2.252808e-01
  3.109100e+00   3.658000e-01   2.251081e-01
  3.111750e+00   2.115000e-01   2.255360e-01
  3.114410e+00   4.168500e-01   2.258065e-01
  3.117060e+00   4.249000e-01   2.247702e-01
  3.119720e+00   1.116300e+00   2.237932e-01
  3.122370e+00   1.168000e-01   2.255912e-01
  3.125030e+00   1.394500e-01   2.261371e-01
  3.127680e+00   5.214000e-01   2.265367e-01
  3.130340e+00   4.338000e-01   2.250037e-01
  3.133000e+00   7.107500e-01   2.248516e-01
  3.135650e+00   1.994000e-01   2.253473e-01
  3.138310e+00   5.292000e-01   2.245902e-01
  3.140960e+00   4.098000e-01   2.248122e-01
  3.143620e+00   4.651500e-01   2.250793e-01
  3.146270e+00   6.785000e-01   2.249220e-01
  3.148930e+00   9.445000e-01   2.245567e-01
  3.151580e+00   5.687500e-01   2.250748e-01
  3.154240e+00   4.434500e-01   2.240010e-01
  3.156890e+00   9.305000e-02   2.243211e-01
  3.159550e+00   4.288000e-01   2.234063e-01
  3.162210e+00   5.353500e-01   2.250713e-01
  3.164860e+00   5.266000e-01   2.233846e-01
  3.167520e+00   5.958500e-01   2.249649e-01
  3.170170e+00   4.927500e-01   2.238199e-01
  3.172830e+00   8.534000e-01   2.239946e-01
  3.175480e+00   8.407500e-01   2.233199e-01
  3.178140e+00   5.709000e-01   2.248440e-01
  3.180790e+00   8.785500e-01   2.239057e-01
  3.183450e+00   5.689000e-01   2.249012e-01
  3.186100e+00   1.351000e-01   2.234171e-01
  3.188760e+00   7.754500e-01   2.249412e-01
  3.191420e+00   4.649000e-01   2.244166e-01
  3.194070e+00   6.387500e-01   2.239438e-01
  3.196730e+00   4.656000e-01   2.247094e-01
  3.199380e+00   1.124550e+00   2.250670e-01
  3.202040e+00   6.988000e-01   2.241332e-01
  3.204690e+00   4.049000e-01   2.237148e-01
  3.207350e+00   6.239500e-01   2.232796e-01
  3.210000e+00   7.299000e-01   2.231832e-01
  3.212660e+00   6.847000e-01   2.233133e-01
  3.215310e+00   4.375000e-01   2.240302e-01
  3.217970e+00   7.269500e-01   2.248247e-01
  3.220630e+00   7.340000e-01   2.248701e-01
  3.223280e+00   5.268500e-01   2.243601e-01
  3.225940e+00   6.968000e-01   2.248265e-01
  3.228590e+00   7.934500e-01   2.240603e-01
  3.231250e+00   6.114500e-01   2.242241e-01
  3.233900e+00   6.515000e-01   2.226932e-01
  3.236560e+00   2.270000e-01   2.222533e-01
  3.239210e+00   6.867500e-01   2.228307e-01
  3.241870e+00   8.003500e-01   2.226795e-01
  3.244520e+00   2.684000e-01   2.233293e-01
  3.247180e+00   8.079000e-01   2.231199e-01
  3.249840e+00   8.437000e-01   2.231084e-01
  3.252490e+00   2.653500e-01   2.235293e-01
  3.255150e+00   4.509500e-01   2.227868e-01
  3.257800e+00   5.847000e-01   2.231792e-01
  3.260460e+00   5.160000e-01   2.234721e-01
  3.263110e+00   6.049000e-01   2.236130e-01
  3.265770e+00   4.460000e-01   2.222104e-01
  3.268420e+00   3.926500e-01   2.225721e-01
  3.271080e+00   8.017500e-01   2.206963e-01
  3.273730e+00   5.121500e-01   2.227533e-01
  3.276390e+00   5.293500e-01   2.224207e-01
  3.279050e+00   2.813000e-01   2.210975e-01
  3.281700e+00   5.344000e-01   2.222639e-01
  3.284360e+00   5.704500e-01   2.235303e-01
  3.287010e+00   4.635500e-01   2.239281e-01
  3.289670e+00   5.921000e-01   2.235458e-01
  3.292320e+00   4.990500e-01   2.233954e-01
  3.294980e+00   3.663500e-01   2.223073e-01
  3.297630e+00   4.710500e-01   2.217303e-01
  3.300290e+00   7.091000e-01   2.217643e-01
  3.302940e+00   4.779500e-01   2.225963e-01
  3.305600e+00   5.647000e-01   2.226866e-01
  3.308260e+00   3.381000e-01   2.220995e-01
  3.310910e+00   2.013000e-01   2.228573e-01
  3.313570e+00   9.322000e-01   2.216266e-01
  3.316220e+00   3.899000e-01   2.221004e-01
  3.318880e+00   7.905500e-01   2.220251e-01
  3.321530e+00   3.850000e-01   2.216583e-01
  3.324190e+00   2.228500e-01   2.222154e-01
  3.326840e+00   5.332500e-01   2.220439e-01
  3.329500e+00   5.788000e-01   2.215881e-01
  3.332150e+00   7.545000e-02   2.227228e-01
  3.334810e+00   6.225000e-02   2.225416e-01
  3.337470e+00   4.513500e-01   2.218588e-01
  3.340120e+00   4.494500e-01   2.230446e-01
  3.342780e+00   6.430000e-01   2.225624e-01
  3.345430e+00   6.236000e-01   2.224985e-01
  3.348090e+00   6.770500e-01   2.223787e-01
  3.350740e+00   4.935500e-01   2.227675e-01
  3.353400e+00   2.354500e-01   2.231702e-01
  3.356050e+00   4.095500e-01   2.212089e-01
  3.358710e+00   2.551000e-01   2.220262e-01
  3.361360e+00   8.374000e-01   2.223638e-01
  3.364020e+00   2.561500e-01   2.213032e-01
  3.366680e+00   2.510500e-01   2.224988e-01
  3.369330e+00   7.026500e-01   2.219723e-01
  3.371990e+00   5.204500e-01   2.233007e-01
  3.374640e+00   6.227500e-01   2.225579e-01
  3.377300e+00   4.347000e-01   2.221610e-01
  3.379950e+00   2.650500e-01   2.224790e-01
  3.382610e+00   4.726500e-01   2.228734e-01
  3.385260e+00   4.529000e-01   2.222117e-01
  3.387920e+00   2.624000e-01   2.229038e-01
  3.390570e+00   3.731500e-01   2.213364e-01
  3.393230e+00   4.930500e-01   2.217747e-01
  3.395890e+00   1.023500e-01   2.220875e-01
  3.398540e+00   4.697500e-01   2.206049e-01
  3.401200e+00   5.435000e-01   2.217904e-01
  3.403850e+00   5.045000e-01   2.210492e-01
  3.406510e+00   3.051500e-01   2.211951e-01
  3.409160e+00   5.842000e-01   2.202549e-01
  3.411820e+00   6.695500e-01   2.213360e-01
  3.414470e+00   3.617000e-01   2.210546e-01
  3.417130e+00   9.626500e-01   2.218755e-01
  3.419790e+00   1.025350e+00   2.221387e-01
  3.422440e+00   8.165000e-01   2.220086e-01
  3.425100e+00   8.958000e-01   2.206811e-01
  3.427750e+00   7.020000e-01   2.209956e-01
  3.430410e+00   7.066000e-01   2.208451e-01
  3.433060e+00   6.435500e-01   2.220594e-01
  3.435720e+00   5.705500e-01   2.207776e-01
  3.438370e+00   5.178000e-01   2.208482e-01
  3.441030e+00   4.838000e-01   2.210498e-01
  3.443680e+00   4.923000e-01   2.211706e-01
  3.446340e+00   4.300000e-01   2.216408e-01
  3.449000e+00   4.479000e-01   2.215957e-01
  3.451650e+00   5.728500e-01   2.209424e-01
  3.454310e+00   3.176500e-01   2.223582e-01
  3.456960e+00   7.178500e-01   2.207161e-01
  3.459620e+00   3.684500e-01   2.203759e-01
  3.462270e+00   4.078000e-01   2.220426e-01
  3.464930e+00   6.090500e-01   2.217006e-01
  3.467580e+00   2.631000e-01   2.217003e-01
  3.470240e+00   3.857000e-01   2.209223e-01
  3.472890e+00   7.831500e-01   2.225166e-01
  3.475550e+00   6.815000e-01   2.222665e-01
  3.478210e+00   4.277500e-01   2.217250e-01
  3.480860e+00   8.180500e-01   2.206819e-01
  3.483520e+00   1.911500e-01   2.201602e-01
  3.486170e+00   6.316000e-01   2.207854e-01
  3.488830e+00   1.490000e-02   2.202805e-01
  3.491480e+00   5.031000e-01   2.210415e-01
  3.494140e+00   2.652500e-01   2.205602e-01
  3.496790e+00   2.096500e-01   2.204590e-01
  3.499450e+00   2.725000e-01   2.208362e-01
  3.502100e+00   6.109500e-01   2.202143e-01
  3.504760e+00   3.778500e-01   2.208228e-01
  3.507420e+00   5.941000e-01   2.199042e-01
  3.510070e+00   7.028000e-01   2.206901e-01
  3.512730e+00   3.780000e-01   2.205311e-01
  3.515380e+00   7.307500e-01   2.210699e-01
  3.518040e+00   4.832500e-01   2.204283e-01
  3.520690e+00   7.822500e-01   2.199440e-01
  3.523350e+00   1.190000e-01   2.209402e-01
  3.526000e+00   3.069000e-01   2.210215e-01
  3.528660e+00   7.175000e-01   2.211751e-01
  3.531310e+00   5.429500e-01   2.213015e-01
  3.533970e+00   7.273500e-01   2.207511e-01
  3.536630e+00   4.313000e-01   2.201178e-01
  3.539280e+00   3.788000e-01   2.204106e-01
  3.541940e+00   3.528500e-01   2.203636e-01
  3.544590e+00   2.332500e-01   2.212462e-01
  3.547250e+00   5.027500e-01   2.214761e-01
  3.549900e+00   3.446500e-01   2.208909e-01
  3.552560e+00   4.292000e-01   2.207775e-01
  3.555210e+00   6.422500e-01   2.187433e-01
  3.557870e+00   4.802500e-01   2.215648e-01
  3.560520e+00   3.804000e-01   2.217739e-01
  3.563180e+00   5.067000e-01   2.202737e-01
  3.565840e+00   4.166500e-01   2.204778e-01
  3.568490e+00   9.196500e-01   2.200773e-01
  3.571150e+00   3.777500e-01   2.185919e-01
  3.573800e+00   5.859500e-01   2.198555e-01
  3.576460e+00   6.102000e-01   2.214107e-01
  3.579110e+00   5.541500e-01   2.216281e-01
  3.581770e+00   9.890000e-02   2.192827e-01
  3.584420e+00   2.741000e-01   2.204476e-01
  3.587080e+00   1.484000e-01   2.196220e-01
  3.589730e+00   4.524500e-01   2.209520e-01
  3.592390e+00   4.093000e-01   2.204488e-01
  3.595050e+00   5.619000e-01   2.200742e-01
  3.597700e+00   5.748500e-01   2.209101e-01
  3.600360e+00   3.995500e-01   2.212374e-01
  3.603010e+00   7.054500e-01   2.203035e-01
  3.605670e+00   3.679000e-01   2.211306e-01
  3.608320e+00   2.913500e-01   2.529426e-01
  3.610980e+00   3.735000e-02   2.710553e-01
  3.613630e+00   3.801500e-01   2.902465e-01
  3.616290e+00   2.443000e-01   3.129766e-01
  3.618940e+00   1.071500e-01   3.275625e-01
  3.621600e+00  -7.690000e-02   3.557880e-01
  3.624260e+00   6.477000e-01   3.819330e-01
  3.626910e+00  -2.575000e-02   4.190331e-01
  3.629570e+00  -7.620000e-02   4.587241e-01
  3.632220e+00   2.565500e-01   4.858643e-01
  3.634880e+00   4.963000e-01   3.448055e-01
  3.637530e+00   7.013000e-01   3.089897e-01
  3.640190e+00   2.329500e-01   2.913470e-01
  3.642840e+00  -1.418500e-01   2.798330e-01
  3.645500e+00   9.530000e-02   2.686193e-01
  3.648150e+00   3.932500e-01   2.588449e-01
  3.650810e+00   6.130500e-01   2.521983e-01
  3.653470e+00   4.970500e-01   2.462940e-01
  3.656120e+00   3.765000e-01   2.397676e-01
  3.658780e+00   1.704000e-01   2.388920e-01
  3.661430e+00   1.270000e-01   2.374171e-01
  3.664090e+00   3.234000e-01   2.374292e-01
  3.666740e+00   4.036500e-01   2.332905e-01
  3.669400e+00   5.422000e-01   2.318137e-01
  3.672050e+00   6.577500e-01   2.286067e-01
  3.674710e+00   5.365500e-01   2.268372e-01
  3.677360e+00   4.624500e-01   2.253011e-01
  3.680020e+00   7.717000e-01   2.233121e-01
  3.682680e+00   3.916000e-01   2.211177e-01
  3.685330e+00   6.886500e-01   2.188305e-01
  3.687990e+00   5.159500e-01   2.168070e-01
  3.690640e+00   3.937000e-01   2.162704e-01
  3.693300e+00   4.985500e-01   2.168474e-01
  3.695950e+00   6.695000e-01   2.158434e-01
  3.698610e+00   4.333000e-01   2.164416e-01
  3.701260e+00   5.622500e-01   2.177220e-01
  3.703920e+00   8.028500e-01   2.173590e-01
  3.706570e+00   3.350500e-01   2.178775e-01
  3.709230e+00   2.533000e-01   2.166444e-01
  3.711890e+00   5.632500e-01   2.171889e-01
  3.714540e+00   3.966000e-01   2.163316e-01
  3.717200e+00   1.773000e-01   2.170373e-01
  3.719850e+00   7.312000e-01   2.171717e-01
  3.722510e+00   6.209000e-01   2.154634e-01
  3.725160e+00   5.965000e-01   2.180346e-01
  3.727820e+00  -4.425000e-02   2.168845e-01
  3.730470e+00   5.301500e-01   2.158352e-01
  3.733130e+00   3.326500e-01   2.163016e-01
  3.735780e+00   1.311000e-01   2.177885e-01
  3.738440e+00   4.395000e-01   2.163731e-01
  3.741100e+00   2.100000e-02   2.155705e-01
  3.743750e+00   3.409500e-01   2.161476e-01
  3.746410e+00   7.504500e-01   2.164064e-01
  3.749060e+00   1.875000e-01   2.165748e-01
  3.751720e+00   3.840000e-01   2.158003e-01
  3.754370e+00   4.315000e-01   2.164959e-01
  3.757030e+00   7.096000e-01   2.176593e-01
  3.759680e+00   3.638000e-01   2.160273e-01
  3.762340e+00   5.787500e-01   2.160967e-01
  3.764990e+00   4.676000e-01   2.165415e-01
  3.767650e+00   5.056500e-01   2.164235e-01
  3.770310e+00   9.577000e-01   2.161253e-01
  3.772960e+00   3.964000e-01   2.154470e-01
  3.775620e+00   1.248000e-01   2.159891e-01
  3.778270e+00   5.264500e-01   2.146876e-01
  3.780930e+00   4.392500e-01   2.161998e-01
  3.783580e+00   1.650500e-01   2.162448e-01
  3.786240e+00   5.158000e-01   2.166713e-01
  3.788890e+00   6.755000e-01   2.163852e-01
  3.791550e+00   2.860500e-01   2.180922e-01
  3.794200e+00   2.217500e-01   2.179006e-01
  3.796860e+00   4.727000e-01   2.172034e-01
  3.799520e+00   2.933500e-01   2.145841e-01
  3.802170e+00   1.308000e-01   2.174045e-01
  3.804830e+00   7.947000e-01   2.153855e-01
  3.807480e+00   8.399500e-01   2.166254e-01
  3.810140e+00   6.672000e-01   2.170921e-01
  3.812790e+00   2.665000e-02   2.152623e-01
  3.815450e+00   1.101500e-01   2.160515e-01
  3.818100e+00   2.117500e-01   2.151618e-01
  3.820760e+00   3.953000e-01   2.168820e-01
  3.823410e+00  -2.126500e-01   2.144325e-01
  3.826070e+00   3.357500e-01   2.158318e-01
  3.828730e+00   5.091000e-01   2.155028e-01
  3.831380e+00   4.513000e-01   2.162390e-01
  3.834040e+00   6.179500e-01   2.158838e-01
  3.836690e+00   6.006500e-01   2.146776e-01
  3.839350e+00   6.541000e-01   2.157769e-01
  3.842000e+00   5.755500e-01   2.155219e-01
  3.844660e+00   5.318500e-01   2.162656e-01
  3.847310e+00   7.585500e-01   2.165960e-01
  3.849970e+00   7.925000e-01   2.156481e-01
  3.852620e+00   6.486000e-01   2.161323e-01
  3.855280e+00  -2.419500e-01   2.151532e-01
  3.857940e+00   7.603000e-01   2.156512e-01
  3.860590e+00   4.680000e-01   2.168880e-01
  3.863250e+00   1.272000e-01   2.160436e-01
  3.865900e+00   7.081000e-01   2.145726e-01
  3.868560e+00   5.824000e-01   2.164595e-01
  3.871210e+00   5.214000e-01   2.174545e-01
  3.873870e+00   5.550000e-03   2.162088e-01
  3.876520e+00   5.391500e-01   2.140604e-01
  3.879180e+00   8.030000e-02   2.154580e-01
  3.881830e+00   4.425000e-02   2.152290e-01
  3.884490e+00   2.651500e-01   2.153404e-01
  3.887150e+00   4.187500e-01   2.157389e-01
  3.889800e+00   3.415000e-01   2.149570e-01
  3.892460e+00   6.026000e-01   2.162764e-01
  3.895110e+00   5.241500e-01   2.162526e-01
  3.897770e+00   5.122000e-01   2.145143e-01
  3.900420e+00   3.506500e-01   2.166263e-01
  3.903080e+00   6.326500e-01   2.155726e-01
  3.905730e+00   7.011000e-01   2.168392e-01
  3.908390e+00   7.730000e-01   2.146875e-01
  3.911040e+00   3.778000e-01   2.157230e-01
  3.913700e+00   1.745000e-01   2.160017e-01
  3.916360e+00   8.860000e-01   2.152319e-01
  3.919010e+00   6.077000e-01   2.141076e-01
  3.921670e+00   3.629000e-01   2.150516e-01
  3.924320e+00   9.637000e-01   2.150641e-01
  3.926980e+00   5.705500e-01   2.162064e-01
  3.929630e+00   1.609500e-01   2.149854e-01
  3.932290e+00   4.944000e-01   2.137621e-01
  3.934940e+00   4.912000e-01   2.135342e-01
  3.937600e+00   3.752000e-01   2.153178e-01
  3.940250e+00   3.376500e-01   2.142367e-01
  3.942910e+00  -1.669500e-01   2.142265e-01
  3.945570e+00   2.238500e-01   2.162920e-01
  3.948220e+00   5.194500e-01   2.156459e-01
  3.950880e+00   1.361000e-01   2.150386e-01
  3.953530e+00   1.711500e-01   2.155997e-01
  3.956190e+00   4.716500e-01   2.159176e-01
  3.958840e+00   7.468500e-01   2.150576e-01
  3.961500e+00   3.824500e-01   2.143114e-01
  3.964150e+00   4.409000e-01   2.158652e-01
  3.966810e+00   3.415000e-01   2.151144e-01
  3.969460e+00   5.888000e-01   2.141954e-01
  3.972120e+00   6.866500e-01   2.156486e-01
  3.974780e+00   3.002500e-01   2.145352e-01
  3.977430e+00   1.886000e-01   2.140052e-01
  3.980090e+00   6.479000e-01   2.146542e-01
  3.982740e+00   6.279000e-01   2.155239e-01
  3.985400e+00   2.857500e-01   2.146586e-01
  3.988050e+00   4.846500e-01   2.147426e-01
  3.990710e+00   5.023500e-01   2.131049e-01
  3.993360e+00   1.870500e-01   2.150372e-01
  3.996020e+00   6.052500e-01   2.148847e-01
  3.998670e+00   3.889000e-01   2.143891e-01
  4.001330e+00   6.253000e-01   2.158187e-01
  4.003990e+00   5.390500e-01   2.143645e-01
  4.006640e+00   5.224500e-01   2.137044e-01
  4.009300e+00   3.018000e-01   2.148629e-01
  4.011950e+00   2.667000e-01   2.151948e-01
  4.014610e+00   4.647000e-01   2.137180e-01
  4.017260e+00   3.604000e-01   2.135563e-01
  4.019920e+00   5.175500e-01   2.149129e-01
  4.022570e+00   3.428000e-01   2.140845e-01
  4.025230e+00   3.020500e-01   2.143532e-01
  4.027880e+00   5.509500e-01   2.150278e-01
  4.030540e+00   1.847000e-01   2.147253e-01
  4.033200e+00   7.817500e-01   2.140391e-01
  4.035850e+00   4.121500e-01   2.141493e-01
  4.038510e+00   2.177000e-01   2.146613e-01
  4.041160e+00   4.636500e-01   2.142924e-01
  4.043820e+00   2.332000e-01   2.149664e-01
  4.046470e+00   6.129000e-01   2.138101e-01
  4.049130e+00   3.115000e-01   2.141713e-01
  4.051780e+00   4.765000e-01   2.138490e-01
  4.054440e+00   6.949000e-01   2.146223e-01
  4.057090e+00   2.270500e-01   2.149900e-01
  4.059750e+00   3.311500e-01   2.143759e-01
  4.062410e+00   3.173000e-01   2.137971e-01
  4.065060e+00   1.367000e-01   2.135099e-01
  4.067720e+00   4.441000e-01   2.133512e-01
  4.070370e+00   1.200000e-03   2.137225e-01
  4.073030e+00   3.848500e-01   2.140760e-01
  4.075680e+00   5.243000e-01   2.130170e-01
  4.078340e+00   4.407000e-01   2.147405e-01
  4.080990e+00   2.774500e-01   2.129872e-01
  4.083650e+00   1.837500e-01   2.140475e-01
  4.086300e+00   5.838500e-01   2.133122e-01
  4.088960e+00   6.602000e-01   2.129850e-01
  4.091620e+00   5.035500e-01   2.137486e-01
  4.094270e+00   5.105000e-01   2.121100e-01
  4.096930e+00   1.993000e-01   2.137487e-01
  4.099580e+00   4.312500e-01   2.130075e-01
  4.102240e+00   6.405000e-01   2.131254e-01
  4.104890e+00   4.638500e-01   2.124192e-01
  4.107550e+00   1.846000e-01   2.134900e-01
  4.110200e+00   5.986500e-01   2.134205e-01
  4.112860e+00   5.112000e-01   2.142230e-01
  4.115510e+00   3.895500e-01   2.144071e-01
  4.118170e+00   2.829500e-01   2.140345e-01
  4.120830e+00   2.864000e-01   2.152943e-01
  4.123480e+00   2.000500e-01   2.147864e-01
  4.126140e+00   6.765500e-01   2.143538e-01
  4.128790e+00   3.445000e-01   2.129129e-01
  4.131450e+00   6.756000e-01   2.132883e-01
  4.134100e+00   1.701000e-01   2.141657e-01
  4.136760e+00   4.909500e-01   2.132088e-01
  4.139410e+00   5.036000e-01   2.125582e-01
  4.142070e+00   7.827500e-01   2.135829e-01
  4.144720e+00   1.728500e-01   2.136888e-01
  4.147380e+00   2.751500e-01   2.115262e-01
  4.150040e+00   3.341500e-01   2.149607e-01
  4.152690e+00   1.136000e-01   2.141465e-01
  4.155350e+00   3.919000e-01   2.122424e-01
  4.158000e+00   1.085000e-01   2.126262e-01
  4.160660e+00   4.209000e-01   2.124549e-01
  4.163310e+00   5.573500e-01   2.128479e-01
  4.165970e+00   4.863500e-01   2.147963e-01
  4.168620e+00   5.273500e-01   2.122165e-01
  4.171280e+00   1.619500e-01   2.142917e-01
  4.173930e+00   6.685000e-01   2.139458e-01
  4.176590e+00   3.885000e-01   2.128405e-01
  4.179250e+00   4.208000e-01   2.143363e-01
  4.181900e+00   7.607000e-01   2.127354e-01
  4.184560e+00   8.920000e-02   2.131944e-01
  4.187210e+00   4.201000e-01   2.133983e-01
  4.189870e+00   1.870500e-01   2.132387e-01
  4.192520e+00   4.040500e-01   2.125889e-01
  4.195180e+00   4.660500e-01   2.137242e-01
  4.197830e+00   2.827000e-01   2.135852e-01
  4.200490e+00   6.367000e-01   2.124833e-01
  4.203140e+00   1.463500e-01   2.134496e-01
  4.205800e+00   1.447500e-01   2.142652e-01
  4.208460e+00   1.714500e-01   2.139175e-01
  4.211110e+00  -2.273000e-01   2.129594e-01
  4.213770e+00   5.912500e-01   2.131825e-01
  4.216420e+00   3.036500e-01   2.137783e-01
  4.219080e+00   6.737000e-01   2.124293e-01
  4.221730e+00   6.146000e-01   2.124136e-01
  4.224390e+00   3.452000e-01   2.141988e-01
  4.227040e+00   7.577500e-01   2.128853e-01
  4.229700e+00   3.024500e-01   2.128319e-01
  4.232350e+00   2.670000e-01   2.142021e-01
  4.235010e+00  -2.270000e-02   2.129592e-01
  4.237670e+00   5.528500e-01   2.131991e-01
  4.240320e+00   6.084000e-01   2.136068e-01
  4.242980e+00   2.641000e-01   2.121858e-01
  4.245630e+00   5.503000e-01   2.124451e-01
  4.248290e+00   4.181000e-01   2.123163e-01
  4.250940e+00   8.216500e-01   2.126082e-01
  4.253600e+00   3.244500e-01   2.121841e-01
  4.256250e+00   5.890000e-01   2.129097e-01
  4.258910e+00   3.264000e-01   2.119836e-01
  4.261560e+00   5.432000e-01   2.116591e-01
  4.264220e+00   6.550000e-03   2.129851e-01
  4.266880e+00   5.049500e-01   2.119800e-01
  4.269530e+00  -1.800000e-03   2.117302e-01
  4.272190e+00   2.014000e-01   2.133839e-01
  4.274840e+00   1.542500e-01   2.127055e-01
  4.277500e+00   6.021500e-01   2.142276e-01
  4.280150e+00   8.634500e-01   2.148778e-01
  4.282810e+00   3.014500e-01   2.127258e-01
  4.285460e+00   4.207000e-01   2.124258e-01
  4.288120e+00   4.187500e-01   2.133668e-01
  4.290770e+00   4.068000e-01   2.122729e-01
  4.293430e+00   8.620000e-02   2.130981e-01
  4.296090e+00   7.125500e-01   2.167285e-01
  4.298740e+00   5.580000e-01   2.126637e-01
  4.301400e+00   2.787000e-01   2.132577e-01
  4.304050e+00   2.604500e-01   2.127913e-01
  4.306710e+00   2.881000e-01   2.118051e-01
  4.309360e+00   2.151500e-01   2.129444e-01
  4.312020e+00   2.251500e-01   2.122082e-01
  4.314670e+00   2.850500e-01   2.124563e-01
  4.317330e+00   4.440000e-01   2.132798e-01
  4.319980e+00   5.726500e-01   2.113735e-01
  4.322640e+00   5.160000e-01   2.125156e-01
  4.325300e+00  -3.201000e-01   2.125551e-01
  4.327950e+00   7.960500e-01   2.115971e-01
  4.330610e+00   2.793500e-01   2.123204e-01
  4.333260e+00  -5.755000e-02   2.113847e-01
  4.335920e+00   2.475000e-01   2.125753e-01
  4.338570e+00   7.258000e-01   2.119305e-01
  4.341230e+00   5.161000e-01   2.132000e-01
  4.343880e+00   1.721000e-01   2.116385e-01
  4.346540e+00   5.577000e-01   2.118919e-01
  4.349190e+00   4.233500e-01   2.108684e-01
  4.351850e+00   3.321000e-01   2.117695e-01
  4.354510e+00   5.328500e-01   2.118829e-01
  4.357160e+00   4.839500e-01   2.126323e-01
  4.359820e+00   4.083000e-01   2.121824e-01
  4.362470e+00   2.122000e-01   2.117833e-01
  4.365130e+00   8.409000e-01   2.113583e-01
  4.367780e+00   3.694000e-01   2.118345e-01
  4.370440e+00   3.475000e-01   2.119772e-01
  4.373090e+00   2.036000e-01   2.113482e-01
  4.375750e+00   1.125500e-01   2.118311e-01
  4.378400e+00   5.041500e-01   2.123579e-01
  4.381060e+00   4.647500e-01   2.121068e-01
  4.383720e+00   4.385500e-01   2.115788e-01
  4.386370e+00   6.305000e-01   2.117057e-01
  4.389030e+00   5.963500e-01   2.114615e-01
  4.391680e+00   4.941500e-01   2.120779e-01
  4.394340e+00   2.411500e-01   2.114368e-01
  4.396990e+00   2.137500e-01   2.123034e-01
  4.399650e+00   6.434000e-01   2.116510e-01
  4.402300e+00   4.522500e-01   2.112119e-01
  4.404960e+00   2.699500e-01   2.117188e-01
  4.407610e+00   2.168000e-01   2.110894e-01
  4.410270e+00   2.366000e-01   2.114897e-01
  4.412930e+00   1.208500e-01   2.099079e-01
  4.415580e+00   5.518500e-01   2.105738e-01
  4.418240e+00   3.223500e-01   2.110491e-01
  4.420890e+00   7.504500e-01   2.108683e-01
  4.423550e+00   2.946000e-01   2.114207e-01
  4.426200e+00   5.292000e-01   2.115538e-01
  4.428860e+00   4.830500e-01   2.106118e-01
  4.431510e+00   7.415000e-01   2.121123e-01
  4.434170e+00   4.358500e-01   2.117195e-01
  4.436820e+00   4.718000e-01   2.116424e-01
  4.439480e+00   7.340000e-01   2.118001e-01
  4.442140e+00   7.400000e-01   2.122294e-01
  4.444790e+00   8.733500e-01   2.120634e-01
  4.447450e+00   5.411500e-01   2.113873e-01
  4.450100e+00   4.229500e-01   2.111442e-01
  4.452760e+00   3.529500e-01   2.111100e-01
  4.455410e+00   1.520000e-02   2.118991e-01
  4.458070e+00   2.342500e-01   2.097880e-01
  4.460720e+00   9.443000e-01   2.104232e-01
  4.463380e+00   4.053500e-01   2.102937e-01
  4.466030e+00   1.009500e-01   2.110113e-01
  4.468690e+00   3.788500e-01   2.103111e-01
  4.471350e+00   4.592500e-01   2.113301e-01
  4.474000e+00   3.879500e-01   2.113695e-01
  4.476660e+00   9.750000e-02   2.101829e-01
  4.479310e+00   5.184000e-01   2.103545e-01
  4.481970e+00   3.742500e-01   2.113497e-01
  4.484620e+00  -9.685000e-02   2.115104e-01
  4.487280e+00   2.020000e-01   2.100506e-01
  4.489930e+00   2.637500e-01   2.115738e-01
  4.492590e+00   5.353500e-01   2.102873e-01
  4.495240e+00  -8.255000e-02   2.101108e-01
  4.497900e+00   4.057500e-01   2.093524e-01
  4.500560e+00   6.086500e-01   2.101766e-01
  4.503210e+00   2.359000e-01   2.110074e-01
  4.505870e+00   4.149500e-01   2.107601e-01
  4.508520e+00   3.426500e-01   2.101153e-01
  4.511180e+00   5.750000e-01   2.101899e-01
  4.513830e+00   5.040000e-01   2.096855e-01
  4.516490e+00   3.832500e-01   2.108610e-01
  4.519140e+00   1.393500e-01   2.098821e-01
  4.521800e+00   4.817000e-01   2.105301e-01
  4.524450e+00   2.510500e-01   2.108643e-01
  4.527110e+00  -2.510000e-02   2.102212e-01
  4.529770e+00   2.435000e-01   2.098861e-01
  4.532420e+00  -8.765000e-02   2.106368e-01
  4.535080e+00   5.078000e-01   2.110164e-01
  4.537730e+00   7.236500e-01   2.104392e-01
  4.540390e+00   4.312000e-01   2.095755e-01
  4.543040e+00   1.124500e-01   2.099703e-01
  4.545700e+00  -1.452000e-01   2.109078e-01
  4.548350e+00   4.815000e-01   2.112057e-01
  4.551010e+00   3.007500e-01   2.099865e-01
  4.553660e+00   6.171500e-01   2.103238e-01
  4.556320e+00   9.655000e-02   2.092216e-01
  4.558980e+00   8.930000e-02   2.094190e-01
  4.561630e+00   3.706000e-01   2.094673e-01
  4.564290e+00   6.196500e-01   2.100279e-01
  4.566940e+00   4.273000e-01   2.102301e-01
  4.569600e+00   1.167000e-01   2.089284e-01
  4.572250e+00   2.585500e-01   2.101549e-01
  4.574910e+00   1.255000e-01   2.101201e-01
  4.577560e+00   3.555500e-01   2.090603e-01
  4.580220e+00   4.358500e-01   2.095124e-01
  4.582870e+00   4.336500e-01   2.092804e-01
  4.585530e+00   4.991000e-01   2.097173e-01
  4.588190e+00   4.207000e-01   2.091742e-01
  4.590840e+00   1.517500e-01   2.102610e-01
  4.593500e+00   6.490500e-01   2.106604e-01
  4.596150e+00   5.503000e-01   2.109138e-01
  4.598810e+00   4.691000e-01   2.112387e-01
  4.601460e+00   6.227500e-01   2.104361e-01
  4.604120e+00   3.798000e-01   2.107665e-01
  4.606770e+00   1.682500e-01   2.110555e-01
  4.609430e+00   3.975500e-01   2.104290e-01
  4.612080e+00   4.514500e-01   2.098010e-01
  4.614740e+00   5.965500e-01   2.093769e-01
  4.617400e+00   1.322000e-01   2.097540e-01
  4.620050e+00   4.017000e-01   2.088976e-01
  4.622710e+00   6.681000e-01   2.100450e-01
  4.625360e+00   4.326000e-01   2.087559e-01
  4.628020e+00   3.484500e-01   2.103148e-01
  4.630670e+00   1.299000e-01   2.093541e-01
  4.633330e+00   2.430500e-01   2.086342e-01
  4.635980e+00   7.292500e-01   2.095790e-01
  4.638640e+00   4.477000e-01   2.101830e-01
  4.641290e+00   1.809500e-01   2.104925e-01
  4.643950e+00   1.470000e-01   2.089276e-01
  4.646610e+00   3.035500e-01   2.083320e-01
  4.649260e+00   5.905500e-01   2.097090e-01
  4.651920e+00   6.020000e-02   2.092199e-01
  4.654570e+00   5.851000e-01   2.093941e-01
  4.657230e+00   2.692500e-01   2.096294e-01
  4.659880e+00   1.281000e-01   2.085150e-01
  4.662540e+00   4.026500e-01   2.097967e-01
  4.665190e+00   2.755500e-01   2.094308e-01
  4.667850e+00   5.632500e-01   2.096360e-01
  4.670500e+00   5.401000e-01   2.094564e-01
  4.673160e+00   3.205500e-01   2.094150e-01
  4.675820e+00   2.262000e-01   2.099784e-01
  4.678470e+00   5.792500e-01   2.084775e-01
  4.681130e+00   5.781000e-01   2.091476e-01
  4.683780e+00   6.372000e-01   2.098579e-01
  4.686440e+00   1.066500e-01   2.080221e-01
  4.689090e+00   6.020000e-02   2.097177e-01
  4.691750e+00   4.869500e-01   2.085063e-01
  4.694400e+00  -1.406500e-01   2.085842e-01
  4.697060e+00   2.578000e-01   2.091762e-01
  4.699710e+00   2.151000e-01   2.081969e-01
  4.702370e+00   5.160000e-01   2.100877e-01
  4.705030e+00   7.415000e-02   2.096942e-01
  4.707680e+00   3.170500e-01   2.090776e-01
  4.710340e+00   5.588500e-01   2.085333e-01
  4.712990e+00   3.477000e-01   2.082399e-01
  4.715650e+00   6.368500e-01   2.075886e-01
  4.718300e+00   3.625000e-01   2.093040e-01
  4.720960e+00   5.741000e-01   2.086508e-01
  4.723610e+00   1.264000e-01   2.090068e-01
  4.726270e+00   2.272000e-01   2.096574e-01
  4.728920e+00   4.114500e-01   2.087498e-01
  4.731580e+00   4.545000e-01   2.078326e-01
  4.734240e+00   4.130500e-01   2.084264e-01
  4.736890e+00   6.382000e-01   2.059342e-01
  4.739550e+00  -1.406000e-01   2.065230e-01
  4.742200e+00   4.598500e-01   2.081800e-01
  4.744860e+00   2.276000e-01   2.062534e-01
  4.747510e+00   1.657000e-01   2.081492e-01
  4.750170e+00   2.815500e-01   2.076855e-01
  4.752820e+00  -7.205000e-02   2.080242e-01
  4.755480e+00   5.734000e-01   2.080398e-01
  4.758130e+00   1.285500e-01   2.095715e-01
  4.760790e+00   5.101500e-01   2.099347e-01
  4.763450e+00   1.584500e-01   2.102796e-01
  4.766100e+00   5.711500e-01   2.090459e-01
  4.768760e+00   3.907000e-01   2.073522e-01
  4.771410e+00   4.914500e-01   2.092320e-01
  4.774070e+00   2.801000e-01   2.081610e-01
  4.776720e+00   4.935500e-01   2.090365e-01
  4.779380e+00   7.355500e-01   2.090077e-01
  4.782030e+00   1.114000e-01   2.073398e-01
  4.784690e+00   1.905000e-01   2.076551e-01
  4.787340e+00   5.131000e-01   2.069030e-01
  4.790000e+00   8.136500e-01   2.083927e-01
  4.792660e+00   3.329000e-01   2.091261e-01
  4.795310e+00   5.758000e-01   2.080166e-01
  4.797970e+00   1.285000e-02   2.075429e-01
  4.800620e+00   5.110000e-01   2.077966e-01
  4.803280e+00   4.193000e-01   2.083091e-01
  4.805930e+00   6.218000e-01   2.077878e-01
  4.808590e+00   5.140000e-01   2.089542e-01
  4.811240e+00   6.978500e-01   2.078333e-01
  4.813900e+00   3.624500e-01   2.084404e-01
  4.816550e+00  -8.230000e-02   2.082342e-01
  4.819210e+00   2.711000e-01   2.075703e-01
  4.821870e+00   2.051000e-01   2.088529e-01
  4.824520e+00   2.401500e-01   2.092197e-01
  4.827180e+00   3.314000e-01   2.071353e-01
  4.829830e+00   2.184000e-01   2.074652e-01
  4.832490e+00   4.983500e-01   2.081292e-01
  4.835140e+00  -4.300000e-03   2.082734e-01
  4.837800e+00   5.530500e-01   2.068208e-01
  4.840450e+00   2.389500e-01   2.088191e-01
  4.843110e+00   9.265000e-01   2.077815e-01
  4.845760e+00   2.186500e-01   2.080782e-01
  4.848420e+00   3.493000e-01   2.071599e-01
  4.851080e+00   2.355000e-01   2.093496e-01
  4.853730e+00   4.108500e-01   2.079154e-01
  4.856390e+00   5.711500e-01   2.072694e-01
  4.859040e+00   6.020500e-01   2.072198e-01
  4.861700e+00   1.857000e-01   2.077062e-01
  4.864350e+00   4.713000e-01   2.078129e-01
  4.867010e+00   5.570000e-02   2.077298e-01
  4.869660e+00   3.099000e-01   2.078758e-01
  4.872320e+00   8.310000e-02   2.073842e-01
  4.874970e+00   2.640500e-01   2.078435e-01
  4.877630e+00   1.603000e-01   2.087933e-01
  4.880290e+00   6.081000e-01   2.075162e-01
  4.882940e+00   7.520500e-01   2.082472e-01
  4.885600e+00   4.318500e-01   2.066553e-01
  4.888250e+00   5.496500e-01   2.069827e-01
  4.890910e+00   2.585500e-01   2.080222e-01
  4.893560e+00   5.249000e-01   2.071823e-01
  4.896220e+00   8.164500e-01   2.073703e-01
  4.898870e+00   3.319000e-01   2.068228e-01
  4.901530e+00   5.800000e-03   2.069138e-01
  4.904180e+00   4.968000e-01   2.068077e-01
  4.906840e+00   2.766500e-01   2.081167e-01
  4.909500e+00   5.914000e-01   2.063666e-01
  4.912150e+00   2.500000e-01   2.063090e-01
  4.914810e+00   5.350500e-01   2.074165e-01
  4.917460e+00   3.270000e-01   2.079073e-01
  4.920120e+00   4.136500e-01   2.433434e-01
  4.922770e+00   7.555000e-02   2.661795e-01
  4.925430e+00   2.933000e-01   2.916799e-01
  4.928080e+00   5.488000e-01   3.233495e-01
  4.930740e+00   1.145700e+00   3.580593e-01
  4.933390e+00   9.291000e-01   3.974892e-01
  4.936050e+00   4.675000e-02   4.493167e-01
  4.938710e+00   7.158000e-01   4.810736e-01
  4.941360e+00  -7.075000e-01   5.204230e-01
  4.944020e+00   2.782500e-01   3.312544e-01
  4.946670e+00   5.941500e-01   2.966562e-01
  4.949330e+00   5.984500e-01   2.753059e-01
  4.951980e+00   6.995000e-02   2.609403e-01
  4.954640e+00   8.225500e-01   2.519486e-01
  4.957290e+00   5.689500e-01   2.441838e-01
  4.959950e+00   1.273000e-01   2.369591e-01
  4.962600e+00   1.518500e-01   2.323266e-01
  4.965260e+00   3.783000e-01   2.282524e-01
  4.967920e+00   5.707000e-01   2.239618e-01
  4.970570e+00   3.649000e-01   2.203954e-01
  4.973230e+00   4.290000e-02   2.173670e-01
  4.975880e+00   1.210500e+00   2.163194e-01
  4.978540e+00   4.824500e-01   2.111805e-01
  4.981190e+00   3.110500e-01   2.109320e-01
  4.983850e+00   7.735000e-02   2.076808e-01
  4.986500e+00   4.621500e-01   2.084512e-01
  4.989160e+00   1.928000e-01   2.086200e-01
  4.991810e+00   5.490000e-02   2.084812e-01
  4.994470e+00   2.006000e-01   2.080647e-01
  4.997130e+00   4.856000e-01   2.090394e-01
  4.999780e+00   3.593000e-01   2.079874e-01
