1.006721000000000005e-01   2.538804e+01   3.675845e-01
1.053912000000000043e-01   2.555895e+01   3.526621e-01
1.101102000000000053e-01   2.454348e+01   3.367733e-01
1.148292000000000063e-01   2.454745e+01   3.260132e-01
1.195482999999999962e-01   2.422695e+01   3.144786e-01
1.242672999999999972e-01   2.417142e+01   3.045080e-01
1.289862999999999982e-01   2.365045e+01   2.950369e-01
1.337054000000000020e-01   2.298234e+01   2.856256e-01
1.384244000000000030e-01   2.321542e+01   2.795478e-01
1.431434000000000040e-01   2.333865e+01   2.731888e-01
1.478625000000000078e-01   2.283899e+01   2.658929e-01
1.525815000000000088e-01   2.270019e+01   2.602845e-01
1.573005000000000098e-01   2.215819e+01   2.535858e-01
1.620196000000000136e-01   2.177681e+01   2.470834e-01
1.667385999999999868e-01   2.140891e+01   2.419526e-01
1.714575999999999878e-01   2.137551e+01   2.381616e-01
1.761766999999999916e-01   2.103631e+01   2.333928e-01
1.808956999999999926e-01   2.077658e+01   2.284008e-01
1.856146999999999936e-01   2.057800e+01   2.246287e-01
1.903337999999999974e-01   2.020162e+01   2.203363e-01
1.950527999999999984e-01   1.975946e+01   2.158804e-01
1.997717999999999994e-01   1.958722e+01   2.121486e-01
2.044909000000000032e-01   1.931284e+01   2.085155e-01
2.092099000000000042e-01   1.932731e+01   2.060185e-01
2.139289000000000052e-01   1.918688e+01   2.029621e-01
2.186480000000000090e-01   1.860352e+01   1.988582e-01
2.233670000000000100e-01   1.843580e+01   1.959576e-01
2.280860000000000110e-01   1.817771e+01   1.929708e-01
2.328050999999999870e-01   1.757625e+01   1.892047e-01
2.375240999999999880e-01   1.757188e+01   1.871801e-01
2.422430999999999890e-01   1.740265e+01   1.845511e-01
2.469621999999999928e-01   1.685023e+01   1.812885e-01
2.516811999999999938e-01   1.656012e+01   1.786681e-01
2.564002000000000225e-01   1.611384e+01   1.753711e-01
2.611192999999999986e-01   1.628103e+01   1.741312e-01
2.658383000000000274e-01   1.586364e+01   1.713605e-01
2.705573000000000006e-01   1.572732e+01   1.695478e-01
2.752763999999999767e-01   1.540842e+01   1.671574e-01
2.799954000000000054e-01   1.494992e+01   1.642937e-01
2.847143999999999786e-01   1.489433e+01   1.625976e-01
2.894335000000000102e-01   1.478110e+01   1.608224e-01
2.941524999999999834e-01   1.449094e+01   1.587499e-01
2.988715000000000122e-01   1.424339e+01   1.566623e-01
3.035905999999999882e-01   1.386704e+01   1.545542e-01
3.083096000000000170e-01   1.377815e+01   1.531705e-01
3.130285999999999902e-01   1.343255e+01   1.510084e-01
3.177477000000000218e-01   1.316770e+01   1.488304e-01
3.224666999999999950e-01   1.292358e+01   1.472288e-01
3.271857000000000237e-01   1.289227e+01   1.473054e-01
3.319047999999999998e-01   1.241770e+01   1.480296e-01
3.366237999999999730e-01   1.209278e+01   1.476276e-01
3.413428000000000018e-01   1.218871e+01   1.483374e-01
3.460618999999999779e-01   1.216290e+01   1.496482e-01
3.507809000000000066e-01   1.168900e+01   1.517369e-01
3.554998999999999798e-01   1.155791e+01   1.531519e-01
3.602190000000000114e-01   1.146467e+01   1.543547e-01
3.649379999999999846e-01   1.117584e+01   1.548812e-01
3.696570000000000134e-01   1.095970e+01   1.554817e-01
3.743760999999999894e-01   1.085958e+01   1.563368e-01
3.790951000000000182e-01   1.078320e+01   1.569084e-01
3.838140999999999914e-01   1.077489e+01   1.575722e-01
3.885332000000000230e-01   1.028938e+01   1.566476e-01
3.932521999999999962e-01   1.039765e+01   1.581368e-01
3.979712000000000249e-01   1.003497e+01   1.620865e-01
4.026903000000000010e-01   9.946949e+00   1.661222e-01
4.074092999999999742e-01   1.001375e+01   1.697257e-01
4.121283000000000030e-01   9.861125e+00   1.722395e-01
4.168473999999999791e-01   9.618333e+00   1.742469e-01
4.215664000000000078e-01   9.073070e+00   1.747219e-01
4.262853999999999810e-01   9.226381e+00   1.777386e-01
4.310045000000000126e-01   8.883497e+00   1.791935e-01
4.357234999999999858e-01   8.580159e+00   1.810549e-01
4.404425000000000145e-01   8.613187e+00   1.837185e-01
4.451615999999999906e-01   8.503387e+00   1.855095e-01
4.498806000000000194e-01   8.258049e+00   1.865081e-01
4.545996999999999955e-01   8.131119e+00   1.875301e-01
4.593187000000000242e-01   8.099388e+00   1.869872e-01
4.640376999999999974e-01   7.984876e+00   1.795486e-01
4.687567999999999735e-01   7.699079e+00   1.746566e-01
4.734758000000000022e-01   7.665579e+00   1.719649e-01
4.781947999999999754e-01   7.531427e+00   1.697112e-01
4.829139000000000070e-01   7.188507e+00   1.669393e-01
4.876328999999999803e-01   7.500445e+00   1.671847e-01
4.923519000000000090e-01   7.270048e+00   1.651403e-01
4.970709999999999851e-01   7.270048e+00   1.638967e-01
5.017899999999999583e-01   6.853860e+00   1.614617e-01
5.065089999999999870e-01   6.678888e+00   1.602370e-01
5.112280999999999631e-01   6.672682e+00   1.591913e-01
5.159470999999999918e-01   6.594974e+00   1.580113e-01
5.206661000000000206e-01   6.702815e+00   1.570512e-01
5.253851999999999967e-01   6.497964e+00   1.552321e-01
5.301042000000000254e-01   6.394378e+00   1.538260e-01
5.348232000000000541e-01   6.332879e+00   1.524728e-01
5.395423000000000302e-01   6.069962e+00   1.505453e-01
5.442612999999999479e-01   5.938207e+00   1.490337e-01
5.489802999999999766e-01   5.893074e+00   1.479213e-01
5.536993999999999527e-01   5.902231e+00   1.470935e-01
5.584183999999999815e-01   5.763996e+00   1.459085e-01
5.631374000000000102e-01   5.691650e+00   1.447160e-01
5.678564999999999863e-01   5.658117e+00   1.438991e-01
5.725755000000000150e-01   5.702443e+00   1.436624e-01
5.772945000000000437e-01   5.758955e+00   1.435305e-01
5.820136000000000198e-01   5.425818e+00   1.420442e-01
5.867326000000000485e-01   5.398208e+00   1.415988e-01
5.914515999999999663e-01   5.444400e+00   1.413452e-01
5.961707000000000534e-01   5.414947e+00   1.409709e-01
6.008896999999999711e-01   5.185970e+00   1.398985e-01
6.056086999999999998e-01   5.213614e+00   1.396471e-01
6.103277999999999759e-01   5.197684e+00   1.391899e-01
6.150468000000000046e-01   4.772725e+00   1.373735e-01
6.197658000000000333e-01   4.870757e+00   1.377424e-01
6.244849000000000094e-01   4.806764e+00   1.370103e-01
6.292039000000000382e-01   4.658202e+00   1.358798e-01
6.339228999999999559e-01   4.572465e+00   1.355981e-01
6.386420000000000430e-01   4.526872e+00   1.348580e-01
6.433609999999999607e-01   4.611026e+00   1.349969e-01
6.480799999999999894e-01   4.673345e+00   1.348431e-01
6.527990999999999655e-01   4.633961e+00   1.343068e-01
6.575180999999999942e-01   4.247216e+00   1.327480e-01
6.622371000000000230e-01   4.142857e+00   1.322929e-01
6.669561999999999991e-01   4.304986e+00   1.323636e-01
6.716752000000000278e-01   4.329116e+00   1.319290e-01
6.763941999999999455e-01   4.254348e+00   1.316728e-01
6.811133000000000326e-01   4.285799e+00   1.313988e-01
6.858322999999999503e-01   4.152320e+00   1.306421e-01
6.905512999999999790e-01   3.878271e+00   1.292431e-01
6.952703999999999551e-01   3.819647e+00   1.288456e-01
6.999893999999999838e-01   3.969545e+00   1.292639e-01
7.047084000000000126e-01   3.866756e+00   1.286639e-01
7.094274999999999887e-01   3.898278e+00   1.283248e-01
7.141465000000000174e-01   3.667974e+00   1.272492e-01
7.188655000000000461e-01   3.729769e+00   1.273153e-01
7.235846000000000222e-01   3.734377e+00   1.269837e-01
7.283036000000000509e-01   3.468544e+00   1.257481e-01
7.330225999999999686e-01   3.529484e+00   1.256591e-01
7.377416999999999447e-01   3.541562e+00   1.255404e-01
7.424606999999999735e-01   3.497959e+00   1.250108e-01
7.471797000000000022e-01   3.180395e+00   1.237192e-01
7.518987999999999783e-01   3.200813e+00   1.236032e-01
7.566178000000000070e-01   3.281261e+00   1.235720e-01
7.613368000000000357e-01   3.235024e+00   1.232175e-01
7.660559000000000118e-01   3.240226e+00   1.230380e-01
7.707749000000000406e-01   3.255607e+00   1.227300e-01
7.754938999999999583e-01   3.167602e+00   1.224076e-01
7.802130000000000454e-01   3.057293e+00   1.217697e-01
7.849319999999999631e-01   3.020430e+00   1.214002e-01
7.896509999999999918e-01   2.946252e+00   1.207095e-01
7.943700999999999679e-01   3.112946e+00   1.211508e-01
7.990890999999999966e-01   3.184918e+00   1.211555e-01
8.038081999999999727e-01   3.035055e+00   1.202998e-01
8.085272000000000014e-01   3.081122e+00   1.202262e-01
8.132462000000000302e-01   2.794691e+00   1.191849e-01
8.179653000000000063e-01   2.923223e+00   1.192653e-01
8.226843000000000350e-01   3.030048e+00   1.193890e-01
8.274032999999999527e-01   2.922428e+00   1.187867e-01
8.321224000000000398e-01   2.688363e+00   1.179193e-01
8.368413999999999575e-01   2.625585e+00   1.174190e-01
8.415603999999999862e-01   2.718676e+00   1.174323e-01
8.462794999999999623e-01   2.596044e+00   1.167595e-01
8.509984999999999911e-01   2.580689e+00   1.164485e-01
8.557175000000000198e-01   2.661301e+00   1.164935e-01
8.604365999999999959e-01   2.583282e+00   1.161202e-01
8.651556000000000246e-01   2.707493e+00   1.162418e-01
8.698746000000000533e-01   2.465158e+00   1.153850e-01
8.745937000000000294e-01   2.425389e+00   1.150080e-01
8.793126999999999471e-01   2.436011e+00   1.148017e-01
8.840316999999999759e-01   2.412237e+00   1.143399e-01
8.887507999999999520e-01   2.446345e+00   1.144228e-01
8.934697999999999807e-01   2.524533e+00   1.145522e-01
8.981888000000000094e-01   2.403976e+00   1.138845e-01
9.029078999999999855e-01   2.345539e+00   1.133872e-01
9.076269000000000142e-01   2.347186e+00   1.131997e-01
9.123459000000000430e-01   2.436675e+00   1.131609e-01
9.170650000000000190e-01   2.267155e+00   1.124714e-01
9.217840000000000478e-01   2.180005e+00   1.119921e-01
9.265029999999999655e-01   2.235886e+00   1.118877e-01
9.312221000000000526e-01   2.135318e+00   1.114517e-01
9.359410999999999703e-01   2.213477e+00   1.115832e-01
9.406600999999999990e-01   2.238099e+00   1.113446e-01
9.453791999999999751e-01   2.150818e+00   1.108786e-01
9.500982000000000038e-01   2.221775e+00   1.109827e-01
9.548172000000000326e-01   2.091367e+00   1.104987e-01
9.595363000000000087e-01   1.992327e+00   1.097986e-01
9.642553000000000374e-01   2.091916e+00   1.099550e-01
9.689742999999999551e-01   1.985236e+00   1.094931e-01
9.736934000000000422e-01   2.122955e+00   1.095663e-01
9.784123999999999599e-01   1.975193e+00   1.088383e-01
9.831313999999999886e-01   1.999246e+00   1.087368e-01
9.878504999999999647e-01   1.992577e+00   1.086324e-01
9.925694999999999935e-01   1.938455e+00   1.082987e-01
9.972885000000000222e-01   1.902760e+00   1.080586e-01
1.002008000000000010e+00   2.123928e+00   1.083800e-01
1.006726999999999927e+00   1.994371e+00   1.078032e-01
1.011446000000000067e+00   1.946522e+00   1.075306e-01
1.016164999999999985e+00   1.943369e+00   1.073090e-01
1.020883999999999903e+00   1.841449e+00   1.066945e-01
1.025603000000000042e+00   1.857455e+00   1.066622e-01
1.030321999999999960e+00   1.751047e+00   1.062705e-01
1.035041000000000100e+00   1.866354e+00   1.063216e-01
1.039760000000000018e+00   1.870423e+00   1.062078e-01
1.044478999999999935e+00   1.789606e+00   1.056734e-01
1.049198000000000075e+00   1.806458e+00   1.056569e-01
1.053916999999999993e+00   1.800094e+00   1.054723e-01
1.058635999999999910e+00   1.748035e+00   1.052652e-01
1.063355000000000050e+00   1.814056e+00   1.052272e-01
1.068073999999999968e+00   1.674757e+00   1.046101e-01
1.072793000000000108e+00   1.619773e+00   1.042710e-01
1.077512000000000025e+00   1.711430e+00   1.042301e-01
1.082230999999999943e+00   1.545302e+00   1.036267e-01
1.086950000000000083e+00   1.642474e+00   1.039861e-01
1.091669000000000000e+00   1.662625e+00   1.037652e-01
1.096387999999999918e+00   1.682470e+00   1.035790e-01
1.101107000000000058e+00   1.600356e+00   1.029815e-01
1.105825999999999976e+00   1.634559e+00   1.029974e-01
1.110544999999999893e+00   1.611525e+00   1.027856e-01
1.115264000000000033e+00   1.491144e+00   1.024466e-01
1.119982999999999951e+00   1.550006e+00   1.024486e-01
1.124702000000000091e+00   1.556527e+00   1.022099e-01
1.129421000000000008e+00   1.754010e+00   1.026485e-01
1.134141000000000066e+00   1.621539e+00   1.021062e-01
1.138859999999999983e+00   1.478075e+00   1.014365e-01
1.143578999999999901e+00   1.482335e+00   1.013034e-01
1.148298000000000041e+00   1.354519e+00   1.007254e-01
1.153016999999999959e+00   1.447444e+00   1.008365e-01
1.157736000000000098e+00   1.470895e+00   1.007532e-01
1.162455000000000016e+00   1.411993e+00   1.004792e-01
1.167173999999999934e+00   1.499549e+00   1.004857e-01
1.171893000000000074e+00   1.454382e+00   1.002783e-01
1.176611999999999991e+00   1.428870e+00   9.999427e-02
1.181330999999999909e+00   1.434763e+00   9.995105e-02
1.186050000000000049e+00   1.364702e+00   9.953194e-02
1.190768999999999966e+00   1.374799e+00   9.956619e-02
1.195488000000000106e+00   1.389170e+00   9.934654e-02
1.200207000000000024e+00   1.442866e+00   1.003451e-01
1.204925999999999942e+00   1.262512e+00   1.029976e-01
1.209645000000000081e+00   1.365680e+00   1.051970e-01
1.214363999999999999e+00   1.251645e+00   1.063200e-01
1.219082999999999917e+00   1.285341e+00   1.077100e-01
1.223802000000000056e+00   1.220946e+00   1.088781e-01
1.228520999999999974e+00   1.260760e+00   1.099092e-01
1.233239999999999892e+00   1.450747e+00   1.114790e-01
1.237959000000000032e+00   1.360571e+00   1.121145e-01
1.242677999999999949e+00   1.290221e+00   1.127341e-01
1.247397000000000089e+00   1.140123e+00   1.127025e-01
1.252116000000000007e+00   1.233740e+00   1.133226e-01
1.256834999999999924e+00   1.245014e+00   1.136921e-01
1.261554000000000064e+00   1.003997e+00   1.130866e-01
1.266272999999999982e+00   1.194200e+00   1.117742e-01
1.270991999999999900e+00   1.237999e+00   1.081674e-01
1.275711999999999957e+00   1.219972e+00   1.059786e-01
1.280431000000000097e+00   1.085201e+00   1.041091e-01
1.285150000000000015e+00   1.166255e+00   1.031070e-01
1.289868999999999932e+00   1.097204e+00   1.018101e-01
1.294588000000000072e+00   1.189366e+00   1.011897e-01
1.299306999999999990e+00   1.084880e+00   1.001453e-01
1.304025999999999907e+00   1.051174e+00   9.928727e-02
1.308745000000000047e+00   1.156056e+00   9.901784e-02
1.313463999999999965e+00   1.242620e+00   9.897403e-02
1.318183000000000105e+00   1.106887e+00   9.821655e-02
1.322902000000000022e+00   1.120415e+00   9.805501e-02
1.327620999999999940e+00   1.145233e+00   9.803985e-02
1.332340000000000080e+00   1.027104e+00   9.739912e-02
1.337058999999999997e+00   1.112492e+00   9.744849e-02
1.341777999999999915e+00   1.051140e+00   9.712635e-02
1.346497000000000055e+00   1.073953e+00   9.688554e-02
1.351215999999999973e+00   1.138040e+00   9.682842e-02
1.355934999999999890e+00   9.405327e-01   9.615530e-02
1.360654000000000030e+00   1.016415e+00   9.620808e-02
1.365372999999999948e+00   9.335316e-01   9.572825e-02
1.370092000000000088e+00   1.037329e+00   9.578193e-02
1.374811000000000005e+00   1.052519e+00   9.563304e-02
1.379529999999999923e+00   1.155105e+00   9.579033e-02
1.384249000000000063e+00   9.615377e-01   9.524823e-02
1.388967999999999980e+00   1.021888e+00   9.503335e-02
1.393686999999999898e+00   1.025249e+00   9.494999e-02
1.398406000000000038e+00   1.005255e+00   9.480519e-02
1.403124999999999956e+00   1.032053e+00   9.469058e-02
1.407844000000000095e+00   9.949782e-01   9.446363e-02
1.412563999999999931e+00   9.290000e-01   9.409286e-02
1.417283000000000071e+00   1.014787e+00   9.415418e-02
1.422001999999999988e+00   1.033136e+00   9.420348e-02
1.426720999999999906e+00   1.053310e+00   9.392183e-02
1.431440000000000046e+00   9.867350e-01   9.360852e-02
1.436158999999999963e+00   1.014935e+00   9.360278e-02
1.440878000000000103e+00   9.127071e-01   9.311304e-02
1.445597000000000021e+00   1.039641e+00   9.330277e-02
1.450315999999999939e+00   1.015045e+00   9.301247e-02
1.455035000000000078e+00   8.866511e-01   9.257343e-02
1.459753999999999996e+00   8.746057e-01   9.237899e-02
1.464472999999999914e+00   9.926616e-01   9.250620e-02
1.469192000000000053e+00   1.078579e+00   9.264298e-02
1.473910999999999971e+00   1.003717e+00   9.230378e-02
1.478630000000000111e+00   8.459141e-01   9.177080e-02
1.483349000000000029e+00   8.235318e-01   9.173245e-02
1.488067999999999946e+00   8.719989e-01   9.158656e-02
1.492787000000000086e+00   9.722813e-01   9.166320e-02
1.497506000000000004e+00   9.009857e-01   9.124249e-02
1.502224999999999921e+00   8.981554e-01   9.114453e-02
1.506944000000000061e+00   1.001844e+00   9.120890e-02
1.511662999999999979e+00   9.101461e-01   9.100127e-02
1.516381999999999897e+00   8.352209e-01   9.075325e-02
1.521101000000000036e+00   8.222046e-01   9.088524e-02
1.525819999999999954e+00   9.884137e-01   9.362919e-02
1.530539000000000094e+00   9.399314e-01   9.565452e-02
1.535258000000000012e+00   1.063092e+00   9.760244e-02
1.539976999999999929e+00   8.783789e-01   9.809806e-02
1.544696000000000069e+00   7.369364e-01   9.879546e-02
1.549414999999999987e+00   8.795455e-01   9.964964e-02
1.554135000000000044e+00   8.863229e-01   9.708414e-02
1.558853999999999962e+00   9.563050e-01   9.569286e-02
1.563573000000000102e+00   8.588361e-01   9.444672e-02
1.568292000000000019e+00   9.536820e-01   9.375089e-02
1.573010999999999937e+00   8.628659e-01   9.257178e-02
1.577730000000000077e+00   1.059812e+00   9.228094e-02
1.582448999999999995e+00   8.279925e-01   9.058006e-02
1.587167999999999912e+00   8.318171e-01   8.975123e-02
1.591887000000000052e+00   7.611909e-01   8.910136e-02
1.596605999999999970e+00   7.435852e-01   8.880862e-02
1.601325000000000109e+00   7.284834e-01   8.864352e-02
1.606044000000000027e+00   8.876461e-01   8.915845e-02
1.610762999999999945e+00   7.845143e-01   8.908051e-02
1.615482000000000085e+00   7.247288e-01   8.907177e-02
1.620201000000000002e+00   7.805423e-01   8.908333e-02
1.624919999999999920e+00   8.885518e-01   8.927975e-02
1.629639000000000060e+00   8.272398e-01   8.896287e-02
1.634357999999999977e+00   8.502757e-01   8.886783e-02
1.639076999999999895e+00   8.674782e-01   8.877925e-02
1.643796000000000035e+00   7.875066e-01   8.832939e-02
1.648514999999999953e+00   7.107141e-01   8.797804e-02
1.653234000000000092e+00   7.448704e-01   8.797171e-02
1.657953000000000010e+00   7.429189e-01   8.781829e-02
1.662671999999999928e+00   7.599998e-01   8.774697e-02
1.667391000000000068e+00   8.041312e-01   8.770271e-02
1.672109999999999985e+00   6.799505e-01   8.725781e-02
1.676828999999999903e+00   6.153934e-01   8.697345e-02
1.681548000000000043e+00   7.313543e-01   8.710379e-02
1.686266999999999960e+00   7.293411e-01   8.702990e-02
1.690987000000000018e+00   7.070604e-01   8.693693e-02
1.695705999999999936e+00   7.193413e-01   8.674177e-02
1.700425000000000075e+00   8.471846e-01   8.698064e-02
1.705143999999999993e+00   6.758041e-01   8.647462e-02
1.709862999999999911e+00   7.429077e-01   8.646679e-02
1.714582000000000050e+00   8.213363e-01   8.654283e-02
1.719300999999999968e+00   7.858629e-01   8.636562e-02
1.724020000000000108e+00   5.931509e-01   8.572113e-02
1.728739000000000026e+00   6.568850e-01   8.580580e-02
1.733457999999999943e+00   7.184425e-01   8.581807e-02
1.738177000000000083e+00   9.099748e-01   8.617260e-02
1.742896000000000001e+00   7.721352e-01   8.563545e-02
1.747614999999999919e+00   6.974327e-01   8.538760e-02
1.752334000000000058e+00   7.101893e-01   8.529983e-02
1.757052999999999976e+00   6.381030e-01   8.511050e-02
1.761771999999999894e+00   6.731504e-01   8.506944e-02
1.766491000000000033e+00   6.699404e-01   8.492440e-02
1.771209999999999951e+00   8.100614e-01   8.503057e-02
1.775929000000000091e+00   7.986298e-01   8.501936e-02
1.780648000000000009e+00   7.541850e-01   8.473886e-02
1.785366999999999926e+00   7.121396e-01   8.460609e-02
1.790086000000000066e+00   7.320011e-01   8.445491e-02
1.794804999999999984e+00   6.695214e-01   8.415405e-02
1.799523999999999901e+00   6.760668e-01   8.415532e-02
1.804243000000000041e+00   5.509296e-01   8.372909e-02
1.808961999999999959e+00   6.751366e-01   8.387632e-02
1.813681000000000099e+00   6.983830e-01   8.392378e-02
1.818400000000000016e+00   7.539102e-01   8.395343e-02
1.823118999999999934e+00   7.671811e-01   8.380199e-02
1.827838000000000074e+00   6.994557e-01   8.347257e-02
1.832557999999999909e+00   5.563080e-01   8.307993e-02
1.837277000000000049e+00   7.329302e-01   8.344545e-02
1.841995999999999967e+00   7.436029e-01   8.339532e-02
1.846715000000000106e+00   7.556520e-01   8.336048e-02
1.851434000000000024e+00   6.540734e-01   8.295968e-02
1.856152999999999942e+00   6.351489e-01   8.274995e-02
1.860872000000000082e+00   6.364225e-01   8.269754e-02
1.865590999999999999e+00   6.720680e-01   8.274600e-02
1.870309999999999917e+00   5.866964e-01   8.238321e-02
1.875029000000000057e+00   6.859595e-01   8.250262e-02
1.879747999999999974e+00   5.514164e-01   8.207105e-02
1.884466999999999892e+00   7.266868e-01   8.235018e-02
1.889186000000000032e+00   6.596079e-01   8.218627e-02
1.893904999999999950e+00   6.795950e-01   8.209061e-02
1.898624000000000089e+00   7.524784e-01   8.220545e-02
1.903343000000000007e+00   6.152466e-01   8.178258e-02
1.908061999999999925e+00   6.608080e-01   8.178476e-02
1.912781000000000065e+00   6.708564e-01   8.171847e-02
1.917499999999999982e+00   6.460552e-01   8.156088e-02
1.922218999999999900e+00   5.096348e-01   8.103593e-02
1.926938000000000040e+00   5.537707e-01   8.106124e-02
1.931656999999999957e+00   4.986868e-01   8.092573e-02
1.936376000000000097e+00   5.354021e-01   8.088171e-02
1.941095000000000015e+00   5.012288e-01   8.064552e-02
1.945813999999999933e+00   5.690641e-01   8.062046e-02
1.950533000000000072e+00   4.871543e-01   8.025922e-02
1.955251999999999990e+00   5.677873e-01   8.016984e-02
1.959970999999999908e+00   6.280000e-01   8.018705e-02
1.964690000000000047e+00   6.346850e-01   8.007694e-02
1.969408999999999965e+00   6.668280e-01   8.008766e-02
1.974129000000000023e+00   5.978314e-01   7.967529e-02
1.978847999999999940e+00   5.901014e-01   7.965493e-02
1.983567000000000080e+00   5.953384e-01   7.979823e-02
1.988285999999999998e+00   6.525354e-01   7.989796e-02
1.993004999999999916e+00   6.627093e-01   7.989813e-02
1.997724000000000055e+00   5.725755e-01   7.971601e-02
2.002442999999999973e+00   6.148418e-01   7.991485e-02
2.007162000000000113e+00   6.218095e-01   8.143169e-02
2.011880999999999808e+00   5.489880e-01   8.315008e-02
2.016599999999999948e+00   5.484782e-01   8.440147e-02
2.021319000000000088e+00   5.000887e-01   8.510589e-02
2.026037999999999784e+00   5.570280e-01   8.608902e-02
2.030756999999999923e+00   5.155361e-01   8.681681e-02
2.035476000000000063e+00   6.139475e-01   8.751971e-02
2.040195000000000203e+00   5.231880e-01   8.736741e-02
2.044913999999999898e+00   6.121948e-01   8.786442e-02
2.049633000000000038e+00   5.164870e-01   8.782225e-02
2.054352000000000178e+00   5.713820e-01   8.824883e-02
2.059070999999999874e+00   5.499730e-01   8.837166e-02
2.063790000000000013e+00   5.288995e-01   8.856778e-02
2.068509000000000153e+00   5.152470e-01   8.851425e-02
2.073227999999999849e+00   4.391582e-01   8.592477e-02
2.077946999999999989e+00   5.316014e-01   8.439348e-02
2.082666000000000128e+00   5.326046e-01   8.321816e-02
2.087384999999999824e+00   5.794689e-01   8.259205e-02
2.092103999999999964e+00   5.983945e-01   8.179553e-02
2.096823000000000103e+00   5.702379e-01   8.116103e-02
2.101541999999999799e+00   5.299411e-01   8.083463e-02
2.106260999999999939e+00   5.472720e-01   8.065613e-02
2.110981000000000218e+00   5.268000e-01   8.038868e-02
2.115699999999999914e+00   5.498870e-01   8.020186e-02
2.120419000000000054e+00   5.833993e-01   8.005576e-02
2.125138000000000194e+00   5.105213e-01   7.977102e-02
2.129856999999999889e+00   4.945052e-01   7.956105e-02
2.134576000000000029e+00   5.364711e-01   7.954086e-02
2.139295000000000169e+00   5.769782e-01   7.945388e-02
2.144013999999999864e+00   6.261173e-01   7.946557e-02
2.148733000000000004e+00   4.118966e-01   7.872311e-02
2.153452000000000144e+00   2.870211e-01   7.827756e-02
2.158170999999999840e+00   5.235966e-01   7.879499e-02
2.162889999999999979e+00   5.663157e-01   7.879778e-02
2.167609000000000119e+00   5.294605e-01   7.860153e-02
2.172327999999999815e+00   4.819355e-01   7.836918e-02
2.177046999999999954e+00   4.393707e-01   7.805463e-02
2.181766000000000094e+00   6.187550e-01   7.843364e-02
2.186484999999999790e+00   5.893020e-01   7.815550e-02
2.191203999999999930e+00   4.937061e-01   7.790621e-02
2.195923000000000069e+00   5.761454e-01   7.805378e-02
2.200642000000000209e+00   5.048273e-01   7.770644e-02
2.205360999999999905e+00   5.763270e-01   7.772599e-02
2.210080000000000044e+00   5.261723e-01   7.767259e-02
2.214799000000000184e+00   5.061170e-01   7.738120e-02
2.219517999999999880e+00   5.776820e-01   7.742587e-02
2.224237000000000020e+00   6.116641e-01   7.749689e-02
2.228956000000000159e+00   5.223609e-01   7.711096e-02
2.233674999999999855e+00   5.335646e-01   7.698852e-02
2.238393999999999995e+00   4.502564e-01   7.670845e-02
2.243113000000000135e+00   5.106596e-01   7.676931e-02
2.247831999999999830e+00   4.956248e-01   7.669986e-02
2.252552000000000110e+00   5.128993e-01   7.664772e-02
2.257270999999999805e+00   4.764305e-01   7.648216e-02
2.261989999999999945e+00   4.877102e-01   7.635830e-02
2.266709000000000085e+00   4.710843e-01   7.625977e-02
2.271427999999999781e+00   4.432511e-01   7.604678e-02
2.276146999999999920e+00   5.000170e-01   7.610134e-02
2.280866000000000060e+00   4.897648e-01   7.593512e-02
2.285585000000000200e+00   4.212055e-01   7.580348e-02
2.290303999999999895e+00   4.554364e-01   7.571724e-02
2.295023000000000035e+00   4.808666e-01   7.572981e-02
2.299742000000000175e+00   4.503111e-01   7.560236e-02
2.304460999999999871e+00   4.437125e-01   7.549244e-02
2.309180000000000010e+00   4.885780e-01   7.545515e-02
2.313899000000000150e+00   4.592662e-01   7.528723e-02
2.318617999999999846e+00   5.072329e-01   7.531841e-02
2.323336999999999986e+00   6.147055e-01   7.554144e-02
2.328056000000000125e+00   5.505695e-01   7.536075e-02
2.332774999999999821e+00   4.838850e-01   7.514423e-02
2.337493999999999961e+00   5.803471e-01   7.516557e-02
2.342213000000000100e+00   4.975839e-01   7.491502e-02
2.346931999999999796e+00   5.311182e-01   7.487057e-02
2.351650999999999936e+00   5.709845e-01   7.496874e-02
2.356370000000000076e+00   4.222184e-01   7.446179e-02
2.361089000000000215e+00   5.006382e-01   7.451632e-02
2.365807999999999911e+00   5.862821e-01   7.465942e-02
2.370527000000000051e+00   6.346091e-01   7.469305e-02
2.375246000000000191e+00   4.533021e-01   7.428928e-02
2.379964999999999886e+00   4.943639e-01   7.429141e-02
2.384684000000000026e+00   5.448479e-01   7.428436e-02
2.389403999999999861e+00   5.112850e-01   7.415274e-02
2.394123000000000001e+00   5.925196e-01   7.426743e-02
2.398842000000000141e+00   5.030109e-01   7.391390e-02
2.403560999999999837e+00   4.440609e-01   7.371796e-02
2.408279999999999976e+00   3.857695e-01   7.352853e-02
2.412999000000000116e+00   4.484736e-01   7.356443e-02
2.417717999999999812e+00   4.652212e-01   7.353496e-02
2.422436999999999951e+00   5.233298e-01   7.359550e-02
2.427156000000000091e+00   4.773448e-01   7.342491e-02
2.431874999999999787e+00   4.391354e-01   7.324152e-02
2.436593999999999927e+00   4.105395e-01   7.306939e-02
2.441313000000000066e+00   4.596037e-01   7.318663e-02
2.446032000000000206e+00   4.727895e-01   7.313447e-02
2.450750999999999902e+00   5.114130e-01   7.312092e-02
2.455470000000000041e+00   5.269429e-01   7.308975e-02
2.460189000000000181e+00   5.191961e-01   7.296050e-02
2.464907999999999877e+00   6.029195e-01   7.309947e-02
2.469627000000000017e+00   4.343298e-01   7.263649e-02
2.474346000000000156e+00   4.590271e-01   7.263161e-02
2.479064999999999852e+00   5.185545e-01   7.267636e-02
2.483783999999999992e+00   5.691707e-01   7.274665e-02
2.488503000000000132e+00   5.330246e-01   7.264147e-02
2.493221999999999827e+00   4.329611e-01   7.229727e-02
2.497940999999999967e+00   2.924400e-01   7.188113e-02
2.502660000000000107e+00   5.304768e-01   7.239647e-02
2.507378999999999802e+00   4.287288e-01   7.211957e-02
2.512097999999999942e+00   5.336746e-01   7.228005e-02
2.516817000000000082e+00   4.178913e-01   7.190445e-02
2.521536000000000222e+00   5.018559e-01   7.198378e-02
2.526254999999999917e+00   5.288820e-01   7.191406e-02
2.530975000000000197e+00   4.030254e-01   7.140433e-02
2.535693999999999892e+00   4.347287e-01   7.132899e-02
2.540413000000000032e+00   4.534041e-01   7.133989e-02
2.545132000000000172e+00   4.122512e-01   7.117569e-02
2.549850999999999868e+00   4.062186e-01   7.104871e-02
2.554570000000000007e+00   4.243052e-01   7.113226e-02
2.559289000000000147e+00   3.985198e-01   7.093533e-02
2.564007999999999843e+00   3.972270e-01   7.079249e-02
2.568726999999999983e+00   4.105975e-01   7.083439e-02
2.573446000000000122e+00   4.684541e-01   7.099716e-02
2.578164999999999818e+00   4.705175e-01   7.096727e-02
2.582883999999999958e+00   4.890298e-01   7.109154e-02
2.587603000000000097e+00   5.382729e-01   7.114445e-02
2.592321999999999793e+00   5.303379e-01   7.101249e-02
2.597040999999999933e+00   4.402848e-01   7.081447e-02
2.601760000000000073e+00   3.995105e-01   7.067739e-02
2.606479000000000212e+00   3.711389e-01   7.053756e-02
2.611197999999999908e+00   4.036734e-01   7.051473e-02
2.615917000000000048e+00   4.680750e-01   7.058834e-02
2.620636000000000188e+00   4.698577e-01   7.056120e-02
2.625354999999999883e+00   4.484962e-01   7.046473e-02
2.630074000000000023e+00   5.195191e-01   7.050059e-02
2.634793000000000163e+00   5.308961e-01   7.042960e-02
2.639511999999999858e+00   5.176396e-01   7.038368e-02
2.644230999999999998e+00   3.841087e-01   7.003168e-02
2.648950000000000138e+00   4.758132e-01   7.019568e-02
2.653668999999999834e+00   3.994546e-01   6.989335e-02
2.658387999999999973e+00   4.089573e-01   6.987819e-02
2.663107000000000113e+00   5.077291e-01   7.002024e-02
2.667825999999999809e+00   4.519384e-01   6.981026e-02
2.672546000000000088e+00   4.587355e-01   6.977831e-02
2.677264999999999784e+00   4.668238e-01   6.972230e-02
2.681983999999999924e+00   4.382079e-01   6.962564e-02
2.686703000000000063e+00   4.827748e-01   6.964766e-02
2.691422000000000203e+00   3.725641e-01   6.933397e-02
2.696140999999999899e+00   4.495550e-01   6.940451e-02
2.700860000000000039e+00   4.509587e-01   6.940109e-02
2.705579000000000178e+00   4.378459e-01   6.938229e-02
2.710297999999999874e+00   4.393239e-01   6.926444e-02
2.715017000000000014e+00   4.180075e-01   6.912791e-02
2.719736000000000153e+00   3.727696e-01   6.897671e-02
2.724454999999999849e+00   3.967359e-01   6.896159e-02
2.729173999999999989e+00   3.411300e-01   6.877948e-02
2.733893000000000129e+00   4.037443e-01   6.879191e-02
2.738611999999999824e+00   3.697502e-01   6.871034e-02
2.743330999999999964e+00   4.067327e-01   6.875414e-02
2.748050000000000104e+00   3.858350e-01   6.861324e-02
2.752768999999999799e+00   4.676243e-01   6.876016e-02
2.757487999999999939e+00   4.672291e-01   6.871944e-02
2.762207000000000079e+00   4.238321e-01   6.859540e-02
2.766926000000000219e+00   3.511062e-01   6.833412e-02
2.771644999999999914e+00   3.864468e-01   6.835023e-02
2.776364000000000054e+00   4.612359e-01   6.844749e-02
2.781083000000000194e+00   4.565648e-01   6.847536e-02
2.785801999999999889e+00   3.616288e-01   6.810602e-02
2.790521000000000029e+00   4.161405e-01   6.814839e-02
2.795240000000000169e+00   3.816668e-01   6.806278e-02
2.799958999999999865e+00   3.767377e-01   6.801153e-02
2.804678000000000004e+00   4.484280e-01   6.807657e-02
2.809397999999999840e+00   4.685066e-01   6.855036e-02
2.814116999999999980e+00   3.818771e-01   7.008437e-02
2.818836000000000119e+00   4.388082e-01   7.130609e-02
2.823554999999999815e+00   3.527162e-01   7.186529e-02
2.828273999999999955e+00   4.443725e-01   7.272091e-02
2.832993000000000094e+00   3.609573e-01   7.276806e-02
2.837711999999999790e+00   4.014811e-01   7.311558e-02
2.842430999999999930e+00   3.910518e-01   7.329060e-02
2.847150000000000070e+00   4.893784e-01   7.375066e-02
2.851869000000000209e+00   3.630268e-01   7.365257e-02
2.856587999999999905e+00   3.560932e-01   7.378313e-02
2.861307000000000045e+00   3.019561e-01   7.380960e-02
2.866026000000000185e+00   3.927896e-01   7.405774e-02
2.870744999999999880e+00   3.946168e-01   7.428812e-02
2.875464000000000020e+00   3.979529e-01   7.346860e-02
2.880183000000000160e+00   3.894741e-01   7.176014e-02
2.884901999999999855e+00   3.643946e-01   7.064805e-02
2.889620999999999995e+00   3.492371e-01   6.994386e-02
2.894340000000000135e+00   3.797396e-01   6.952151e-02
2.899058999999999831e+00   4.239282e-01   6.933715e-02
2.903777999999999970e+00   3.649741e-01   6.898890e-02
2.908497000000000110e+00   3.445387e-01   6.882127e-02
2.913215999999999806e+00   2.293371e-01   6.843528e-02
2.917934999999999945e+00   2.615182e-01   6.839866e-02
2.922654000000000085e+00   4.309095e-01   6.860003e-02
2.927372999999999781e+00   3.848711e-01   6.835358e-02
2.932091999999999921e+00   3.068418e-01   6.813908e-02
2.936811000000000060e+00   3.209632e-01   6.804472e-02
2.941530000000000200e+00   3.514032e-01   6.792686e-02
2.946248999999999896e+00   3.670659e-01   6.791785e-02
2.950969000000000175e+00   4.483312e-01   6.800913e-02
2.955687999999999871e+00   4.287229e-01   6.784511e-02
2.960407000000000011e+00   4.366095e-01   6.770078e-02
2.965126000000000150e+00   4.444986e-01   6.769976e-02
2.969844999999999846e+00   3.984416e-01   6.756322e-02
2.974563999999999986e+00   2.564821e-01   6.720128e-02
2.979283000000000126e+00   3.062962e-01   6.723987e-02
2.984001999999999821e+00   3.251063e-01   6.718613e-02
2.988720999999999961e+00   3.403880e-01   6.710570e-02
2.993440000000000101e+00   4.404829e-01   6.723415e-02
2.998158999999999796e+00   3.145639e-01   6.692811e-02
3.002877999999999936e+00   3.401775e-01   6.685744e-02
3.007597000000000076e+00   4.077238e-01   6.697240e-02
3.012316000000000216e+00   3.543986e-01   6.680240e-02
3.017034999999999911e+00   3.967637e-01   6.679395e-02
3.021754000000000051e+00   3.282171e-01   6.651054e-02
3.026473000000000191e+00   2.610275e-01   6.635351e-02
3.031191999999999886e+00   2.673443e-01   6.626331e-02
3.035911000000000026e+00   3.046632e-01   6.638387e-02
3.040630000000000166e+00   3.260636e-01   6.624988e-02
3.045348999999999862e+00   3.902120e-01   6.627833e-02
3.050068000000000001e+00   3.536736e-01   6.621769e-02
3.054787000000000141e+00   3.240239e-01   6.607014e-02
3.059505999999999837e+00   3.448657e-01   6.601776e-02
3.064224999999999977e+00   2.817396e-01   6.583635e-02
3.068944000000000116e+00   2.698736e-01   6.574397e-02
3.073662999999999812e+00   3.812227e-01   6.590022e-02
3.078381999999999952e+00   3.852943e-01   6.587933e-02
3.083101000000000091e+00   3.486832e-01   6.574317e-02
3.087820999999999927e+00   4.125839e-01   6.578945e-02
3.092540000000000067e+00   4.521018e-01   6.585711e-02
3.097259000000000206e+00   4.032239e-01   6.574766e-02
3.101977999999999902e+00   3.631705e-01   6.549351e-02
3.106697000000000042e+00   3.573773e-01   6.541800e-02
3.111416000000000182e+00   3.559482e-01   6.540478e-02
3.116134999999999877e+00   3.575123e-01   6.531301e-02
3.120854000000000017e+00   3.658011e-01   6.523525e-02
3.125573000000000157e+00   3.959677e-01   6.525032e-02
3.130291999999999852e+00   3.829898e-01   6.523125e-02
3.135010999999999992e+00   3.417475e-01   6.509651e-02
3.139730000000000132e+00   2.916162e-01   6.494358e-02
3.144448999999999828e+00   3.356254e-01   6.491680e-02
3.149167999999999967e+00   3.821880e-01   6.497044e-02
3.153887000000000107e+00   4.186084e-01   6.499723e-02
3.158605999999999803e+00   3.535636e-01   6.482833e-02
3.163324999999999942e+00   5.036257e-01   6.506009e-02
3.168044000000000082e+00   4.154646e-01   6.482935e-02
3.172763000000000222e+00   3.524782e-01   6.466517e-02
3.177481999999999918e+00   3.057959e-01   6.453466e-02
3.182201000000000057e+00   2.904441e-01   6.446040e-02
3.186920000000000197e+00   3.562971e-01   6.455396e-02
3.191638999999999893e+00   2.307441e-01   6.414684e-02
3.196358000000000033e+00   3.565104e-01   6.438314e-02
3.201077000000000172e+00   4.998793e-01   6.451811e-02
3.205795999999999868e+00   4.661111e-01   6.426491e-02
3.210515000000000008e+00   3.528677e-01   6.397740e-02
3.215234000000000147e+00   3.569239e-01   6.394981e-02
3.219952999999999843e+00   3.659884e-01   6.394552e-02
3.224671999999999983e+00   3.329209e-01   6.380653e-02
3.229391999999999818e+00   2.791391e-01   6.362865e-02
3.234110999999999958e+00   3.045366e-01   6.365187e-02
3.238830000000000098e+00   4.257884e-01   6.380106e-02
3.243548999999999793e+00   3.997202e-01   6.375136e-02
3.248267999999999933e+00   3.440779e-01   6.359661e-02
3.252987000000000073e+00   3.782370e-01   6.357588e-02
3.257706000000000213e+00   3.338670e-01   6.352727e-02
3.262424999999999908e+00   2.387738e-01   6.338219e-02
3.267144000000000048e+00   2.191637e-01   6.330923e-02
3.271863000000000188e+00   2.757934e-01   6.339985e-02
3.276581999999999883e+00   2.557309e-01   6.330796e-02
3.281301000000000023e+00   3.030418e-01   6.336566e-02
3.286020000000000163e+00   3.565002e-01   6.340155e-02
3.290738999999999859e+00   3.162798e-01   6.327844e-02
3.295457999999999998e+00   3.493234e-01   6.330676e-02
3.300177000000000138e+00   3.243700e-01   6.323120e-02
3.304895999999999834e+00   2.911729e-01   6.309293e-02
3.309614999999999974e+00   3.014645e-01   6.304765e-02
3.314334000000000113e+00   3.555332e-01   6.311712e-02
3.319052999999999809e+00   1.951970e-01   6.270327e-02
3.323771999999999949e+00   2.911332e-01   6.281538e-02
3.328491000000000088e+00   3.508264e-01   6.292611e-02
3.333209999999999784e+00   3.325393e-01   6.287266e-02
3.337928999999999924e+00   4.605814e-01   6.304204e-02
3.342648000000000064e+00   3.537898e-01   6.278984e-02
3.347367000000000203e+00   3.622082e-01   6.277476e-02
3.352085999999999899e+00   4.034284e-01   6.278957e-02
3.356805000000000039e+00   2.849504e-01   6.251772e-02
3.361524000000000179e+00   3.610812e-01   6.264375e-02
3.366242999999999874e+00   1.867913e-01   6.223239e-02
3.370963000000000154e+00   2.433129e-01   6.227453e-02
3.375681999999999849e+00   3.875077e-01   6.251660e-02
3.380400999999999989e+00   2.270714e-01   6.217664e-02
3.385120000000000129e+00   2.436052e-01   6.212455e-02
3.389838999999999825e+00   3.460700e-01   6.231382e-02
3.394557999999999964e+00   4.096607e-01   6.251095e-02
3.399277000000000104e+00   2.810875e-01   6.328937e-02
3.403995999999999800e+00   1.132457e-01   6.416857e-02
3.408714999999999939e+00   3.173023e-01   6.540580e-02
3.413434000000000079e+00   3.328902e-01   6.606370e-02
3.418153000000000219e+00   3.470938e-01   6.637938e-02
3.422871999999999915e+00   3.689975e-01   6.642875e-02
3.427591000000000054e+00   3.716562e-01   6.645333e-02
3.432310000000000194e+00   4.808077e-01   6.680051e-02
3.437028999999999890e+00   4.002214e-01   6.680870e-02
3.441748000000000030e+00   3.062655e-01   6.682577e-02
3.446467000000000169e+00   2.599582e-01   6.685110e-02
3.451185999999999865e+00   3.112813e-01   6.705740e-02
3.455905000000000005e+00   2.919057e-01   6.715689e-02
3.460624000000000144e+00   3.421141e-01   6.738858e-02
3.465342999999999840e+00   3.924434e-01   6.761423e-02
3.470061999999999980e+00   2.973804e-01   6.752141e-02
3.474781000000000120e+00   3.185845e-01   6.770282e-02
3.479499999999999815e+00   3.332282e-01   6.780983e-02
3.484218999999999955e+00   3.458952e-01   6.796346e-02
3.488938000000000095e+00   4.145030e-01   6.822104e-02
3.493656999999999790e+00   2.638957e-01   6.804189e-02
3.498375999999999930e+00   3.405930e-01   6.825635e-02
3.503095000000000070e+00   3.700389e-01   6.836568e-02
3.507814999999999905e+00   3.649825e-01   6.842397e-02
3.512534000000000045e+00   2.544661e-01   6.824540e-02
3.517253000000000185e+00   1.605438e-01   6.806706e-02
3.521971999999999881e+00   2.023532e-01   6.828310e-02
3.526691000000000020e+00   2.265882e-01   6.844341e-02
3.531410000000000160e+00   2.028939e-01   6.842921e-02
3.536128999999999856e+00   3.323648e-01   6.886583e-02
3.540847999999999995e+00   3.772214e-01   6.900157e-02
3.545567000000000135e+00   3.502300e-01   6.899458e-02
3.550285999999999831e+00   4.019155e-01   6.914440e-02
3.555004999999999971e+00   3.072636e-01   6.902159e-02
3.559724000000000110e+00   2.531398e-01   6.893544e-02
3.564442999999999806e+00   3.320650e-01   6.927278e-02
3.569161999999999946e+00   2.499032e-01   6.915785e-02
3.573881000000000085e+00   3.602834e-01   6.945504e-02
3.578599999999999781e+00   3.192854e-01   6.941675e-02
3.583318999999999921e+00   2.706052e-01   6.935727e-02
3.588038000000000061e+00   2.090807e-01   6.923147e-02
3.592757000000000200e+00   2.755677e-01   6.947554e-02
3.597475999999999896e+00   2.916534e-01   6.952968e-02
3.602195000000000036e+00   2.764182e-01   6.952408e-02
3.606914000000000176e+00   2.833502e-01   6.947347e-02
3.611632999999999871e+00   2.871752e-01   6.980216e-02
3.616352000000000011e+00   2.573605e-01   7.185450e-02
3.621071000000000151e+00   2.075495e-01   7.336360e-02
3.625789999999999846e+00   2.367111e-01   7.440815e-02
3.630508999999999986e+00   2.379800e-01   7.495724e-02
3.635228000000000126e+00   3.496023e-01   7.586738e-02
3.639946999999999822e+00   3.016525e-01   7.622059e-02
3.644665999999999961e+00   3.624839e-01   7.677545e-02
3.649385999999999797e+00   3.661361e-01   7.728286e-02
3.654104999999999936e+00   2.892543e-01   7.742868e-02
3.658824000000000076e+00   3.751289e-01   7.806385e-02
3.663543000000000216e+00   3.459225e-01   7.840640e-02
3.668261999999999912e+00   3.821784e-01   7.884401e-02
3.672981000000000051e+00   3.300687e-01   7.902799e-02
3.677700000000000191e+00   3.122489e-01   7.940654e-02
3.682418999999999887e+00   3.350580e-01   7.983166e-02
3.687138000000000027e+00   4.264312e-01   8.035175e-02
3.691857000000000166e+00   3.417214e-01   8.052790e-02
3.696575999999999862e+00   3.174587e-01   8.075671e-02
3.701295000000000002e+00   2.420166e-01   8.099386e-02
3.706014000000000141e+00   3.510336e-01   8.141175e-02
3.710732999999999837e+00   2.908868e-01   8.163954e-02
3.715451999999999977e+00   4.485855e-01   8.240688e-02
3.720171000000000117e+00   4.309088e-01   8.270752e-02
3.724889999999999812e+00   3.084896e-01   8.278900e-02
3.729608999999999952e+00   2.555418e-01   8.287629e-02
3.734328000000000092e+00   1.760380e-01   8.289820e-02
3.739046999999999787e+00   3.270863e-01   8.370778e-02
3.743765999999999927e+00   3.540241e-01   8.415442e-02
3.748485000000000067e+00   3.049670e-01   8.434636e-02
3.753204000000000207e+00   2.785061e-01   8.465505e-02
3.757922999999999902e+00   1.846316e-01   8.463987e-02
3.762642000000000042e+00   1.853837e-01   8.495700e-02
3.767361000000000182e+00   3.239487e-01   8.563070e-02
3.772079999999999878e+00   4.065345e-01   8.619500e-02
3.776799000000000017e+00   4.005948e-01   8.642609e-02
3.781518000000000157e+00   4.056934e-01   8.675142e-02
3.786236999999999853e+00   2.619427e-01   8.667459e-02
3.790957000000000132e+00   4.632450e-01   8.758619e-02
3.795675999999999828e+00   4.045393e-01   8.764666e-02
3.800394999999999968e+00   2.671973e-01   8.756031e-02
3.805114000000000107e+00   2.949305e-01   8.798132e-02
3.809832999999999803e+00   3.888782e-01   8.865946e-02
3.814551999999999943e+00   2.602452e-01   8.854115e-02
3.819271000000000083e+00   3.347145e-01   8.902285e-02
3.823989999999999778e+00   3.069264e-01   8.931023e-02
3.828708999999999918e+00   3.125584e-01   8.959080e-02
3.833428000000000058e+00   4.421059e-01   9.031910e-02
3.838147000000000197e+00   3.944961e-01   9.041240e-02
3.842865999999999893e+00   2.535577e-01   9.030303e-02
3.847585000000000033e+00   3.379505e-01   9.090649e-02
3.852304000000000173e+00   3.168754e-01   9.114884e-02
3.857022999999999868e+00   2.222170e-01   9.124839e-02
3.861742000000000008e+00   2.293489e-01   9.154001e-02
3.866461000000000148e+00   1.184009e-01   9.140802e-02
3.871179999999999843e+00   2.209425e-01   9.213332e-02
3.875898999999999983e+00   2.940113e-01   9.277143e-02
3.880618000000000123e+00   2.635637e-01   9.296687e-02
3.885336999999999819e+00   1.747255e-01   9.294581e-02
3.890055999999999958e+00   2.056459e-01   9.332890e-02
3.894775000000000098e+00   2.339459e-01   9.384415e-02
3.899493999999999794e+00   3.363879e-01   9.443746e-02
3.904212999999999933e+00   2.826075e-01   9.458291e-02
3.908932000000000073e+00   4.167884e-01   9.515680e-02
3.913651000000000213e+00   4.686766e-01   9.574747e-02
3.918369999999999909e+00   3.624571e-01   9.581252e-02
3.923089000000000048e+00   3.796234e-01   9.590487e-02
3.927808999999999884e+00   3.582580e-01   9.589168e-02
3.932528000000000024e+00   3.230516e-01   9.600327e-02
3.937247000000000163e+00   3.350977e-01   9.636522e-02
3.941965999999999859e+00   2.176284e-01   9.625183e-02
3.946684999999999999e+00   2.753714e-01   9.660057e-02
3.951404000000000138e+00   3.126429e-01   9.689174e-02
3.956122999999999834e+00   2.244073e-01   9.663749e-02
3.960841999999999974e+00   1.976052e-01   9.666462e-02
3.965561000000000114e+00   3.183636e-01   9.726395e-02
3.970279999999999809e+00   3.177112e-01   9.728050e-02
3.974998999999999949e+00   2.683795e-01   9.729645e-02
3.979718000000000089e+00   3.693011e-01   9.775560e-02
3.984436999999999784e+00   3.729923e-01   9.809921e-02
3.989155999999999924e+00   2.872020e-01   9.823462e-02
3.993875000000000064e+00   2.921807e-01   9.848764e-02
3.998594000000000204e+00   3.647991e-01   9.906592e-02
4.003313000000000343e+00   1.383088e-01   9.869066e-02
4.008032000000000039e+00   2.131293e-01   9.938347e-02
4.012750999999999735e+00   2.137120e-01   9.963151e-02
4.017470000000000319e+00   2.393887e-01   1.000725e-01
4.022189000000000014e+00   2.311996e-01   1.002644e-01
4.026907999999999710e+00   3.252468e-01   1.010007e-01
4.031627000000000294e+00   2.089350e-01   1.008449e-01
4.036345999999999989e+00   1.347246e-01   1.010455e-01
4.041064999999999685e+00   2.527861e-01   1.018544e-01
4.045784000000000269e+00   1.988398e-01   1.019268e-01
4.050502999999999965e+00   3.129521e-01   1.027635e-01
4.055221999999999660e+00   3.179614e-01   1.030219e-01
4.059941000000000244e+00   4.520020e-01   1.039647e-01
4.064659999999999940e+00   3.151566e-01   1.038252e-01
4.069379999999999775e+00   2.808125e-01   1.039430e-01
4.074099000000000359e+00   2.250261e-01   1.039411e-01
4.078818000000000055e+00   4.427586e-01   1.051612e-01
4.083536999999999750e+00   3.729466e-01   1.053961e-01
4.088256000000000334e+00   3.004973e-01   1.055951e-01
4.092975000000000030e+00   3.133559e-01   1.058898e-01
4.097693999999999726e+00   2.921654e-01   1.062230e-01
4.102413000000000309e+00   3.140525e-01   1.066704e-01
4.107132000000000005e+00   3.288650e-01   1.071317e-01
4.111850999999999701e+00   2.729638e-01   1.072325e-01
4.116570000000000285e+00   2.497209e-01   1.075276e-01
4.121288999999999980e+00   2.787205e-01   1.079953e-01
4.126007999999999676e+00   2.544798e-01   1.083768e-01
4.130727000000000260e+00   1.907227e-01   1.086478e-01
4.135445999999999955e+00   3.613820e-01   1.094855e-01
4.140164999999999651e+00   4.161973e-01   1.100459e-01
4.144884000000000235e+00   3.196861e-01   1.101607e-01
4.149602999999999930e+00   4.072218e-01   1.106623e-01
4.154321999999999626e+00   2.296039e-01   1.105910e-01
4.159041000000000210e+00   3.186068e-01   1.114366e-01
4.163759999999999906e+00   2.116398e-01   1.114709e-01
4.168478999999999601e+00   2.945116e-01   1.120771e-01
4.173198000000000185e+00   1.334168e-01   1.118370e-01
4.177916999999999881e+00   2.345355e-01   1.126808e-01
4.182635999999999576e+00   2.874889e-01   1.133260e-01
4.187355000000000160e+00   1.093277e-01   1.133693e-01
4.192073999999999856e+00   2.749587e-01   1.143387e-01
4.196793000000000440e+00   4.023477e-01   1.150469e-01
4.201512000000000135e+00   3.230793e-01   1.153383e-01
4.206231999999999971e+00   2.301866e-01   1.153420e-01
4.210950999999999667e+00   3.428157e-01   1.161302e-01
4.215670000000000250e+00   3.118532e-01   1.167186e-01
4.220388999999999946e+00   1.884223e-01   1.166080e-01
4.225107999999999642e+00   3.024591e-01   1.175019e-01
4.229827000000000226e+00   3.599959e-01   1.183808e-01
4.234545999999999921e+00   4.171936e-01   1.187767e-01
4.239264999999999617e+00   3.444996e-01   1.190905e-01
4.243984000000000201e+00   2.657388e-01   1.192733e-01
4.248702999999999896e+00   1.490093e-01   1.191548e-01
4.253421999999999592e+00  -1.184000e-02   1.189737e-01
4.258141000000000176e+00   1.291520e-01   1.202038e-01
4.262859999999999872e+00   1.248757e-01   1.209081e-01
4.267578999999999567e+00   2.187334e-01   1.214971e-01
4.272298000000000151e+00   2.627712e-01   1.218989e-01
4.277016999999999847e+00   1.297914e-01   1.219968e-01
4.281736000000000431e+00   2.652500e-01   1.233016e-01
4.286455000000000126e+00   2.909421e-01   1.238791e-01
4.291173999999999822e+00   2.907343e-01   1.243878e-01
4.295893000000000406e+00   1.869150e-01   1.244583e-01
4.300612000000000101e+00   1.538371e-01   1.249304e-01
4.305330999999999797e+00   3.879795e-01   1.262383e-01
4.310050000000000381e+00   2.460791e-01   1.262604e-01
4.314769000000000077e+00   2.719739e-01   1.269727e-01
4.319487999999999772e+00   1.763679e-01   1.273188e-01
4.324207000000000356e+00   1.939621e-01   1.279060e-01
4.328926000000000052e+00   1.482709e-01   1.282683e-01
4.333644999999999747e+00   2.654450e-01   1.294224e-01
4.338364000000000331e+00   2.039207e-01   1.297722e-01
4.343083000000000027e+00   3.922048e-01   1.308355e-01
4.347802999999999862e+00   2.822121e-01   1.309634e-01
4.352521999999999558e+00   2.448718e-01   1.314189e-01
4.357241000000000142e+00   3.031245e-01   1.323295e-01
4.361959999999999837e+00   3.228573e-01   1.332351e-01
4.366679000000000421e+00   3.092088e-01   1.337144e-01
4.371398000000000117e+00   3.064536e-01   1.343623e-01
4.376116999999999813e+00   3.813643e-01   1.352723e-01
4.380836000000000396e+00   2.514204e-01   1.353109e-01
4.385555000000000092e+00   3.802125e-01   1.366717e-01
4.390273999999999788e+00   4.452150e-01   1.375521e-01
4.394993000000000372e+00   3.651802e-01   1.378245e-01
4.399712000000000067e+00   4.864589e-01   1.391566e-01
4.404430999999999763e+00   3.108079e-01   1.388243e-01
4.409150000000000347e+00   2.919555e-01   1.391744e-01
4.413869000000000042e+00   5.019946e-02   1.380561e-01
4.418587999999999738e+00   8.894179e-02   1.380380e-01
4.423307000000000322e+00   1.513773e-01   1.386230e-01
4.428026000000000018e+00   2.340214e-01   1.392275e-01
4.432744999999999713e+00   2.072013e-01   1.387303e-01
4.437464000000000297e+00   3.644427e-01   1.396655e-01
4.442182999999999993e+00   2.677423e-01   1.396346e-01
4.446901999999999688e+00   2.324241e-01   1.395371e-01
4.451621000000000272e+00   3.507045e-01   1.407338e-01
4.456339999999999968e+00   1.747129e-01   1.408565e-01
4.461058999999999664e+00   6.252911e-02   1.411241e-01
4.465778000000000247e+00   1.809857e-01   1.421066e-01
4.470496999999999943e+00   4.695811e-01   1.443810e-01
4.475215999999999639e+00   3.023566e-01   1.443821e-01
4.479935000000000223e+00   1.413330e-01   1.442878e-01
4.484653999999999918e+00   1.689957e-01   1.453394e-01
4.489373999999999754e+00   2.206148e-01   1.462308e-01
4.494093000000000337e+00   2.005675e-01   1.467415e-01
4.498812000000000033e+00   3.029795e-01   1.486050e-01
4.503530999999999729e+00   1.169850e-01   1.484312e-01
4.508250000000000313e+00   2.049714e-01   1.495890e-01
4.512969000000000008e+00   2.231773e-01   1.503871e-01
4.517687999999999704e+00   2.502820e-01   1.515770e-01
4.522407000000000288e+00   2.728916e-01   1.524475e-01
4.527125999999999983e+00   2.574086e-01   1.532678e-01
4.531844999999999679e+00   2.156054e-01   1.537648e-01
4.536564000000000263e+00   2.184866e-01   1.545980e-01
4.541282999999999959e+00   2.829032e-01   1.559938e-01
4.546001999999999654e+00   3.909216e-01   1.575174e-01
4.550721000000000238e+00   2.674457e-01   1.579273e-01
4.555439999999999934e+00   1.667532e-01   1.585904e-01
4.560158999999999629e+00   3.444513e-01   1.605609e-01
4.564878000000000213e+00   3.340730e-01   1.613870e-01
4.569596999999999909e+00   2.061475e-01   1.614255e-01
4.574315999999999605e+00   4.507879e-01   1.640310e-01
4.579035000000000188e+00   4.569991e-01   1.650821e-01
4.583753999999999884e+00   3.312984e-01   1.655271e-01
4.588472999999999580e+00   1.341423e-01   1.657688e-01
4.593192000000000164e+00   2.585334e-01   1.679206e-01
4.597910999999999859e+00   2.626630e-01   1.688231e-01
4.602630000000000443e+00   5.755786e-02   1.690426e-01
4.607349000000000139e+00   4.170982e-02   1.700376e-01
4.612067999999999834e+00   3.283009e-01   1.726426e-01
4.616787000000000418e+00   6.325834e-01   1.754808e-01
4.621506000000000114e+00   7.773652e-01   1.780888e-01
4.626225999999999949e+00   4.291307e-01   1.770926e-01
4.630944999999999645e+00   1.231329e-01   1.770703e-01
4.635664000000000229e+00  -2.286768e-02   1.776525e-01
4.640382999999999925e+00   5.131714e-02   1.791998e-01
4.645101999999999620e+00  -2.414304e-02   1.800761e-01
4.649821000000000204e+00   2.104987e-01   1.829033e-01
4.654539999999999900e+00   3.416098e-01   1.852964e-01
4.659258999999999595e+00   2.741221e-01   1.861986e-01
4.663978000000000179e+00   2.748005e-01   1.880605e-01
4.668696999999999875e+00   1.877179e-01   1.897471e-01
4.673415999999999570e+00   3.092011e-01   1.916669e-01
4.678135000000000154e+00   3.745304e-01   1.933747e-01
4.682853999999999850e+00   1.735711e-01   1.939041e-01
4.687573000000000434e+00   5.835661e-02   1.953394e-01
4.692292000000000129e+00   1.861421e-01   1.979459e-01
4.697010999999999825e+00   2.633568e-01   2.008570e-01
4.701730000000000409e+00   3.088002e-01   2.021399e-01
4.706449000000000105e+00   3.020863e-01   2.038480e-01
4.711167999999999800e+00   1.679350e-01   2.047356e-01
4.715887000000000384e+00   4.055484e-01   2.092933e-01
4.720606000000000080e+00   4.138636e-01   2.113597e-01
4.725324999999999775e+00   1.501855e-01   2.112856e-01
4.730044000000000359e+00  -4.584696e-02   2.121738e-01
4.734763000000000055e+00   2.225689e-01   2.170808e-01
4.739481999999999751e+00   3.757971e-01   2.204987e-01
4.744201000000000334e+00   2.461421e-01   2.222454e-01
4.748920000000000030e+00   2.546523e-01   2.248353e-01
4.753638999999999726e+00  -3.627134e-01   2.228484e-01
4.758358000000000310e+00  -2.547964e-02   2.282505e-01
4.763077000000000005e+00   4.111496e-01   2.342451e-01
4.767796999999999841e+00   3.975829e-01   2.373952e-01
4.772516000000000425e+00   5.695702e-01   2.415908e-01
4.777235000000000120e+00   1.416045e-01   2.407017e-01
4.781953999999999816e+00   4.071648e-01   2.466878e-01
4.786673000000000400e+00   3.452868e-01   2.505197e-01
4.791392000000000095e+00   6.157700e-01   2.563213e-01
4.796110999999999791e+00   5.843268e-01   2.591732e-01
4.800830000000000375e+00   6.119321e-02   2.592214e-01
4.805549000000000071e+00   2.293084e-01   2.651873e-01
4.810267999999999766e+00   4.065582e-01   2.710381e-01
4.814987000000000350e+00   3.273666e-01   2.750033e-01
4.819706000000000046e+00   4.373298e-01   2.811285e-01
4.824424999999999741e+00  -2.077893e-02   2.810495e-01
4.829144000000000325e+00   4.827554e-01   2.918169e-01
4.833863000000000021e+00   2.550109e-01   2.958225e-01
4.838581999999999717e+00   2.792293e-01   3.018306e-01
4.843301000000000300e+00   8.332232e-02   3.061370e-01
4.848019999999999996e+00   1.444904e-01   3.137442e-01
4.852738999999999692e+00   3.634459e-01   3.244607e-01
4.857458000000000276e+00   8.846982e-01   3.368592e-01
4.862176999999999971e+00   6.075788e-01   3.420374e-01
4.866895999999999667e+00   6.136775e-01   3.511346e-01
4.871615000000000251e+00   8.453268e-02   3.557943e-01
4.876333999999999946e+00   1.038216e-01   3.659055e-01
4.881052999999999642e+00   4.094170e-01   3.804919e-01
4.885772000000000226e+00   2.597782e-01   3.924356e-01
4.890490999999999921e+00   7.401521e-01   4.148946e-01
4.895209999999999617e+00   1.039968e-01   4.212373e-01
4.899929000000000201e+00   4.842191e-01   4.474474e-01
4.904649000000000036e+00   9.735145e-01   4.771916e-01
4.909367999999999732e+00   6.460820e-01   4.958940e-01
4.914087000000000316e+00   5.975316e-01   5.171948e-01
4.918806000000000012e+00   3.110989e-01   5.499244e-01
4.923524999999999707e+00   9.755536e-02   5.890955e-01
4.928244000000000291e+00  -7.272482e-02   6.392663e-01
4.932962999999999987e+00   1.926304e-02   7.108042e-01
4.937681999999999682e+00   6.676687e-01   8.266544e-01
4.942401000000000266e+00   7.368020e-01   9.833336e-01
4.947119999999999962e+00   3.749170e-01   1.288025e+00
4.951838999999999658e+00   4.750370e-01   2.256182e+00