0.0365322 1540.7727272726697 402.1721252624385
0.0395185 890.2909090909088 251.42369173683284
0.0425048 524.7818181818366 184.91746343895352
0.0454911 306.4727272727396 154.60196542539637
0.0484773 255.9181818181969 132.7970869561646
0.0514636 41.15454545453758 111.87626504558212
0.0544499 184.90909090911373 101.22127793203757
0.0574362 44.22545454543069 87.47677671481426
0.0604225 158.75909090909772 81.34135043683868
0.0634088 235.9900000000198 70.6982131747284
0.066395 182.7018181818221 64.74080662099593
0.0693813 176.74999999999272 57.691912748701625
0.0723676 93.54545454545587 53.43912832772776
0.0753539 180.03818181817223 49.54084715882991
0.0783402 170.80090909090814 43.68648302454435
0.0813264 153.46636363635753 41.42676747717532
0.0843127 140.51181818182158 37.172555102099984
0.087299 188.22090909090548 34.61986684056713
0.0902853 144.93272727272597 32.2484418730137
0.0932716 139.2027272727296 29.368279431332297
0.0962579 183.7409090909091 28.076366393524722
0.0992441 197.41727272727303 25.731331635455128
0.10223 225.12363636363716 23.974653108029727
0.105217 159.50000000000045 22.443555383044963
0.108203 172.74636363636318 21.009102166956172
0.111189 124.40272727272713 20.0264568164352
0.114176 138.06154545454547 18.808951011577854
0.117162 162.87127272727048 17.605616382871446
0.120148 123.06281818181901 16.77808007001626
0.123134 144.68081818181872 15.882689384123612
0.126121 169.16563636363435 15.188634731581947
0.129107 154.80963636363754 14.12429128901961
0.132093 135.43699999999944 13.827880371491869
0.13508 173.9823636363633 13.001388563495475
0.138066 177.5488181818173 12.433636394981622
0.141052 146.77627272727364 11.774382873807474
0.144038 163.17790909091002 11.417285584114543
0.147025 158.7886363636369 11.065468693707569
0.150011 161.6819090909081 10.546059893697562
0.152997 168.23436363636347 10.18433534752427
0.155984 150.89772727272646 9.657819218920983
0.15897 172.3843636363631 9.4787317827571
0.161956 159.52618181818195 9.247958547144874
0.164942 147.90609090909072 8.756982482847238
0.167929 152.48190909090852 8.663618483735057
0.170915 155.41490909090953 8.286233151917635
0.173901 165.48972727272712 8.07761251449051
0.176888 136.79745454545412 7.879014869900292
0.179874 156.02727272727293 7.655210789002018
0.18286 156.60900000000026 7.857135944364721
0.185846 150.3044545454543 7.574845349506188
0.188833 151.55545454545432 7.626745872130167
0.191819 145.52636363636367 7.448844042298007
0.194805 139.61436363636324 7.211220701689615
0.197791 151.66909090909115 7.34170376923915
0.200778 140.93472727272712 7.016045143002014
0.203764 157.64700000000005 7.048821611763637
0.20675 148.3282727272723 6.94747633043137
0.209737 148.70845454545474 6.982103160630288
0.212723 146.54727272727285 7.093645862974311
0.215709 146.83100000000024 6.937570418428526
0.218695 141.46609090909095 7.0490110868134535
0.221682 145.19563636363642 6.902198476057712
0.224668 154.31154545454547 6.924630990608635
0.227654 153.3111818181817 6.949580836257633
0.230641 145.49381818181814 6.603543839608003
0.233627 127.82509090909087 6.534443164588613
0.236613 144.34818181818144 6.309906991328651
0.239599 140.70881818181817 6.294495297336074
0.242586 133.43390909090942 6.170650948677193
0.245572 141.56145454545452 6.001389357144142
0.248558 138.79672727272748 5.9470919510890585
0.251545 129.73727272727245 5.9419787395615655
0.254531 141.3578181818184 5.787213342161969
0.257517 138.59099999999984 5.745244470246316
0.260503 127.07163636363646 5.642616620755447
0.26349 126.07199999999978 5.606194229435011
0.266476 135.8426363636366 5.509274509428294
0.269462 128.6760909090907 5.4157950636190675
0.272449 120.69763636363632 5.352071865525883
0.275435 137.4387272727273 5.39037287424197
0.278421 127.47827272727278 5.186767427105106
0.281407 125.47572727272751 5.205938676237104
0.284394 134.3839090909094 5.033336914728416
0.28738 133.55590909090893 5.070821456312088
0.290366 121.97527272727257 5.050404384372201
0.293353 123.05881818181831 4.876689475902023
0.296339 124.8010909090911 4.933681670763706
0.299325 124.14909090909106 4.796442787258815
0.302311 132.80345454545483 4.811079912105868
0.305298 122.5885454545454 4.736101017196713
0.308284 125.1580909090913 4.694313065319101
0.31127 117.66345454545444 4.724929813763296
0.314257 128.3970909090911 4.66416282837978
0.317243 119.87027272727289 4.618619145955417
0.320229 117.93209090909073 4.552437070054523
0.323215 115.18899999999974 4.562533791214435
0.326202 119.42054545454553 4.5836587540993285
0.329188 122.27818181818193 4.514432767216792
0.332174 111.51199999999946 4.447647097933304
0.335161 113.17463636363627 4.469501203471394
0.338147 116.26936363636347 4.435663836549187
0.341133 112.17709090909082 4.451076252086782
0.344119 115.7993636363635 4.361883848257389
0.347106 112.34290909090916 4.3516404787809115
0.350092 108.48063636363648 4.366312261168111
0.353078 116.83045454545422 4.324226590971932
0.356064 110.73827272727272 4.306334693164229
0.359051 105.0855454545453 4.231154259137824
0.362037 111.07245454545435 4.265004647214382
0.365023 105.54636363636348 4.24846583107931
0.36801 111.58372727272734 4.199773446416817
0.370996 109.46654545454521 4.189921328879761
0.373982 105.35145454545429 4.146008241943402
0.376968 107.08236363636345 4.201467462767722
0.379955 110.1460000000003 4.1118310424418425
0.382941 104.39109090909085 4.091168375690984
0.385927 98.49590909090907 4.104251034978317
0.388914 104.9309090909091 4.086468219430936
0.3919 98.8099090909094 4.095698007407243
0.394886 97.32690909090891 3.9957165925168714
0.397872 103.48463636363618 4.0075039901925384
0.400859 95.44272727272755 4.03067822301923
0.403845 93.52354545454546 3.99877709252358
0.406831 98.5147272727275 3.991416958265127
0.409818 96.63481818181822 3.9482974425584585
0.412804 91.52618181818184 3.9556168419432893
0.41579 98.26909090909112 3.9347952997107702
0.418776 89.81336363636359 3.8805768638426867
0.421763 97.44690909090906 3.999202552164351
0.424749 94.74300000000014 4.0305106882277695
0.427735 86.44427272727256 4.111964824824116
0.430722 93.52045454545461 4.082077851950968
0.433708 85.0878181818183 4.11329710306194
0.436694 88.47954545454556 4.107866318095299
0.43968 79.12818181818182 4.179725718168273
0.442667 98.15236363636359 4.177718268600305
0.445653 86.28354545454528 4.136902310224634
0.448639 90.10472727272713 4.178982534065543
0.451626 88.9888181818182 4.181020333188278
0.454612 92.66627272727277 4.190194643853898
0.457598 83.85827272727269 4.177083240376506
0.460584 89.93500000000026 4.216042594219603
0.463571 85.17409090909084 4.222635994517311
0.466557 90.88636363636382 4.219305804830497
0.469543 80.9199090909091 4.188983030532963
0.47253 87.4432727272729 4.1840286581969215
0.475516 79.85327272727247 4.174795399272849
0.478502 75.71472727272749 4.210538485767316
0.481488 81.17418181818209 4.159351642215319
0.484475 79.36009090909124 4.188202879995595
0.487461 76.10327272727275 4.155574285139839
0.490447 76.7904545454546 4.1543751409756915
0.493434 81.92099999999982 4.186343370250535
0.49642 75.17636363636342 4.096915755369236
0.499406 79.40936363636368 4.1674045410441165
0.502392 78.5658181818178 4.1221167076947305
0.505379 77.59063636363635 4.124412103718043
0.508365 70.37654545454544 4.105394783803078
0.511351 79.20072727272711 4.102937004286754
0.514337 74.06290909090899 4.111387551919934
0.517324 73.15727272727287 4.081061699306996
0.52031 73.52572727272758 4.083083936897252
0.523296 69.8044545454546 4.088865333532775
0.526283 72.77445454545443 4.065250312051205
0.529269 82.31490909090908 4.082272781852208
0.532255 75.27590909090932 4.064708225822409
0.535241 72.79718181818211 4.056978619209241
0.538228 71.64181818181831 4.042113919419239
0.541214 79.79427272727278 4.051431123849637
0.5442 71.67727272727276 4.041468637545826
0.547187 68.08672727272722 4.012027531102201
0.550173 73.93572727272726 4.054993739836161
0.553159 62.4760909090908 3.990784165641758
0.556145 68.37399999999988 4.0305507471179105
0.559132 55.84654545454541 3.989468557264015
0.562118 69.20609090909068 3.9791504132140747
0.565104 71.91227272727247 3.9758362570131234
0.568091 65.20599999999973 3.981327174927036
0.571077 64.04990909090898 3.963175087292636
0.574063 63.23763636363637 3.9570688946129087
0.577049 64.19009090909086 3.965348890362997
0.580036 63.83418181818172 3.973040307506495
0.583022 67.45554545454539 3.9289507240894386
0.586008 66.32854545454549 3.9466651638272325
0.588995 71.87236363636345 3.924995976606947
0.591981 62.746727272727156 3.921067444385869
0.594967 67.02945454545443 3.9365326682948902
0.597953 60.546272727272594 3.8742685927950795
0.60094 60.550636363636414 3.909678168876638
0.603926 62.856818181818284 3.90830848599149
0.606912 62.94190909090901 3.8979082640050713
0.609899 53.862818181818284 3.8898873299311143
0.612885 59.18754545454547 3.848762196831293
0.615871 58.097818181818326 3.904923111570472
0.618857 54.93918181818188 3.856538636280674
0.621844 58.190545454545486 3.856068321407464
0.62483 62.11236363636374 3.896841890703664
0.627816 60.7950000000001 3.803582135696507
0.630803 54.47972727272699 3.878820473244952
0.633789 54.79709090909111 3.8299573736296155
0.636775 52.12309090909088 3.8169751847860844
0.639761 61.01163636363623 3.8221210251509636
0.642748 56.24090909090938 3.8207785753234154
0.645734 50.44636363636357 3.8228255846358805
0.64872 53.625818181818374 3.78109044376792
0.651707 52.40518181818189 3.8150232697416326
0.654693 57.75390909090888 3.7986380395432784
0.657679 53.805090909090865 3.777564412191049
0.660665 49.62936363636359 3.7822459837537004
0.663652 51.510272727272906 3.7464918031785603
0.666638 61.522545454545394 3.7747380501749235
0.669624 46.595636363636146 3.7637769700973966
0.67261 54.49172727272753 3.7488269306980344
0.675597 48.81645454545449 3.790576235826724
0.678583 48.48009090909102 3.7113725609760206
0.681569 53.512363636363744 3.7556163512338574
0.684556 48.34045454545475 3.6990185052181057
0.687542 50.7089090909092 3.7501327022549606
0.690528 46.20036363636345 3.7127749241714767
0.693514 45.69309090909073 3.704049391982353
0.696501 44.98881818181829 3.7362278664217765
0.699487 40.461090909090984 3.6775755195093938
0.702473 48.154545454545286 3.722947125178569
0.70546 44.78109090909072 3.683209803541256
0.708446 42.410636363636485 3.6979690556178917
0.711432 39.04963636363618 3.6861605765313343
0.714418 44.013636363636124 3.6340829416131273
0.717405 42.92854545454546 3.7059638982222722
0.720391 46.36636363636384 3.659019358329372
0.723377 42.665272727272594 3.6518748368646192
0.726364 48.045363636364016 3.663750855460377
0.72935 41.26663636363659 3.630576516930158
0.732336 45.448999999999984 3.64621150166138
0.735322 41.34709090909084 3.6320531980175224
0.738309 38.48590909090916 3.6324701051062913
0.741295 43.3126363636363 3.625903096858324
0.744281 37.47645454545463 3.6227149481443326
0.747268 46.379363636363564 3.6307993945756607
0.750254 44.058909090909424 3.5807954643660986
0.75324 49.46018181818161 3.6163317127011787
0.756226 40.74372727272731 3.602939688838842
0.759213 43.54854545454586 3.603166979056012
0.762199 44.085999999999785 3.5945686169055273
0.765185 42.65036363636369 3.5565945005437447
0.768172 45.170181818181874 3.6063905730463075
0.771158 45.7702727272725 3.5757869208247968
0.774144 41.81136363636355 3.5615111446793883
0.77713 36.7822727272727 3.561971326614852
0.780117 38.556818181818215 3.5369073495495567
0.783103 42.2323636363636 3.579913997909446
0.786089 38.083909090909316 3.521038085835679
0.789076 32.90545454545466 3.5511217539751456
0.792062 33.644454545454465 3.5860263304785747
0.795048 39.171727272727566 3.555721586278474
0.798034 35.61054545454539 3.549237732086418
0.801021 37.58800000000022 3.489551516820933
0.804007 34.67054545454573 3.5256148145143023
0.806993 38.51827272727277 3.5198484119026223
0.80998 36.66827272727261 3.509193419005379
0.812966 36.68054545454538 3.5837134716392876
0.815952 34.09745454545444 3.6496791635401085
0.818938 29.78245454545487 3.7476547218304845
0.821925 33.904818181818115 3.7416565715397865
0.824911 37.25145454545469 3.8018789209901667
0.827897 35.29054545454528 3.82814702900957
0.830883 35.50381818181819 3.8346571573811117
0.83387 29.84954545454542 3.9358372057110316
0.836856 23.869636363636317 3.868825338070814
0.839842 34.40000000000012 3.964842068952803
0.842829 34.73118181818165 3.9200923864855577
0.845815 36.38890909090904 3.963221192428353
0.848801 36.43227272727245 3.9516568114843666
0.851787 36.57672727272754 3.919833549292861
0.854774 35.494090909091085 3.974701672052518
0.85776 35.093727272727335 3.963797779743584
0.860746 28.56018181818186 4.005429954261135
0.863733 35.23009090909113 3.851451529838486
0.866719 33.10672727272731 3.7684613824418935
0.869705 41.51145454545443 3.7473457209831484
0.872691 33.47890909090893 3.678574521152548
0.875678 39.04699999999991 3.636965377559279
0.878664 33.91990909090907 3.589691149043437
0.88165 30.727272727272634 3.602126356967104
0.884637 32.74127272727284 3.5603334646083735
0.887623 35.14390909090935 3.5026680972866853
0.890609 31.00654545454546 3.5527920969476403
0.893595 28.71654545454561 3.494446722715001
0.896582 30.42336363636352 3.5309655690818644
0.899568 38.51018181818205 3.4993173124706316
0.902554 29.803818181818258 3.4910190578742513
0.905541 29.114818181818123 3.496655375872505
0.908527 28.081454545454676 3.454156078893094
0.911513 27.956454545454648 3.487433400142695
0.914499 33.06090909090884 3.460383424725139
0.917486 32.72090909090892 3.4551721775595636
0.920472 36.63036363636351 3.4824880802031934
0.923458 32.01336363636372 3.422415323512217
0.926445 28.286454545454518 3.456402736181441
0.929431 30.019272727272863 3.4127651455269503
0.932417 31.271636363636333 3.421982682402854
0.935403 27.28472727272731 3.4370594168553303
0.93839 31.205363636363472 3.4118096165490246
0.941376 23.770363636363783 3.435073137502279
0.944362 29.737909090909227 3.3871888975835267
0.947349 29.998999999999825 3.39576104262712
0.950335 27.114454545454407 3.4046575768707834
0.953321 24.60272727272738 3.372581966095538
0.956307 23.92499999999984 3.3923592978459967
0.959294 26.324454545454756 3.3525579500669327
0.96228 26.13063636363634 3.387230921710745
0.965266 21.83190909090925 3.375368528633042
0.968253 33.05509090909112 3.3440950159845144
0.971239 27.028181818181594 3.3771079342189547
0.974225 28.178272727272713 3.3465335683946895
0.977211 26.139090909090896 3.3515235768192997
0.980198 30.4998181818182 3.327109210630599
0.983184 30.95463636363604 3.3314578496190475
0.98617 19.96190909090913 3.3428295124830525
0.989156 24.850272727272937 3.3222833823976448
0.992143 27.804545454545462 3.3321424083767703
0.995129 28.221000000000203 3.284909485276846
0.998115 22.63809090909092 3.3326687246096687
1.0011 26.169363636363556 3.294668680900654
1.00409 24.262272727272602 3.3183921916004904
1.00707 26.953454545454605 3.297107346491164
1.01006 28.486454545454336 3.2897172907814958
1.01305 26.625363636363915 3.3018743603536675
1.01603 30.709636363636434 3.289360803911636
1.01902 28.54272727272786 3.2871764212870187
1.02201 20.82318181818195 3.2736779240888305
1.02499 25.682999999999936 3.2742020188713488
1.02798 27.636545454545285 3.279112938830008
1.03096 24.107272727272715 3.2466198805404827
1.03395 26.316545454545377 3.263435174774883
1.03694 23.662999999999954 3.259114448136844
1.03992 20.16036363636374 3.242572952743608
1.04291 25.03127272727241 3.26653005607356
1.0459 19.543818181818153 3.2122841575373378
1.04888 23.322999999999894 3.264912102133126
1.05187 25.869727272727516 3.2171246072610753
1.05485 20.293999999999954 3.240970751637029
1.05784 26.46318181818188 3.2424631866389446
1.06083 20.00463636363648 3.204128852341532
1.06381 22.492818181817995 3.2327031163866415
1.0668 23.507181818181806 3.210392000787757
1.06979 25.21545454545489 3.207916053359864
1.07277 26.049727272727523 3.2186758165248937
1.07576 24.831999999999965 3.2078838462211587
1.07874 23.01690909090894 3.1847640594917968
1.08173 20.136545454545427 3.1885369016625247
1.08472 23.00590909090971 3.2059173089436195
1.0877 23.79272727272749 3.1800368958112815
1.09069 23.827545454545458 3.19401456919005
1.09368 22.509909090908877 3.1877086767084584
1.09666 17.264363636363385 3.1524416114556324
1.09965 15.60654545454554 3.1907167777354246
1.10264 15.60363636363661 3.1526588566679976
1.10562 17.057545454545533 3.1776407628399173
1.10861 18.66472727272722 3.1518110226045017
1.11159 18.816636363636263 3.1638367198900266
1.11458 21.844363636363795 3.1741495631430445
1.11757 22.609818181818042 3.1216842956859194
1.12055 24.00072727272729 3.155678656307753
1.12354 19.34790909090907 3.1364493697506246
1.12653 19.864363636363578 3.144061593681808
1.12951 21.704272727272667 3.14313831708815
1.1325 17.923727272727348 3.112518911319868
1.13548 20.768454545454347 3.144351953451108
1.13847 21.85645454545451 3.1157822572578557
1.14146 23.022454545454565 3.1196401990928404
1.14444 19.589363636363544 3.11950071735342
1.14743 21.031272727272636 3.1052620067775054
1.15042 21.507272727272664 3.1050758403372063
1.1534 23.09327272727259 3.108063265583234
1.15639 23.115090909090696 3.109949862105583
1.15937 11.919727272727414 3.1068234327119475
1.16236 16.24409090909083 3.0890450044149658
1.16535 22.25245454545444 3.099363597201075
1.16833 18.84636363636332 3.1097013997776064
1.17132 17.908545454545646 3.068455282634809
1.17431 22.302545454545708 3.0849710794181573
1.17729 19.184636363636116 3.0747890722744753
1.18028 18.245818181818265 3.0808189819363614
1.18326 18.796545454545424 3.0729845842918193
1.18625 24.508363636363697 3.059596142213846
1.18924 14.10536363636325 3.073741274005574
1.19222 18.33699999999979 3.0625887071687874
1.19521 15.978909090909212 3.0560236469012434
1.1982 19.549909090909097 3.0627457250728485
1.20118 21.76718181818174 3.061131147434965
1.20417 12.347636363636667 3.038622584293841
1.20716 11.810999999999865 3.0531217587746804
1.21014 19.131545454545602 3.037227088172667
1.21313 15.345999999999691 3.057474792465596
1.21611 16.357181818181772 3.030827453146352
1.2191 20.6338181818181 3.0296997227036426
1.22209 20.231999999999886 3.0334198241877064
1.22507 18.320999999999685 3.0136563197584976
1.22806 20.42900000000003 3.0286518142302894
1.23105 17.239090909091175 3.0275754903085064
1.23403 16.32709090909117 3.009510487500398
1.23702 13.970181818181544 3.0315429120668407
1.24 17.662454545454693 3.000595364578167
1.24299 19.760636363636337 3.019860576212568
1.24598 14.926181818181732 2.9860800207055727
1.24896 21.41754545454546 2.996502131342744
1.25195 14.624999999999915 3.0243659171357615
1.25494 16.405909090909176 2.9773974666243586
1.25792 16.512090909091057 3.013228109874973
1.26091 18.313636363636334 2.987043953993997
1.26389 18.299181818181864 2.978008606529687
1.26688 17.162909090909153 3.1058311662663796
1.26987 14.34445454545454 3.1071114972015024
1.27285 19.703181818182003 3.1842020096964525
1.27584 16.02854545454548 3.2140819835126755
1.27883 16.90927272727251 3.204048930461853
1.28181 11.299545454545239 3.2377225127778697
1.2848 17.372181818181787 3.223250141312486
1.28778 18.928363636363628 3.14320775811399
1.29077 12.37663636363635 3.103771020076133
1.29376 13.606363636363596 3.0767782660514236
1.29674 12.299999999999756 3.0617492796210226
1.29973 16.227727272727606 3.075461202764806
1.30272 15.66009090909077 3.089834965886262
1.3057 13.52645454545467 3.0568909758648277
1.30869 10.217181818182013 3.067270447297508
1.31168 13.252545454545412 3.0343996700404956
1.31466 15.789999999999935 3.0588024078300506
1.31765 13.125818181817976 3.0288443325147063
1.32063 20.425545454545215 3.021362657732543
1.32362 18.166181818181713 3.0256490721058227
1.32661 10.904427272727446 3.0055046102640093
1.32959 15.56945454545442 3.026841267008735
1.33258 12.385454545454593 2.9865822591325393
1.33557 12.752272727272782 2.981532244012173
1.33855 12.518272727272688 2.9957892234566668
1.34154 16.914363636363703 2.9527802249445445
1.34452 11.465454545454463 2.9658241558327
1.34751 12.84190909090924 2.929355485603838
1.3505 11.365909090909412 2.9541992591465065
1.35348 19.121999999999986 2.941971236990635
1.35647 17.37054545454569 2.9174727600389216
1.35946 8.821000000000083 2.9458136952063017
1.36244 12.713090909090994 2.906097395909963
1.36543 12.293818181818068 2.930820069426505
1.36841 22.942090909090922 2.923850826489435
1.3714 13.945454545454368 2.9142079261671494
1.37439 6.312545454545386 2.9188413443396573
1.37737 13.343909090909136 2.8892414789256717
1.38036 13.064272727272623 2.913977242724389
1.38335 15.612545454545455 2.914066068544012
1.38633 11.95699999999988 2.8865051902563037
1.38932 12.92309090909086 2.9160603024082885
1.3923 12.044727272727158 2.866956038079353
1.39529 9.91309090909084 2.896594395295255
1.39828 11.047545454545258 2.879244674129233
1.40126 11.202090909090998 2.891591900262307
1.40425 10.142272727272541 2.897050875225413
1.40724 13.897090909091077 2.8643968785312968
1.41022 8.219272727272937 2.8873547247563094
1.41321 10.128545454545446 2.8603451516157454
1.41619 9.623272727272933 2.879399483974944
1.41918 11.240272727272469 2.848937767650774
1.42217 10.925727272727244 2.8777089331683072
1.42515 6.609454545454554 2.8757505962745773
1.42814 11.239909090909208 2.8404248775493453
1.43113 13.854363636363729 2.8541291736962684
1.43411 10.604581818181629 2.8448050993659253
1.4371 12.856999999999914 2.850110965747606
1.44009 9.198090909090837 2.8549153491407555
1.44307 14.208454545454288 2.839764984498685
1.44606 7.388272727273062 2.9045382244775704
1.44904 8.103418181818114 2.929162558293115
1.45203 6.37999999999991 2.999521947904253
1.45502 13.739454545454493 3.0444074119822284
1.458 12.09218181818187 3.0544237879708573
1.46099 15.18681818181804 3.069946260335572
1.46398 14.843272727272705 3.0518880444819674
1.46696 4.985999999999962 3.1010110357760063
1.46995 14.682727272727334 3.0831454918144434
1.47293 8.896000000000441 3.1087706315202497
1.47592 11.295181818181561 3.140069714287298
1.47891 7.429090909090661 3.1051724781054597
1.48189 10.441090909090747 3.1166239916730545
1.48488 10.23163636363634 3.1057796120818453
1.48787 6.327999999999605 3.1328677140991514
1.49085 12.291909090909314 3.1409041396373762
1.49384 15.062000000000069 3.1448439116530147
1.49682 13.95854545454526 3.09349493618188
1.49981 9.718909090909165 2.9942949586569236
1.5028 12.373818181818166 2.9699813478932304
1.50578 12.457181818181766 2.9321317356596763
1.50877 8.507909090908896 2.9081118402924746
1.51176 7.673090909090803 2.905243499276742
1.51474 5.466181818181752 2.871320343543904
1.51773 7.278636363636508 2.880921632443287
1.52071 16.595999999999833 2.8458854407493703
1.5237 15.553027272727036 2.8564278417402162
1.52669 17.298090909091002 2.856175682483009
1.52967 9.116727272727445 2.84274808936014
1.53266 8.998818181818109 2.859428041642701
1.53565 13.984727272727184 2.8326577327992037
1.53863 14.646209090909252 2.8417394341838973
1.54162 14.763909090908811 2.8396173212612457
1.54461 11.32991818181793 2.8331319806790995
1.54759 14.701090909091192 2.8578398238030522
1.55058 14.609363636363497 2.8198494043809474
1.55356 8.198818181818268 2.8382309697080297
1.55655 11.060818181818064 2.817180700630923
1.55954 11.226636363636118 2.8131757434738454
1.56252 9.942727272727154 2.8200543554844693
1.56551 8.037636363636409 2.805931453540729
1.5685 9.607363636363715 2.8312302858663463
1.57148 8.918818181818438 2.7875965729045253
1.57447 9.333727272727543 2.8022458239708614
1.57745 8.56599999999986 2.7858726271764644
1.58044 5.544727272727243 2.8009863342346715
1.58343 12.79518181818176 2.791623149789607
1.58641 12.374209090908721 2.7840685368168345
1.5894 10.501000000000431 2.7846135546261546
1.59239 11.559436363636166 2.776830512819143
1.59537 13.432999999999993 2.7839917453476892
1.59836 11.405363636363433 2.78440631190996
1.60134 5.864272727272635 2.7559575085262695
1.60433 6.613000000000113 2.774856593942153
1.60732 10.860327272727233 2.754027562887607
1.6103 16.72811818181799 2.765423272860212
1.61329 4.162545454545636 2.7512705801161497
1.61628 11.961181818181643 2.7585399240124424
1.61926 9.267090909090996 2.7665212044426317
1.62225 6.263727272727095 2.737901808808427
1.62523 8.60163636363609 2.7675983439984844
1.62822 11.184454545454514 2.7316155547257095
1.63121 9.824545454545301 2.73376638678248
1.63419 10.952000000000055 2.7582744787132265
1.63718 8.88281818181838 2.727897788391982
1.64017 7.9056363636365745 2.7383536145405394
1.64315 7.01363636363638 2.718744587498974
1.64614 6.774545454545375 2.728520560374222
1.64913 12.11154545454562 2.740247633081726
1.65211 9.425454545454528 2.7072725556423007
1.6551 7.815000000000083 2.7319672245560955
1.65808 11.650363636363466 2.713845693212396
1.66107 10.671545454545566 2.7217651780353957
1.66406 7.853272727272724 2.701160316811314
1.66704 12.488090909091056 2.7097124961189625
1.67003 3.831618181818186 2.7278372961968556
1.67302 4.0572727272727604 2.688487257694427
1.676 15.246000000000066 2.704032883049978
1.67899 8.046999999999969 2.7006861454656033
1.68197 8.398181818181882 2.693189661457303
1.68496 6.856545454545397 2.7060627026145574
1.68795 1.784181818181736 2.678540099422074
1.69093 9.728818181818042 2.6969539779115133
1.69392 9.29068181818181 2.6874635694580973
1.69691 10.85000909090894 2.6857179276200593
1.69989 6.385181818181991 2.6850547029958576
1.70288 1.6909999999998604 2.6685864996255777
1.70586 8.553909090909144 2.67779432718205
1.70885 11.867772727272552 2.6734858592913153
1.71184 9.9823636363638 2.6856266650865694
1.71482 9.437363636363614 2.658526474150934
1.71781 10.493409090909154 2.674365574601647
1.7208 11.507827272727269 2.6757389393818514
1.72378 10.194681818181834 2.6441922893540237
1.72677 7.538636363635902 2.6668905680408472
1.72975 8.551181818181703 2.651327604275753
1.73274 8.089545454545402 2.6674281483516
1.73573 7.234727272727355 2.657038336358046
1.73871 9.352363636363776 2.643207792603384
1.7417 8.943818181817846 2.652539406955958
1.74469 11.901181818181357 2.639501320172596
1.74767 11.495454545454464 2.648012446715699
1.75066 12.047636363636371 2.6399555443985863
1.75364 4.325818181818306 2.6397849608398705
1.75663 12.58201818181817 2.6464257070375425
1.75962 11.453545454545235 2.6170959547067145
1.7626 6.672272727272741 2.638084671674963
1.76559 1.8007272727273005 2.623129595382821
1.76858 4.645909090909015 2.633359291101174
1.77156 2.1646363636364185 2.637559354793617
1.77455 11.231818181818198 2.6132559885473388
1.77754 5.572909090908951 2.6275124017507996
1.78052 2.1610909090910013 2.612500883905899
1.78351 3.786309090909441 2.6154113407199553
1.78649 10.741954545454462 2.6143148111431125
1.78948 6.38190909090909 2.610693893761287
1.79247 9.430363636363808 2.617493084084308
1.79545 10.12809090909073 2.618266659182572
1.79844 6.974363636363421 2.5973293386479357
1.80143 9.871709090909206 2.603193785905722
1.80441 6.765263636363699 2.5986110965992393
1.8074 8.220090909091056 2.610317479028324
1.81038 8.61079999999987 2.5946941416172957
1.81337 8.177636363636651 2.591347450397375
1.81636 5.292272727272973 2.5929040117114646
1.81934 6.473727272727103 2.5981692571073327
1.82233 5.885272727272763 2.5851462919389503
1.82532 10.396827272727194 2.5702210158766055
1.8283 9.45165454545446 2.598009493139547
1.83129 12.626900000000205 2.5742197931941115
1.83427 7.278863636363724 2.587355328631085
1.83726 4.826790909091017 2.5582748720676567
1.84025 10.921499999999895 2.582885982393482
1.84323 6.358363636363862 2.586905208729326
1.84622 8.641636363635996 2.5598847724873726
1.84921 5.087990909090934 2.576950130286026
1.85219 9.368309090909008 2.560388626646586
1.85518 9.956345454545641 2.5648587854557885
1.85816 9.682000000000102 2.570334426073247
1.86115 5.663836363636534 2.546579531765338
1.86414 11.696481818181894 2.576323636649644
1.86712 9.454654545454275 2.5505161362061948
1.87011 10.803627272727283 2.5549130608160437
1.8731 9.899227272727131 2.54833032920724
1.87608 10.204790909090775 2.5352543679579274
1.87907 3.648181818181939 2.5716784254537473
1.88206 11.442772727272512 2.538498071239948
1.88504 5.128972727272441 2.5422865207605962
1.88803 3.9601818181820647 2.5418736047268684
1.89101 6.213718181818422 2.5374118509632937
1.894 6.158245454545579 2.5534654493930105
1.89699 5.865818181817843 2.5268414309355487
1.89997 6.326754545454492 2.5314728153360817
1.90296 4.544136363636682 2.5246389732572387
1.90595 5.3566909090911 2.532158900466581
1.90893 7.621018181817902 2.528345744303036
1.91192 7.945545454545453 2.529439929794774
1.9149 6.77720909090894 2.5312940352467534
1.91789 4.709354545454403 2.511039979642773
1.92088 9.052972727272675 2.5323937854957927
1.92386 5.813554545454451 2.507044618944972
1.92685 5.316727272727064 2.5115551365477766
1.92984 2.944336363636353 2.5070311348569514
1.93282 8.765881818181924 2.4942611983786316
1.93581 6.6887727272728625 2.5185579904274262
1.93879 2.461909090908989 2.490172247800921
1.94178 3.0171818181820242 2.4996917191090393
1.94477 6.998790909091213 2.493877988645779
1.94775 11.537481818181874 2.4947505265704035
1.95074 8.483418181818223 2.4923589550767793
1.95373 2.8938363636362396 2.4833304709916373
1.95671 2.7489181818181407 2.5003510515940337
1.9597 11.183390909090889 2.4874695664262845
1.96268 5.668027272727443 2.4760340283332467
1.96567 9.263445454545263 2.5081577132818023
1.96866 3.159172727272903 2.470870908752179
1.97164 9.813127272727371 2.5010413501223816
1.97463 7.665209090909144 2.486959850568375
1.97762 8.485000000000156 2.4785318391904827
1.9806 9.960299999999478 2.490009986045079
1.98359 7.45439090909116 2.4653704138812875
1.98658 5.517063636363702 2.4967149398966897
1.98956 3.979045454545229 2.470144826363762
1.99255 5.681245454545376 2.4818709965341417
1.99553 5.533690909091007 2.475821041284642
1.99852 8.173481818181756 2.4659361289374386
2.00151 4.800109090909217 2.47120643077018
2.00449 3.0073090909090183 2.460336713328592
2.00748 10.516736363636312 2.463521011470539
2.01047 9.893390909090982 2.475138017784498
2.01345 5.094390909091118 2.4665322500077305
2.01644 3.759199999999936 2.468087579494347
2.01942 12.45277272727293 2.444042771363293
2.02241 5.917681818181819 2.4674699322048252
2.0254 6.810718181818203 2.4501561722481306
2.02838 4.5712363636360465 2.4593236476391214
2.03137 3.1908909090910242 2.4463358458671265
2.03436 3.4435545454545036 2.452581484774061
2.03734 5.458545454545458 2.45474803813184
2.04033 1.6988181818184955 2.441328846642423
2.04331 4.265127272727227 2.4476347500222544
2.0463 1.6169545454545187 2.4391098675070833
2.04929 4.557890909090929 2.448939344800456
2.05227 8.02455454545452 2.430713384536632
2.05526 7.50293636363665 2.427814313996655
2.05825 4.393609090908939 2.439152285050488
2.06123 10.493545454545625 2.4453639311760855
2.06422 6.920345454545469 2.4337357392086445
2.0672 5.617009090909022 2.434936147105866
2.07019 5.484236363636512 2.419203236597727
2.07318 6.815209090909065 2.425900651129857
2.07616 8.12142727272743 2.4242255932887993
2.07915 8.150509090908855 2.463650564218082
2.08214 3.206090909090591 2.5146857310009163
2.08512 9.129518181817815 2.542248069543011
2.08811 7.831136363636659 2.5610952358007397
2.09109 1.463645454545457 2.5694325620835636
2.09408 6.272909090909025 2.579756600274328
2.09707 11.686863636363825 2.5872081407674545
2.10005 8.601790909090994 2.5907305175166044
2.10304 9.230818181818137 2.6122698181921082
2.10603 4.325609090908955 2.5978680481510508
2.10901 8.772218181818516 2.606153062478169
2.112 7.930545454545239 2.6168629371759344
2.11499 8.073109090909156 2.6258760968254697
2.11797 4.381227272727557 2.6302554789573405
2.12096 4.072654545454526 2.624860791699838
2.12394 5.6176999999998145 2.6386086060600027
2.12693 4.161100000000033 2.6249674284104763
2.12992 8.301045454545317 2.605951731600306
2.1329 7.909218181818147 2.5258827622416247
2.13589 5.231345454545249 2.5197510467433926
2.13888 1.349463636363737 2.503961413505248
2.14186 5.795718181818046 2.4771137624973334
2.14485 5.7661545454546115 2.4841703670225415
2.14783 7.373800000000159 2.4568951672980903
2.15082 5.143654545454552 2.4807077783901477
2.15381 3.6881909090907072 2.463471236956912
2.15679 9.653999999999883 2.4454031802979372
2.15978 6.763190909091037 2.4710867919019672
2.16277 7.531145454545651 2.44413701609456
2.16575 8.179227272727445 2.4483006904731877
2.16874 2.8216636363636383 2.4455392265241773
2.17172 7.059345454545252 2.432732309649674
2.17471 4.519763636363621 2.45382075600272
2.1777 10.090636363636634 2.421672620874262
2.18068 3.8391999999998916 2.429015066400159
2.18367 8.052681818181782 2.4232056278695486
2.18666 6.045600000000206 2.4228600566746517
2.18964 4.198081818181834 2.4348607890855245
2.19263 4.727145454545507 2.4028166419255506
2.19561 6.822209090909297 2.414581529239192
2.1986 4.983181818181777 2.407559745651664
2.20159 5.877218181818193 2.416725110337134
2.20457 1.1780181818180324 2.4079042149941916
2.20756 3.3059909090907524 2.398931832430712
2.21055 2.40657272727276 2.4149612605765194
2.21353 4.533472727272567 2.3969326674289375
2.21652 9.863572727272896 2.4013675833606545
2.21951 6.527045454545544 2.3855151987686933
2.22249 6.5819272727273415 2.3940576341157183
2.22548 6.384090909091071 2.404123603509177
2.22846 6.636036363636322 2.3825313275611153
2.23145 3.028800000000018 2.393055429577535
2.23444 3.9217909090909586 2.376411689244911
2.23742 0.8656636363637915 2.385770151036298
2.24041 6.537863636363568 2.383867106385682
2.2434 3.7570090909092357 2.374101828502532
2.24638 4.752227272727367 2.3758419454907918
2.24937 0.8624909090909227 2.370726675507915
2.25235 5.863445454545513 2.3769735881799465
2.25534 2.4954999999999927 2.36507850053601
2.25833 3.5562090909090216 2.3627997810740204
2.26131 8.314981818181764 2.3780395224283035
2.2643 9.07070909090919 2.356121819414259
2.26729 5.723236363636346 2.3675525062240426
2.27027 4.1522090909089115 2.351461701096741
2.27326 4.668290909091013 2.3672381052131355
2.27624 0.17879999999991014 2.358667720745722
2.27923 8.432581818181859 2.3436480282250343
2.28222 5.253900000000158 2.359079544274046
2.2852 6.921718181818335 2.3341266434758903
2.28819 10.441309090909243 2.360409029123639
2.29118 7.646090909091043 2.3352069624604006
2.29416 3.1737909090908545 2.342615543721953
2.29715 0.5301727272727419 2.3488468557889903
2.30013 6.1259727272727105 2.3334008060674813
2.30312 7.217899999999986 2.345206327864324
2.30611 7.560363636363547 2.337987997133487
2.30909 6.711209090909023 2.3331292025886556
2.31208 1.3748999999998546 2.345924505403188
2.31507 3.449327272727203 2.3168262417969636
2.31805 5.202909090909458 2.336204392403245
2.32104 3.2115636363636213 2.319090426169441
2.32403 -0.5319454545453084 2.3319099462519794
2.32701 6.577472727272777 2.320807196299794
2.33 10.661954545454506 2.318490790216872
2.33298 5.902790909091209 2.3355783128622813
2.33597 9.082390909090918 2.29587721541443
2.33896 5.9680181818180245 2.327229857527877
2.34194 6.586627272727128 2.313328525980762
2.34493 5.001818181818152 2.314735830050072
2.34792 6.668245454545456 2.319238805846874
2.3509 5.541463636363773 2.2954050784801496
2.35389 2.766136363636491 2.3205914547978397
2.35687 2.7045181818182584 2.300710165612665
2.35986 1.6676363636362623 2.3066333965078427
2.36285 4.847954545454485 2.310208899364296
2.36583 7.064845454545576 2.289063031970373
2.36882 8.694909090909135 2.305036136464805
2.37181 2.5526090909092147 2.287375785243546
2.37479 4.249336363636189 2.304259104462484
2.37778 6.632763636363848 2.299920933153233
2.38076 6.642854545454782 2.2917804347702058
2.38375 4.278190909090966 2.302257533847781
2.38674 2.482109090909148 2.2706112807458294
2.38972 3.9649272727272944 2.2951252567772547
2.39271 1.2427545454544031 2.281711901016087
2.3957 7.659190909090938 2.2904911780730557
2.39868 6.772336363636384 2.293202001787291
2.40167 4.121472727272817 2.273333046442667
2.40465 2.531063636363484 2.281860862499615
2.40764 7.68816363636347 2.2696820178171535
2.41063 7.457299999999947 2.2773229202094796
2.41361 3.8249636363639183 2.275419677162037
2.4166 7.623809090909077 2.2798403250714134
2.41959 4.1394454545452675 2.274411118897658
2.42257 7.007163636363458 2.262670212345105
2.42556 5.004018181818424 2.2752688036381947
2.42854 7.431100000000157 2.2646874803885297
2.43153 2.8463000000002125 2.268068240483066
2.43452 6.0137454545453295 2.2737217474459674
2.4375 2.5009818181818844 2.2438670259765714
2.44049 6.890290909091021 2.255492037136302
2.44348 3.030700000000195 2.2495437815381605
2.44646 -0.08720909090925488 2.2556703267217375
2.44945 3.351272727273056 2.2485598430027047
2.45244 5.747918181818079 2.247650949127638
2.45542 3.918218181818247 2.2560893268937865
2.45841 5.206972727272614 2.231713981284268
2.46139 4.226363636363573 2.243476749677191
2.46438 4.520518181818289 2.2445916517580433
2.46737 6.5387454545455626 2.2413436321272737
2.47035 3.8129909090908143 2.253953409458894
2.47334 3.7468999999998687 2.224551910463571
2.47633 3.425027272727448 2.2485112312439677
2.47931 1.6304363636363917 2.2377355391428315
2.4823 -0.26486363636365695 2.23901162512578
2.48528 8.659118181818144 2.248306191172173
2.48827 4.714290909091119 2.228186706163848
2.49126 1.4077272727271861 2.2437205686029404
2.49424 3.1908545454545845 2.2260095810853895
2.49723 6.33209090909105 2.236167522769879
2.50022 1.8316090909092964 2.231186524695032
2.5032 8.013272727272494 2.232079308512205
2.50619 3.638845454545674 2.2283156591877837
2.50917 3.2634181818181673 2.2245188743321886
2.51216 1.028145454545637 2.218464031520057
2.51515 1.356463636363543 2.2245693758722465
2.51813 3.3172909090909286 2.222210645426596
2.52112 1.6783000000000925 2.2291781059949423
2.52411 6.045981818182042 2.2176477601458995
2.52709 2.6456454545454733 2.221376354867868
2.53008 4.891927272727372 2.215983841182786
2.53306 3.9121909090908957 2.206635817712625
2.53605 2.7962727272725374 2.2097642236784893
2.53904 4.190672727272613 2.2167901040738056
2.54202 6.783463636363649 2.2235470525369654
2.54501 -0.45688181818164253 2.200067677230032
2.548 3.91295454545471 2.2122545358872983
2.55098 5.864872727272541 2.193816221285059
2.55397 0.21670909090900636 2.217928577131463
2.55696 5.553036363636323 2.206373443179646
2.55994 4.080809090908986 2.1896483874279
2.56293 6.886199999999718 2.210770777757248
2.56591 4.383654545454192 2.196568421705442
2.5689 5.533481818181798 2.204976284948086
2.57189 3.016418181818068 2.201138373254075
2.57487 7.088563636363574 2.1886152407234998
2.57786 7.323245454545457 2.203355460210107
2.58085 1.8847636363635445 2.1873900981844825
2.58383 5.698054545454596 2.1886147014559496
2.58682 0.8688000000000784 2.1928413585007425
2.5898 5.955045454545598 2.1762162849821545
2.59279 5.385263636363504 2.2051144110701446
2.59578 4.257472727272642 2.1795414752743767
2.59876 4.488145454545673 2.189868409724312
2.60175 3.736345454545642 2.1821420713570943
2.60474 7.248172727272646 2.188458330741726
2.60772 0.34640909090938976 2.1823475824597955
2.61071 8.258481818181593 2.172470438702045
2.61369 5.5901636363633145 2.1815573859306783
2.61668 3.1193545454544847 2.174590160320895
2.61967 0.06520909090909299 2.17559228544041
2.62265 4.262545454545119 2.17312538269719
2.62564 1.4083818181819652 2.1638064576287035
2.62863 8.388845454545475 2.1814923944859608
2.63161 1.619209090909095 2.1607932276982478
2.6346 5.310718181818288 2.1727297409799693
2.63758 3.6232181818181175 2.163352178037584
2.64057 4.4496181818178115 2.1748080356560244
2.64356 3.8801999999999737 2.1738966617866216
2.64654 2.5930909090909893 2.1594606679696517
2.64953 2.0307454545455528 2.1674378970281314
2.65252 4.303690909090818 2.1454117415389593
2.6555 3.122818181818161 2.169059046234727
2.65849 3.626909090909294 2.1559509144914557
2.66148 2.450672727272689 2.156191800827998
2.66446 6.051127272727399 2.1582375543378935
2.66745 1.1511272727274502 2.143847605989974
2.67043 -0.08767272727283171 2.163769695276076
2.67342 4.370581818182018 2.1466194262626486
2.67641 4.223481818181938 2.1457495507623943
2.67939 3.324745454545308 2.166093333845104
2.68238 6.037863636363738 2.1336531369831184
2.68537 2.143972727272825 2.150640282102027
2.68835 3.987899999999911 2.142595191646639
2.69134 8.797445454545851 2.1462463736511572
2.69432 4.693500000000199 2.162292872036363
2.69731 6.740700000000004 2.1269891606833813
2.7003 5.720699999999823 2.142548061518665
2.70328 2.1884818181818844 2.1289875829626546
2.70627 9.581054545454748 2.144439568526098
2.70926 3.1396363636363844 2.13097294325224
2.71224 3.0197727272728514 2.1705390571913026
2.71523 4.264572727272622 2.2104881825345055
2.71821 2.647245454545555 2.224297685198662
2.7212 9.120636363636407 2.24060576844289
2.72419 5.749600000000186 2.2499840832801534
2.72717 4.771654545454567 2.255510247890389
2.73016 2.2586727272728524 2.2642641957221135
2.73315 5.099772727272551 2.2555845155971883
2.73613 8.430590909090938 2.2719994920312843
2.73912 1.658281818181564 2.2670430740532193
2.7421 2.447699999999884 2.3538339730343933
2.74509 3.4323545454547855 2.397870071742048
2.74808 -1.2003909090907428 2.391762463446541
2.75106 -0.19754545454546246 2.4382246907215293
2.75405 -0.5891090909089769 2.4406724086663005
2.75704 0.04014545454566587 2.4897432756703703
2.76002 6.732899999999944 2.496257269139427
2.76301 -0.10280909090894852 2.5234259353991675
2.76599 2.299963636363742 2.557289782386585
2.76898 2.103699999999975 2.555675926755829
2.77197 5.0033818181817935 2.5806395136308047
2.77495 2.962018181818138 2.5781004445406803
2.77794 2.707181818181681 2.608296596644462
2.78093 5.913445454545467 2.62796241560274
2.78391 -0.09702727272724587 2.6183273297710663
2.7869 2.0433727272728675 2.64331523535563
2.78989 3.348099999999903 2.631759376378999
2.79287 6.724663636363601 2.662565892458346
2.79586 -0.43680000000009045 2.671900845958
2.79884 2.270881818181465 2.6818906436087504
2.80183 4.769145454545196 2.6911333936743516
2.80482 3.6786272727275104 2.6817422207590464
2.8078 3.070118181818202 2.715254245590604
2.81079 1.7511363636363342 2.7065517754859743
2.81378 0.7478181818184737 2.729930136241381
2.81676 4.882000000000062 2.742726040981469
2.81975 1.5457181818179322 2.7437772088987247
2.82273 1.8246818181815172 2.765514979445811
2.82572 8.439109090908943 2.746312464946059
2.82871 0.23992727272712955 2.771713324706608
2.83169 4.299127272727219 2.7803507082924774
2.83468 -2.9037090909091035 2.795030508483949
2.83767 -0.5445818181817685 2.8150949381456716
2.84065 5.9344363636364506 2.7929006040500806
2.84364 5.505818181818256 2.8261852978539763
2.84662 2.4095181818179867 2.810515853940307
2.84961 1.3059545454544264 2.8483240913994594
2.8526 1.2788545454546352 2.859795508661173
2.85558 4.445136363636237 2.8327280624607405
2.85857 4.89654545454556 2.8898358713833003
2.86156 5.58235454545482 2.82437945420695
2.86454 3.8809818181819367 2.876726627464027
2.86753 1.627054545454456 2.858360232531147
2.87051 -0.6122363636362138 2.856247368526255
2.8735 1.4910181818181911 2.905460929142936
2.87649 3.544981818181867 2.8677502932045966
2.87947 2.1050272727269714 2.8938019683392016
2.88246 1.0370909090907787 2.905187206989663
2.88545 -2.8302818181816747 2.901936874859701
2.88843 6.636000000000166 2.955739404445846
2.89142 1.1855636363638666 2.8888185752333433
2.89441 4.442518181818258 2.951471156870633
2.89739 6.370318181818533 2.9386544947917286
2.90038 4.206509090909094 2.9324328221492193
2.90336 3.944954545454209 2.990350879860772
2.90635 2.22949090909097 2.9277515486780104
2.90934 3.742009090909164 3.018203874627222
2.91232 1.241436363636268 2.9573586478603775
2.91531 4.858518181818283 2.9891176591148225
2.9183 0.1630090909092985 2.997916047112919
2.92128 -0.21726363636361157 3.0030670258883516
2.92427 3.3218272727275178 3.036833815436655
2.92725 2.916372727272716 3.017178276764887
2.93024 3.989409090908964 3.0154383059044205
2.93323 5.745436363636287 3.0504988817468597
2.93621 7.387609090908995 3.0438450554181298
2.9392 -5.002818181818185 3.0908477971696353
2.94219 2.104490909090657 3.047339146335879
2.94517 4.6263909090910715 3.068209306745573
2.94816 -1.7375818181817237 3.0955467400048327
2.95114 3.197390909091098 3.0722748662600408
2.95413 5.292390909091154 3.1188065712201323
2.95712 2.4047818181816183 3.0938984452492906
2.9601 2.8606090909090653 3.1244181662708814
2.96309 -1.2008363636363129 3.124970678771265
2.96608 5.007890909090804 3.1190342169435032
2.96906 1.1241727272727076 3.16303184258439
2.97205 1.612445454545366 3.141839680379934
2.97503 2.62026363636366 3.152814730126186
2.97802 5.5916000000000565 3.1698405335781126
2.98101 0.7157636363636755 3.1627217620573553
2.98399 0.1900818181820796 3.2028251187085246
2.98698 2.765899999999988 3.1705952097443717
2.98997 6.54508181818187 3.210587008056046
2.99295 3.2792727272729394 3.18562895120536
2.99594 2.1754272727271484 3.215234055249339
2.99893 0.5248454545457548 3.206142117874416
3.00191 4.98924545454571 3.221790834567999
3.0049 4.637372727272719 3.20890287511937
3.00788 4.648481818181978 3.2397475761882917
3.01087 7.128899999999874 3.2547882349581103
3.01386 -0.6617636363637303 3.2238214738463538
3.01684 7.732445454545456 3.2740165247053747
3.01983 6.382836363636244 3.241797874943141
3.02282 1.5264454545454953 3.300547128758182
3.0258 5.720072727272623 3.2820882978357373
3.02879 3.4921545454547243 3.2759417754251796
3.03177 2.3662272727271727 3.3168826945316336
3.03476 11.031354545454661 3.2878823992455697
3.03775 7.040800000000047 3.3465903956832737
3.04073 3.2756090909091995 3.322686902619352
3.04372 10.385000000000133 3.3022708756667023
3.04671 -1.2953272727273202 3.3917474681035795
3.04969 1.1358727272730107 3.330029527469626
3.05268 -0.4389000000000465 3.3988109337142496
3.05566 7.612809090909423 3.33720864335987
3.05865 1.0418181818178596 3.362657833358698
3.06164 1.6105090909090336 3.442146593836371
3.06462 5.604036363636453 3.3516900786414427
3.06761 2.4638181818181693 3.450061282489961
3.0706 4.7134818181817195 3.3833556544096535
3.07358 1.5256727272726778 3.4243190686918723
3.07657 3.618836363636291 3.4609038795800644
3.07955 1.320127272727376 3.4015305974836925
3.08254 -1.3888636363638796 3.51436762434079
3.08553 1.7869454545456165 3.425870371494301
3.08851 0.41144545454528725 3.4745297194190146
3.0915 3.084363636363605 3.4805243677407036
3.09449 3.872063636363663 3.471477114485688
3.09747 5.5275181818178964 3.5417020742529455
3.10046 9.045481818181571 3.4440558587020575
3.10344 3.835118181818018 3.4924528866229947
3.10643 3.2484999999999786 3.4981108453002694
3.10942 8.000981818181856 3.4893506521270243
3.1124 -2.5680545454547143 3.5447388454640967
3.11539 0.2992363636363393 3.4514479982054818
3.11838 6.8665272727274385 3.519804813236625
3.12136 0.5102909090909691 3.489971436742138
3.12435 0.595681818181788 3.5522540143952614
3.12734 -5.110409090908945 3.5162806591429643
3.13032 5.496145454545598 3.5218996984368776
3.13331 6.509754545454598 3.5842168363883093
3.13629 -0.5138636363635385 3.51993116671023
3.13928 9.958590909090788 3.613709935478893
3.14227 1.8505000000000393 3.5657112061813248
3.14525 0.13772727272751695 3.577930912546795
3.14824 -5.767509090909044 3.635535410376347
3.15123 7.440518181818305 3.5601962118271824
3.15421 8.738645454545804 3.6504397253410046
3.1572 4.96695454545474 3.6119243435734667
3.16018 -10.2967818181817 3.657015126327293
3.16317 2.8456636363637244 3.6564680704444603
3.16616 0.8647272727270661 3.6286654278489276
3.16914 4.266200000000282 3.7262869516419044
3.17213 -1.4752636363633087 3.6290215368155114
3.17512 7.798127272727413 3.700687236849545
3.1781 7.251872727272826 3.6990593716799185
3.18109 4.642499999999927 3.7099374219095322
3.18407 -1.3078272727271667 3.768208371283796
3.18706 -0.5005727272728677 3.662652481917646
3.19005 4.311254545454375 3.7811742738320415
3.19303 5.241545454545644 3.721521611385442
3.19602 3.3039999999996894 3.756357942083406
3.19901 -2.1108090909092425 3.8313052734661217
3.20199 0.5568181818182438 3.7179069193401855
3.20498 3.8768272727271835 3.8243742711106616
3.20796 9.489836363636499 3.7822543225182166
3.21095 11.211518181818292 3.816550637510716
3.21394 2.6461363636363444 3.8249367409550654
3.21692 -2.18728181818193 3.8263340961025
3.21991 2.4959818181821447 3.903133841140648
3.2229 4.462163636363385 3.8068530805663716
3.22588 0.6173999999998614 3.896611944702877
3.22887 3.3899545454549695 3.8510866605131926
3.23186 2.930790909090888 3.904511990619355
3.23484 5.23638181818157 3.9681310564930996
3.23783 5.510281818181966 3.8483380502696525
3.24081 5.001381818181727 3.9578024298255916
3.2438 -0.33160000000009404 3.9083793257391584
3.24679 3.518590909090875 3.95892389830542
3.24977 3.0771363636364413 3.996927730444306
3.25276 13.927472727272772 3.9292895883696404
3.25575 7.867490909090833 4.037262207098747
3.25873 0.9516454545455133 3.940236395207399
3.26172 2.4405818181820393 4.0272909465549205
3.2647 4.146690909090864 4.036879721359467
3.26769 1.8998818181819388 4.016988948287306
3.27068 4.991963636363721 4.087529595888207
3.27366 -0.08174545454565418 3.995165226047735
3.27665 4.792036363636214 4.095198678745094
3.27964 5.896836363636453 4.074820876526212
3.28262 -5.841318181818167 4.0881734759375234
3.28561 7.2918727272728745 4.15122828852882
3.28859 5.499645454545288 4.065024176175569
3.29158 -1.0500818181817806 4.181146428328967
3.29457 1.3581454545452232 4.110601052419994
3.29755 -1.4844181818180857 4.183044763865283
3.30054 14.988618181818225 4.179421489874724
3.30353 2.469481818181549 4.163162486234739
3.30651 -1.3789636363634372 4.26284767738577
3.3095 9.737954545454528 4.162700011227058
3.31248 2.277518181817868 4.263146498245812
3.31547 2.6463272727271203 4.214187402605564
3.31846 -1.29905454545451 4.250532622854347
3.32144 2.216118181818274 4.351763039994099
3.32443 10.151400000000024 4.2124926651731815
3.32742 0.7006727272727176 4.3551438187579175
3.3304 -0.753427272727123 4.260339582617088
3.33339 5.719172727272763 4.335222800044208
3.33637 1.6248545454543262 4.361788544915608
3.33936 1.77542727272737 4.33814549142805
3.34235 13.707845454545264 4.4254542959455
3.34533 2.9334272727273003 4.317892607640354
3.34832 10.419490909090712 4.440364002395645
3.35131 -8.17975454545433 4.408047820045168
3.35429 12.826909090909169 4.416786824968916
3.35728 3.8588909090906043 4.532982791830497
3.36027 11.179054545454505 4.371820617271293
3.36325 4.277918181818308 4.537352781424976
3.36624 2.5705545454546552 4.447972058938584
3.36922 7.424509090909339 4.526127427178725
3.37221 2.147872727272926 4.5929720765072375
3.3752 4.202627272727426 4.47904325282183
3.37818 1.8519636363635072 4.6230388996321
3.38117 2.258345454545605 4.515284518830834
3.38416 2.118618181818306 4.64481397053355
3.38714 -0.5756272727273881 4.585964494229618
3.39013 7.39409090909092 4.606638499299383
3.39311 2.6629090909088404 4.723761525303364
3.3961 14.162145454545652 4.598618372606175
3.39909 1.2280454545454234 4.7306951003666535
3.40207 0.8774090909089693 4.653824113069286
3.40506 -4.763390909090788 4.752271061193743
3.40805 3.5279727272727257 4.837056438494488
3.41103 7.438918181818224 4.658168204094257
3.41402 6.207454545454851 4.846843099050647
3.417 -3.296418181817984 4.69809940466742
3.41999 0.44756363636381025 4.843160408455813
3.42298 -2.2400818181817783 4.847643175943533
3.42596 11.804463636363494 4.81202695188716
3.42895 2.6154454545455508 4.98315748709939
3.43194 5.0391636363637815 4.757923174274067
3.43492 3.751363636363436 5.005513666461604
3.43791 -2.998781818181868 4.880137977186051
3.44089 12.911636363636347 4.930888357093794
3.44388 1.3335818181818127 5.054851962016378
3.44687 5.215409090909162 4.770898589323774
3.44985 -0.7946363636362719 5.016625884247218
3.45284 -0.6799363636362443 4.840296606630751
3.45583 3.7899909090907613 4.941196996259573
3.45881 3.8712454545454023 4.989940036259317
3.4618 7.075918181818395 4.862284013320122
3.46479 -0.0802363636361747 5.0331715206722905
3.46777 2.313445454545615 4.862347910086985
3.47076 2.1167909090908665 4.993836692969852
3.47374 6.657518181818034 4.983375971094311
3.47673 5.5646999999999025 4.974399948126224
3.47972 5.05414545454542 5.1675271588977925
3.4827 1.8497272727272218 4.9652011228200745
3.48569 4.275727272727181 5.1151673412395295
3.48868 8.602500000000077 5.039480594482542
3.49166 2.7149545454544466 5.146013154634556
3.49465 0.8411181818181035 5.2667053674325635
3.49763 -0.6611818181818307 5.0140204278102365
3.50062 -6.006809090908973 5.309876375506651
3.50361 4.370172727272603 5.069783802532558
3.50659 2.6365272727274203 5.310581947035421
3.50958 3.771536363636301 5.228478179041115
3.51257 7.313672727272547 5.253857978370916
3.51555 11.698318181818053 5.448618658741039
3.51854 0.3380727272728734 5.183773111045501
3.52152 3.392009090909198 5.464116110424145
3.52451 11.963281818181883 5.29487376940601
3.5275 2.6154454545455508 5.424889315381893
3.53048 11.789881818181556 5.624002320809172
3.53347 1.6634181818182014 5.260133245930466
3.53646 -0.5277818181818361 5.615601206999822
3.53944 2.5833000000000084 5.3883618362970775
3.54243 3.1586818181817478 5.610016110746891
3.54541 12.384709090909212 5.625912876077523
3.5484 0.3594818181818482 5.526662755009715
3.55139 -1.064654545454431 5.801168687538189
3.55437 -4.5883363636365 5.476701962391416
3.55736 -15.78904545454563 5.819507421122513
3.56035 -3.310254545454683 5.65554012950974
3.56333 6.0297727272725865 5.762215499715108
3.56632 4.021036363636341 5.947387106025554
3.56931 7.217863636363546 5.62265909206454
3.57229 1.377063636363829 5.968766826929473
3.57528 -6.505318181818183 5.761875218620918
3.57826 1.18070000000003 5.965512137604016
3.58125 -0.5131000000000085 6.066140107569868
3.58424 7.678690909091017 5.794467304191385
3.58722 20.39291818181809 6.219072989495253
3.59021 3.151981818181895 5.875841402306524
3.5932 11.067281818181982 6.185154937982389
3.59618 -2.153181818181764 6.096872561206828
3.59917 3.760318181818292 6.1051896381956405
3.60215 18.244827272727093 6.417535141470909
3.60514 2.370345454545628 6.010449027616423
3.60813 -1.523172727272879 6.392628140370777
3.61111 3.4224181818180455 6.171426537169921
3.6141 2.993672727272809 6.373857521864457
3.61709 3.651509090909144 6.699696519254738
3.62007 4.83189090909093 6.14700014131606
3.62306 5.121054545454626 6.677810445160342
3.62604 4.667463636363465 6.349310633473111
3.62903 2.17390909090895 6.670241118476332
3.63202 7.747436363636382 6.628750951155102
3.635 2.750681818181846 6.577508677728789
3.63799 2.5815636363635974 6.951094546062037
3.64098 -1.8010727272728388 6.4747078022290285
3.64396 11.77281818181811 7.0086899027263065
3.64695 -5.498954545454495 6.748013826310196
3.64993 0.9560454545454888 6.903576606818317
3.65292 -1.7748818181819104 7.356719802221303
3.65591 5.513763636363791 6.625990044599791
3.65889 2.2014454545453077 7.368613983227491
3.66188 -2.1320090909090084 6.928431193049871
3.66487 0.09518181818194194 7.247389073779469
3.66785 4.527018181818221 7.421504269474102
3.67084 14.474999999999909 7.039701117799236
3.67382 2.3055272727273746 7.737841788199672
3.67681 13.3841363636364 7.113102446203655
3.6798 0.5768454545454915 7.675425889185091
3.68278 -1.5114363636364203 7.544959618538626
3.68577 8.244045454545414 7.565072514579342
3.68876 6.235527272727239 8.209563792818935
3.69174 -1.2351636363638363 7.299554283040022
3.69473 2.088781818181644 8.20705935808762
3.69772 3.2811636363636865 7.607323940978369
3.7007 -6.004245454545298 8.226970597863364
3.70369 13.802990909090767 8.563158754481291
3.70667 -0.4731818181818426 7.603521829482041
3.70966 16.087836363636256 8.61828738461481
3.71265 0.5487636363636739 7.976125696559072
3.71563 -11.542309090909129 8.594085693318016
3.71862 2.0457909090909254 8.643326324238652
3.72161 9.178809090908828 8.366718359735675
3.72459 -7.960445454545351 9.444755365336166
3.72758 6.521490909090915 8.126652021787162
3.73056 -5.078381818181867 9.401507432112124
3.73355 1.5063545454546556 8.79855484494297
3.73654 1.687554545454617 9.190661772055858
3.73952 13.863945454545501 10.332198065963265
3.74251 -10.807881818181642 8.474659502085377
3.7455 13.315836363636606 10.367330242094855
3.74848 -7.14656363636351 9.09238695659958
3.75147 4.3386545454545455 10.155779312873008
3.75445 -9.715309090909159 10.148840082953665
3.75744 12.344963636363673 9.651495813984717
3.76043 4.795554545454621 11.459335088073555
3.76341 9.66156363636344 9.441242224710265
3.7664 -0.6800090909091239 11.507471190923084
3.76939 4.846699999999942 10.499451919834941
3.77237 13.030381818181667 11.068689496463577
3.77536 15.079763636363737 13.18443599009165
3.77834 0.606027272727232 9.9923775664668
3.78133 16.564181818181964 13.25110311177258
3.78432 -12.300281818181844 10.901319983668138
3.7873 -9.715809090909033 13.066644279124652
3.79029 4.6706818181816345 13.839767983673589
3.79328 7.329745454545389 11.420111185401165
3.79626 -1.8335636363634933 15.881485050953293
3.79925 16.92550909090926 11.778283280610825
3.80224 -13.637663636363726 16.255001354455864
3.80522 7.508227272727197 13.417914749110516
3.80821 18.72811818181816 15.376132299406937
3.81119 -35.26485454545451 18.588318696971385
3.81418 -0.5818181818183632 13.63520948034209
3.81717 19.101890909090855 20.290967730839796
3.82015 5.77791818181808 15.00589359043259
3.82314 11.803000000000026 22.209347143631156
3.82613 11.010690909091068 23.326339817407614
3.82911 17.691672727272874 17.501744074520918
3.83508 64.52036363636353 20.832021570077742
