0.026 1.737935e-02 1.691365e-02
0.0273154 -1.604428e-02 1.378633e-02
0.0286308 1.151594e-02 1.259745e-02
0.0299462 2.150139e-02 1.149966e-02
0.0312616 -1.382911e-02 9.865003e-03
0.032577 -6.872855e-03 9.774999e-03
0.0338924 1.660856e-02 8.446428e-03
0.0352078 -1.267069e-02 9.181190e-03
0.0365232 -2.247993e-02 9.222682e-03
0.0378386 -8.255645e-03 7.980523e-03
0.039154 -1.929403e-02 7.482574e-03
0.0404694 -7.087950e-03 6.608883e-03
0.0417848 -1.541235e-03 5.849344e-03
0.0431002 1.008754e-03 5.477623e-03
0.0444156 -7.050692e-03 4.816764e-03
0.045731 -1.317508e-03 4.626393e-03
0.0470464 -4.459789e-03 4.141095e-03
0.0483618 2.675414e-05 3.793239e-03
0.0496772 5.616311e-04 3.663312e-03
0.0509926 7.104820e-03 3.220609e-03
0.052308 -3.372585e-03 3.135500e-03
0.0536234 8.314108e-03 2.871550e-03
0.0549388 7.557441e-03 2.688444e-03
0.0562542 5.388563e-03 2.596290e-03
0.0575696 4.174706e-03 2.347527e-03
0.058885 8.463055e-03 2.263145e-03
0.0602004 1.086318e-02 2.137123e-03
0.0615158 7.670611e-03 1.970010e-03
0.0628312 4.994614e-03 1.932291e-03
0.0641466 8.640248e-03 1.803792e-03
0.065462 8.422688e-03 1.737213e-03
0.0667774 1.100270e-02 1.690036e-03
0.0680928 8.218362e-03 1.569341e-03
0.0694082 9.474137e-03 1.546470e-03
0.0707236 8.932400e-03 1.464692e-03
0.072039 9.440604e-03 1.402491e-03
0.0733544 7.443570e-03 1.354133e-03
0.0746698 1.004985e-02 1.268368e-03
0.0759852 1.101067e-02 1.241297e-03
0.0773006 7.774415e-03 1.195811e-03
0.078616 9.681486e-03 1.136521e-03
0.0799314 9.314797e-03 1.134282e-03
0.0812468 9.690925e-03 1.046179e-03
0.0825622 8.301500e-03 1.016001e-03
0.0838776 1.049082e-02 9.915800e-04
0.085193 9.481920e-03 9.494761e-04
0.0865084 1.025028e-02 9.316900e-04
0.0878238 8.204428e-03 8.793241e-04
0.0891392 7.948042e-03 8.709724e-04
0.0904546 9.210704e-03 8.427119e-04
0.09177 7.116179e-03 8.238889e-04
0.0930854 9.162023e-03 8.002596e-04
0.0944008 8.349228e-03 7.615344e-04
0.0957162 9.923600e-03 7.387596e-04
0.0970316 1.025180e-02 7.317828e-04
0.098347 8.297499e-03 7.052866e-04
0.0996624 9.644058e-03 6.836187e-04
0.100978 9.943339e-03 6.585126e-04
0.102293 9.882451e-03 6.452964e-04
0.103609 8.914442e-03 6.391421e-04
0.104924 8.531856e-03 6.136234e-04
0.106239 9.271566e-03 6.029927e-04
0.107555 1.026891e-02 5.831823e-04
0.10887 9.172175e-03 5.651970e-04
0.110186 9.352136e-03 5.631734e-04
0.111501 9.236144e-03 5.411519e-04
0.112816 9.016919e-03 5.341808e-04
0.114132 9.081956e-03 5.151164e-04
0.115447 9.204692e-03 4.999836e-04
0.116763 9.712014e-03 4.933976e-04
0.118078 8.767604e-03 4.705649e-04
0.119393 8.965836e-03 4.566239e-04
0.120709 9.746541e-03 4.416380e-04
0.122024 8.746010e-03 4.246639e-04
0.12334 8.581437e-03 4.238545e-04
0.124655 9.757925e-03 4.101205e-04
0.12597 9.130256e-03 4.015473e-04
0.127286 9.006593e-03 3.938848e-04
0.128601 9.406166e-03 3.808528e-04
0.129917 9.358099e-03 3.797053e-04
0.131232 9.539480e-03 3.675729e-04
0.132547 9.527490e-03 3.633505e-04
0.133863 8.652295e-03 3.595663e-04
0.135178 9.210901e-03 3.484056e-04
0.136494 9.002787e-03 3.499505e-04
0.137809 8.787051e-03 3.376355e-04
0.139124 8.946802e-03 3.357245e-04
0.14044 9.008470e-03 3.321904e-04
0.141755 8.781128e-03 3.229552e-04
0.143071 9.327727e-03 3.244265e-04
0.144386 9.146372e-03 3.175093e-04
0.145701 8.913320e-03 3.139793e-04
0.147017 8.932168e-03 3.106402e-04
0.148332 9.012958e-03 3.022962e-04
0.149648 8.883875e-03 3.045713e-04
0.150963 8.856038e-03 2.963470e-04
0.152278 9.185956e-03 2.942552e-04
0.153594 9.153289e-03 2.927822e-04
0.154909 8.341990e-03 2.853434e-04
0.156225 9.532057e-03 2.875016e-04
0.15754 8.542203e-03 2.800105e-04
0.158855 8.995639e-03 2.780289e-04
0.160171 8.768132e-03 2.774457e-04
0.161486 9.105877e-03 2.710774e-04
0.162802 9.124241e-03 2.718933e-04
0.164117 8.932491e-03 2.651097e-04
0.165432 8.826829e-03 2.630379e-04
0.166748 8.742192e-03 2.639641e-04
0.168063 9.097019e-03 2.589365e-04
0.169379 8.966164e-03 2.576406e-04
0.170694 8.912823e-03 2.553717e-04
0.172009 8.903127e-03 2.519979e-04
0.173325 8.512729e-03 2.522809e-04
0.17464 8.582629e-03 2.476411e-04
0.175956 8.838713e-03 2.465794e-04
0.177271 8.451679e-03 2.470419e-04
0.178586 8.580870e-03 2.398480e-04
0.179902 9.243302e-03 2.424940e-04
0.181217 8.482025e-03 2.382832e-04
0.182532 8.529373e-03 2.375374e-04
0.183848 9.037059e-03 2.362583e-04
0.185163 8.815855e-03 2.329559e-04
0.186479 9.058205e-03 2.340509e-04
0.187794 8.884410e-03 2.303303e-04
0.18911 8.842056e-03 2.276528e-04
0.190425 8.419234e-03 2.285491e-04
0.19174 8.547788e-03 2.243208e-04
0.193056 8.818647e-03 2.236760e-04
0.194371 8.804432e-03 2.232968e-04
0.195687 9.029953e-03 2.204954e-04
0.197002 8.658812e-03 2.212788e-04
0.198317 8.764774e-03 2.168341e-04
0.199633 8.740208e-03 2.170476e-04
0.200948 8.424978e-03 2.164679e-04
0.202264 8.789698e-03 2.142011e-04
0.203579 8.842204e-03 2.150543e-04
0.204894 8.437021e-03 2.114913e-04
0.20621 8.512781e-03 2.101873e-04
0.207525 8.635789e-03 2.110345e-04
0.208841 8.660973e-03 2.076215e-04
0.210156 8.808851e-03 2.077931e-04
0.211471 8.686984e-03 2.060179e-04
0.212787 8.459363e-03 2.041871e-04
0.214102 8.784596e-03 2.054931e-04
0.215417 8.694125e-03 2.015695e-04
0.216733 8.306583e-03 2.038844e-04
0.218048 8.750757e-03 2.008862e-04
0.219364 8.335969e-03 1.981787e-04
0.220679 8.498075e-03 2.012774e-04
0.221994 8.152142e-03 1.960067e-04
0.22331 8.335401e-03 1.967881e-04
0.224625 8.577420e-03 1.973041e-04
0.225941 8.268349e-03 1.937276e-04
0.227256 8.507454e-03 1.959954e-04
0.228571 8.389929e-03 1.922752e-04
0.229887 8.663829e-03 1.929562e-04
0.231202 8.684959e-03 1.922300e-04
0.232518 8.450238e-03 1.898338e-04
0.233833 8.426360e-03 1.917134e-04
0.235149 8.837642e-03 1.881583e-04
0.236464 8.488817e-03 1.894213e-04
0.237779 8.485630e-03 1.888667e-04
0.239095 8.518710e-03 1.851208e-04
0.24041 8.456509e-03 1.869915e-04
0.241726 8.526111e-03 1.851064e-04
0.243041 8.560906e-03 1.840108e-04
0.244356 8.375999e-03 1.846330e-04
0.245672 8.824197e-03 1.816205e-04
0.246987 8.550604e-03 1.844995e-04
0.248303 8.413619e-03 1.815914e-04
0.249618 8.691905e-03 1.808403e-04
0.250933 8.264486e-03 1.814952e-04
0.252249 8.253340e-03 1.779296e-04
0.253564 8.540529e-03 1.797800e-04
0.254879 8.860401e-03 1.780795e-04
0.256195 8.659798e-03 1.774635e-04
0.25751 8.415209e-03 1.773321e-04
0.258826 8.326988e-03 1.749977e-04
0.260141 8.386510e-03 1.765832e-04
0.261456 8.390176e-03 1.747874e-04
0.262772 8.225605e-03 1.737428e-04
0.264087 8.524910e-03 1.742403e-04
0.265403 8.646859e-03 1.723889e-04
0.266718 8.443157e-03 1.734359e-04
0.268033 8.541072e-03 1.725349e-04
0.269349 7.894355e-03 1.694630e-04
0.270664 8.192791e-03 1.721283e-04
0.27198 8.165171e-03 1.694708e-04
0.273295 8.615387e-03 1.706877e-04
0.27461 8.442738e-03 1.703388e-04
0.275926 8.123904e-03 1.677272e-04
0.277241 8.270890e-03 1.687290e-04
0.278557 8.338129e-03 1.669863e-04
0.279872 8.001639e-03 1.670202e-04
0.281188 8.540181e-03 1.665761e-04
0.282503 8.225015e-03 1.655120e-04
0.283818 8.086703e-03 1.661244e-04
0.285134 8.530684e-03 1.650782e-04
0.286449 8.322491e-03 1.644409e-04
0.287764 8.185478e-03 1.646796e-04
0.28908 8.209631e-03 1.624808e-04
0.290395 8.305541e-03 1.636741e-04
0.291711 8.198988e-03 1.630242e-04
0.293026 8.583929e-03 1.619150e-04
0.294341 8.142672e-03 1.629927e-04
0.295657 8.125199e-03 1.606826e-04
0.296972 8.111473e-03 1.614135e-04
0.298288 8.213973e-03 1.606911e-04
0.299603 7.998516e-03 1.597463e-04
0.300918 8.342173e-03 1.606162e-04
0.302234 8.168743e-03 1.584171e-04
0.303549 8.443912e-03 1.588056e-04
0.304865 7.987933e-03 1.583355e-04
0.30618 7.824783e-03 1.576203e-04
0.307496 8.320325e-03 1.575981e-04
0.308811 8.103760e-03 1.561673e-04
0.310126 7.962389e-03 1.558596e-04
0.311442 8.341667e-03 1.569474e-04
0.312757 8.120767e-03 1.556212e-04
0.314072 7.895160e-03 1.557441e-04
0.315388 7.920433e-03 1.546794e-04
0.316703 8.009520e-03 1.545930e-04
0.318019 8.094065e-03 1.548876e-04
0.319334 7.990308e-03 1.532970e-04
0.32065 7.956684e-03 1.543264e-04
0.321965 8.186853e-03 1.527440e-04
0.32328 8.304274e-03 1.528071e-04
0.324596 8.276813e-03 1.532160e-04
0.325911 7.918437e-03 1.511308e-04
0.327226 7.819110e-03 1.519868e-04
0.328542 8.117972e-03 1.512045e-04
0.329857 7.881342e-03 1.500774e-04
0.331173 7.989724e-03 1.512212e-04
0.332488 8.080723e-03 1.486678e-04
0.333804 7.897523e-03 1.518608e-04
0.335119 8.038328e-03 1.526590e-04
0.336434 7.811819e-03 1.516323e-04
0.33775 8.115248e-03 1.533274e-04
0.339065 7.935974e-03 1.522691e-04
0.34038 7.910870e-03 1.540220e-04
0.341696 8.076550e-03 1.537594e-04
0.343011 7.693055e-03 1.521516e-04
0.344327 8.143289e-03 1.549429e-04
0.345642 8.016790e-03 1.520849e-04
0.346957 8.051380e-03 1.537399e-04
0.348273 7.740066e-03 1.539235e-04
0.349588 7.681125e-03 1.526207e-04
0.350904 7.859856e-03 1.545016e-04
0.352219 7.547614e-03 1.523360e-04
0.353535 7.640633e-03 1.525641e-04
0.35485 7.804689e-03 1.557417e-04
0.356165 8.003792e-03 1.552260e-04
0.357481 7.488661e-03 1.587474e-04
0.358796 7.689494e-03 1.572955e-04
0.360111 8.016600e-03 1.577610e-04
0.361427 7.802687e-03 1.588869e-04
0.362742 7.781782e-03 1.571264e-04
0.364058 7.940411e-03 1.593071e-04
0.365373 7.458362e-03 1.583911e-04
0.366689 7.759312e-03 1.581011e-04
0.368004 7.882010e-03 1.596476e-04
0.369319 7.711751e-03 1.580845e-04
0.370635 7.590291e-03 1.606704e-04
0.37195 7.868562e-03 1.581583e-04
0.373266 7.862701e-03 1.587696e-04
0.374581 7.747713e-03 1.611065e-04
0.375896 7.600372e-03 1.587018e-04
0.377212 7.472439e-03 1.614772e-04
0.378527 7.899132e-03 1.603909e-04
0.379842 7.601638e-03 1.601453e-04
0.381158 7.531480e-03 1.621949e-04
0.382473 7.899498e-03 1.585804e-04
0.383789 7.706112e-03 1.585272e-04
0.385104 7.506040e-03 1.564177e-04
0.38642 7.822735e-03 1.556156e-04
0.387735 7.632894e-03 1.573137e-04
0.38905 7.673310e-03 1.549541e-04
0.390366 7.719693e-03 1.550262e-04
0.391681 7.548581e-03 1.551526e-04
0.392996 7.536957e-03 1.533486e-04
0.394312 7.543043e-03 1.547783e-04
0.395627 7.657397e-03 1.531970e-04
0.396943 7.495955e-03 1.537280e-04
0.398258 7.757330e-03 1.540865e-04
0.399574 7.664596e-03 1.518469e-04
0.400889 7.335650e-03 1.536750e-04
0.402204 7.567772e-03 1.521260e-04
0.40352 7.387000e-03 1.516953e-04
0.404835 7.325145e-03 1.528006e-04
0.40615 7.462075e-03 1.509225e-04
0.407466 7.487670e-03 1.515660e-04
0.408781 7.492035e-03 1.514225e-04
0.410097 7.658938e-03 1.507547e-04
0.411412 7.470493e-03 1.526686e-04
0.412727 7.454981e-03 1.493892e-04
0.414043 7.449095e-03 1.508854e-04
0.415358 7.171959e-03 1.509191e-04
0.416674 7.521540e-03 1.492961e-04
0.417989 7.337916e-03 1.510639e-04
0.419305 7.461905e-03 1.491557e-04
0.42062 7.600987e-03 1.502647e-04
0.421935 7.142540e-03 1.498183e-04
0.423251 7.513812e-03 1.489685e-04
0.424566 7.285517e-03 1.491915e-04
0.425881 7.515120e-03 1.483324e-04
0.427197 7.461388e-03 1.485380e-04
0.428512 7.482315e-03 1.489596e-04
0.429828 7.517101e-03 1.474023e-04
0.431143 7.346333e-03 1.487982e-04
0.432459 7.543473e-03 1.481271e-04
0.433774 7.024670e-03 1.465616e-04
0.435089 7.184513e-03 1.487756e-04
0.436405 7.472684e-03 1.467119e-04
0.43772 7.412130e-03 1.481221e-04
0.439036 7.336813e-03 1.467986e-04
0.440351 7.300014e-03 1.464398e-04
0.441666 7.493371e-03 1.476425e-04
0.442982 7.366171e-03 1.456052e-04
0.444297 7.287693e-03 1.472162e-04
0.445612 7.107946e-03 1.461313e-04
0.446928 6.979732e-03 1.455224e-04
0.448243 7.293809e-03 1.466695e-04
0.449559 7.310859e-03 1.454325e-04
0.450874 7.239543e-03 1.457818e-04
0.45219 7.019161e-03 1.455807e-04
0.453505 7.204135e-03 1.446219e-04
0.45482 7.336777e-03 1.463061e-04
0.456136 7.110677e-03 1.442704e-04
0.457451 7.336591e-03 1.456105e-04
0.458766 7.186042e-03 1.450708e-04
0.460082 7.033907e-03 1.429825e-04
0.461397 6.991394e-03 1.450191e-04
0.462713 6.961611e-03 1.437838e-04
0.464028 6.989627e-03 1.458368e-04
0.465344 7.200917e-03 1.475767e-04
0.466659 6.797672e-03 1.467639e-04
0.467974 7.222206e-03 1.498472e-04
0.46929 6.999978e-03 1.479114e-04
0.470605 6.960639e-03 1.493575e-04
0.47192 7.068235e-03 1.495373e-04
0.473236 6.923588e-03 1.494573e-04
0.474551 6.891616e-03 1.507455e-04
0.475867 7.096272e-03 1.505592e-04
0.477182 7.151402e-03 1.511031e-04
0.478498 7.042524e-03 1.520359e-04
0.479813 7.014997e-03 1.502384e-04
0.481128 7.004936e-03 1.523713e-04
0.482444 6.866328e-03 1.518718e-04
0.483759 6.962323e-03 1.523390e-04
0.485075 6.784527e-03 1.519689e-04
0.48639 6.988357e-03 1.515536e-04
0.487705 7.094148e-03 1.540209e-04
0.489021 6.925394e-03 1.525313e-04
0.490336 6.900856e-03 1.532188e-04
0.491651 6.720490e-03 1.533501e-04
0.492967 6.928879e-03 1.528440e-04
0.494282 6.906437e-03 1.540660e-04
0.495598 6.953118e-03 1.532873e-04
0.496913 7.106506e-03 1.542440e-04
0.498229 6.802656e-03 1.543385e-04
0.499544 6.733043e-03 1.533927e-04
0.500859 6.673059e-03 1.546332e-04
0.502175 6.956668e-03 1.548627e-04
0.50349 6.953847e-03 1.539385e-04
0.504806 6.582794e-03 1.536065e-04
0.506121 6.746965e-03 1.542469e-04
0.507436 6.909674e-03 1.551554e-04
0.508752 6.616465e-03 1.546433e-04
0.510067 6.907101e-03 1.549799e-04
0.511383 6.702902e-03 1.548173e-04
0.512698 6.798034e-03 1.549919e-04
0.514013 6.796383e-03 1.557479e-04
0.515329 6.817810e-03 1.549492e-04
0.516644 6.784563e-03 1.553522e-04
0.51796 7.027251e-03 1.550846e-04
0.519275 6.882514e-03 1.558882e-04
0.52059 6.768301e-03 1.559784e-04
0.521906 6.664482e-03 1.548680e-04
0.523221 7.079651e-03 1.565020e-04
0.524536 6.575902e-03 1.549980e-04
0.525852 6.634553e-03 1.565715e-04
0.527167 6.762816e-03 1.557580e-04
0.528483 6.848134e-03 1.566172e-04
0.529798 7.020238e-03 1.563542e-04
0.531113 7.038882e-03 1.563458e-04
0.532429 6.330314e-03 1.569831e-04
0.533744 6.348647e-03 1.564200e-04
0.53506 6.934206e-03 1.567063e-04
0.536375 6.692352e-03 1.569577e-04
0.53769 6.615975e-03 1.565137e-04
0.539006 6.647420e-03 1.567376e-04
0.540321 6.362202e-03 1.560977e-04
0.541637 6.528444e-03 1.572173e-04
0.542952 6.551817e-03 1.565344e-04
0.544267 6.400423e-03 1.567660e-04
0.545583 6.471026e-03 1.580110e-04
0.546898 6.242637e-03 1.568417e-04
0.548214 6.543524e-03 1.569416e-04
0.549529 6.565079e-03 1.574967e-04
0.550844 6.491443e-03 1.562524e-04
0.55216 6.479369e-03 1.578749e-04
0.553475 6.554633e-03 1.570156e-04
0.554791 6.337212e-03 1.579374e-04
0.556106 6.721366e-03 1.571208e-04
0.557421 6.508962e-03 1.571198e-04
0.558737 6.431136e-03 1.589227e-04
0.560052 6.282716e-03 1.565022e-04
0.561368 6.463082e-03 1.573076e-04
0.562683 6.382931e-03 1.579222e-04
0.563998 6.370503e-03 1.567930e-04
0.565314 6.307195e-03 1.577905e-04
0.566629 6.095003e-03 1.571989e-04
0.567945 6.485651e-03 1.583032e-04
0.56926 6.768258e-03 1.583731e-04
0.570575 6.622099e-03 1.574235e-04
0.571891 6.353618e-03 1.580448e-04
0.573206 6.206385e-03 1.564072e-04
0.574522 6.214438e-03 1.572994e-04
0.575837 6.169220e-03 1.579289e-04
0.577152 6.235947e-03 1.562352e-04
0.578468 6.159873e-03 1.577471e-04
0.579783 6.102171e-03 1.577801e-04
0.581099 6.435035e-03 1.562952e-04
0.582414 6.045330e-03 1.576242e-04
0.583729 6.420635e-03 1.563891e-04
0.585045 6.231344e-03 1.574012e-04
0.58636 6.014825e-03 1.564258e-04
0.587676 6.213177e-03 1.556086e-04
0.588991 6.194736e-03 1.561008e-04
0.590306 6.188747e-03 1.554163e-04
0.591622 6.056000e-03 1.561552e-04
0.592937 6.147044e-03 1.549276e-04
0.594253 6.149117e-03 1.550390e-04
0.595568 6.136370e-03 1.557394e-04
0.596883 6.282066e-03 1.542035e-04
0.598199 6.382430e-03 1.546989e-04
0.599514 6.194284e-03 1.544537e-04
0.60083 6.297926e-03 1.540164e-04
0.602145 6.367155e-03 1.550897e-04
0.60346 5.993511e-03 1.537351e-04
0.604776 6.219825e-03 1.538628e-04
0.606091 6.164685e-03 1.546630e-04
0.607407 6.419531e-03 1.525096e-04
0.608722 6.121122e-03 1.541967e-04
0.610037 5.947246e-03 1.534936e-04
0.611353 6.318233e-03 1.533201e-04
0.612668 6.344669e-03 1.542687e-04
0.613984 5.999972e-03 1.527142e-04
0.615299 6.050292e-03 1.539866e-04
0.616614 6.066268e-03 1.535106e-04
0.61793 5.982113e-03 1.532123e-04
0.619245 6.088122e-03 1.533265e-04
0.620561 5.947965e-03 1.519807e-04
0.621876 6.110397e-03 1.532206e-04
0.623191 5.837435e-03 1.535176e-04
0.624507 5.974976e-03 1.523207e-04
0.625822 6.107041e-03 1.537926e-04
0.627138 5.806214e-03 1.519887e-04
0.628453 5.909710e-03 1.523530e-04
0.629768 6.158588e-03 1.524856e-04
0.631084 6.317722e-03 1.515535e-04
0.632399 6.237567e-03 1.529309e-04
0.633715 5.996459e-03 1.510517e-04
0.63503 5.925896e-03 1.521922e-04
0.636345 5.734114e-03 1.523451e-04
0.637661 6.207980e-03 1.513106e-04
0.638976 5.849783e-03 1.520896e-04
0.640292 5.785031e-03 1.516434e-04
0.641607 6.117457e-03 1.515018e-04
0.642922 5.825486e-03 1.517595e-04
0.644238 5.700490e-03 1.509733e-04
0.645553 5.814779e-03 1.516409e-04
0.646869 5.958968e-03 1.507495e-04
0.648184 6.056686e-03 1.509708e-04
0.649499 6.131084e-03 1.514099e-04
0.650815 5.644045e-03 1.504582e-04
0.65213 5.515036e-03 1.511538e-04
0.653446 5.764200e-03 1.505596e-04
0.654761 5.564071e-03 1.499889e-04
0.656076 5.643354e-03 1.515412e-04
0.657392 5.724651e-03 1.497724e-04
0.658707 5.822465e-03 1.504394e-04
0.660023 6.041710e-03 1.511090e-04
0.661338 5.763179e-03 1.500453e-04
0.662653 5.846969e-03 1.507694e-04
0.663969 5.557525e-03 1.494947e-04
0.665284 5.607209e-03 1.499805e-04
0.6666 5.706247e-03 1.503278e-04
0.667915 5.771385e-03 1.489558e-04
0.66923 5.743300e-03 1.502114e-04
0.670546 5.593840e-03 1.494133e-04
0.671861 5.710617e-03 1.497042e-04
0.673177 5.641717e-03 1.506305e-04
0.674492 5.331242e-03 1.487095e-04
0.675807 5.312160e-03 1.495774e-04
0.677123 5.683535e-03 1.488633e-04
0.678438 5.552619e-03 1.488751e-04
0.679754 5.724214e-03 1.491590e-04
0.681069 5.754722e-03 1.490524e-04
0.682384 5.665130e-03 1.493827e-04
0.6837 5.469087e-03 1.489458e-04
0.685015 5.598694e-03 1.484026e-04
0.686331 5.635673e-03 1.489586e-04
0.687646 5.491107e-03 1.486275e-04
0.688961 5.407022e-03 1.480930e-04
0.690277 5.502869e-03 1.490139e-04
0.691592 5.477224e-03 1.471882e-04
0.692908 5.596018e-03 1.485209e-04
0.694223 5.619277e-03 1.480819e-04
0.695538 5.411494e-03 1.485924e-04
0.696854 5.499609e-03 1.479924e-04
0.698169 5.571732e-03 1.471397e-04
0.699485 5.242819e-03 1.482226e-04
0.7008 5.572238e-03 1.479568e-04
0.702115 5.518454e-03 1.476286e-04
0.703431 5.574634e-03 1.484918e-04
0.704746 5.491275e-03 1.471241e-04
0.706062 5.441501e-03 1.472429e-04
0.707377 5.264736e-03 1.481017e-04
0.708692 5.154781e-03 1.471312e-04
0.710008 5.392437e-03 1.472593e-04
0.711323 5.422583e-03 1.463258e-04
0.712639 5.265658e-03 1.473124e-04
0.713954 5.196529e-03 1.471806e-04
0.715269 5.425511e-03 1.462916e-04
0.716585 5.219158e-03 1.471029e-04
0.7179 5.002197e-03 1.464304e-04
0.719216 5.375043e-03 1.466781e-04
0.720531 5.228413e-03 1.466306e-04
0.721846 5.426624e-03 1.458732e-04
0.723162 5.468694e-03 1.456792e-04
0.724477 5.095768e-03 1.457758e-04
0.725793 5.055299e-03 1.459245e-04
0.727108 5.206405e-03 1.462309e-04
0.728423 5.076855e-03 1.452738e-04
0.729739 5.251960e-03 1.464171e-04
0.731054 5.209505e-03 1.452697e-04
0.73237 5.084981e-03 1.450974e-04
0.733685 5.213361e-03 1.454884e-04
0.735 4.971260e-03 1.446113e-04
0.736316 4.975513e-03 1.454301e-04
0.737631 5.181446e-03 1.449389e-04
0.738947 5.230862e-03 1.450138e-04
0.740262 5.125512e-03 1.459477e-04
0.741577 5.215852e-03 1.444798e-04
0.742893 5.137883e-03 1.450606e-04
0.744208 5.201307e-03 1.441216e-04
0.745524 5.146272e-03 1.442931e-04
0.746839 5.427951e-03 1.453059e-04
0.748154 5.100191e-03 1.442992e-04
0.74947 5.108025e-03 1.446519e-04
0.750785 4.941474e-03 1.445484e-04
0.752101 5.126011e-03 1.443848e-04
0.753416 5.076717e-03 1.447657e-04
0.754731 5.073931e-03 1.436287e-04
0.756047 5.199375e-03 1.439653e-04
0.757362 5.082653e-03 1.442024e-04
0.758678 4.923579e-03 1.432584e-04
0.759993 5.131644e-03 1.442272e-04
0.761308 4.804927e-03 1.434523e-04
0.762624 4.990465e-03 1.439418e-04
0.763939 4.919138e-03 1.439511e-04
0.765255 5.024170e-03 1.428929e-04
0.76657 4.916764e-03 1.436353e-04
0.767885 4.853137e-03 1.430015e-04
0.769201 4.972614e-03 1.435670e-04
0.770516 5.304717e-03 1.435676e-04
0.771832 4.769118e-03 1.422716e-04
0.773147 5.115855e-03 1.432403e-04
0.774462 4.770220e-03 1.432323e-04
0.775778 4.925660e-03 1.432654e-04
0.777093 5.183792e-03 1.427878e-04
0.778409 4.985247e-03 1.418567e-04
0.779724 4.796708e-03 1.426173e-04
0.781039 4.866370e-03 1.425719e-04
0.782355 4.694559e-03 1.422799e-04
0.78367 4.786426e-03 1.424253e-04
0.784986 4.712579e-03 1.413631e-04
0.786301 4.962833e-03 1.425424e-04
0.787616 4.688927e-03 1.420937e-04
0.788932 4.862999e-03 1.421117e-04
0.790247 4.940778e-03 1.423440e-04
0.791563 4.825857e-03 1.412808e-04
0.792878 4.865642e-03 1.420515e-04
0.794193 4.768185e-03 1.418374e-04
0.795509 4.902689e-03 1.415676e-04
0.796824 4.835274e-03 1.419956e-04
0.79814 5.020012e-03 1.412370e-04
0.799455 4.928287e-03 1.418560e-04
0.80077 4.576673e-03 1.416035e-04
0.802086 4.752503e-03 1.407809e-04
0.803401 4.804960e-03 1.410874e-04
0.804717 4.761801e-03 1.407307e-04
0.806032 4.692582e-03 1.406973e-04
0.807347 4.610661e-03 1.416905e-04
0.808663 4.649903e-03 1.405051e-04
0.809978 4.799201e-03 1.408098e-04
0.811294 4.488452e-03 1.404065e-04
0.812609 4.603951e-03 1.406327e-04
0.813924 4.763939e-03 1.413426e-04
0.81524 4.931891e-03 1.399620e-04
0.816555 4.585225e-03 1.406237e-04
0.817871 4.551184e-03 1.402284e-04
0.819186 4.758634e-03 1.403161e-04
0.820501 4.653130e-03 1.405586e-04
0.821817 4.485250e-03 1.395220e-04
0.823132 4.763465e-03 1.397628e-04
0.824448 4.647409e-03 1.395524e-04
0.825763 4.753414e-03 1.394075e-04
0.827078 4.494310e-03 1.400007e-04
0.828394 4.508029e-03 1.391574e-04
0.829709 4.625377e-03 1.397689e-04
0.831025 4.631108e-03 1.399189e-04
0.83234 4.558288e-03 1.392350e-04
0.833655 4.851666e-03 1.397920e-04
0.834971 4.697334e-03 1.393155e-04
0.836286 4.610818e-03 1.392725e-04
0.837602 4.597679e-03 1.391246e-04
0.838917 4.741406e-03 1.386887e-04
0.840232 4.354934e-03 1.397523e-04
0.841548 4.566463e-03 1.391441e-04
0.842863 4.782611e-03 1.390048e-04
0.844179 4.371681e-03 1.397140e-04
0.845494 4.200641e-03 1.385252e-04
0.846809 4.407438e-03 1.386858e-04
0.848125 4.607188e-03 1.389392e-04
0.84944 4.728630e-03 1.381375e-04
0.850756 4.447828e-03 1.391035e-04
0.852071 4.359858e-03 1.380393e-04
0.853386 4.520826e-03 1.389542e-04
0.854702 4.340372e-03 1.378484e-04
0.856017 4.340263e-03 1.385940e-04
0.857332 4.622840e-03 1.383811e-04
0.858648 4.305427e-03 1.373825e-04
0.859963 4.292368e-03 1.378779e-04
0.861279 4.496662e-03 1.379164e-04
0.862594 4.464670e-03 1.372689e-04
0.86391 4.619274e-03 1.384962e-04
0.865225 4.316806e-03 1.376350e-04
0.86654 4.334809e-03 1.379307e-04
0.867856 4.235663e-03 1.376416e-04
0.869171 4.221077e-03 1.367429e-04
0.870487 4.319087e-03 1.378272e-04
0.871802 4.519789e-03 1.368534e-04
0.873117 4.383537e-03 1.374276e-04
0.874433 4.394448e-03 1.378517e-04
0.875748 4.253409e-03 1.363945e-04
0.877063 4.319753e-03 1.375012e-04
0.878379 4.333824e-03 1.371492e-04
0.879694 4.252196e-03 1.367742e-04
0.88101 4.155010e-03 1.368227e-04
0.882325 4.386057e-03 1.362616e-04
0.883641 4.243712e-03 1.366395e-04
0.884956 4.367996e-03 1.364955e-04
0.886271 4.129231e-03 1.360992e-04
0.887587 4.341727e-03 1.372623e-04
0.888902 4.360488e-03 1.358729e-04
0.890217 4.377091e-03 1.366578e-04
0.891533 4.351782e-03 1.362380e-04
0.892848 4.361924e-03 1.358150e-04
0.894164 4.357973e-03 1.360891e-04
0.895479 4.094387e-03 1.351966e-04
0.896794 4.329984e-03 1.359160e-04
0.89811 4.097709e-03 1.358270e-04
0.899425 4.208362e-03 1.355887e-04
0.900741 4.095254e-03 1.357770e-04
0.902056 4.361092e-03 1.352104e-04
0.903371 4.556583e-03 1.359715e-04
0.904687 4.365123e-03 1.354106e-04
0.906002 4.013294e-03 1.349016e-04
0.907318 4.042864e-03 1.354904e-04
0.908633 4.281237e-03 1.349680e-04
0.909949 4.176278e-03 1.351655e-04
0.911264 4.186755e-03 1.355501e-04
0.912579 3.974981e-03 1.338750e-04
0.913895 3.973900e-03 1.373214e-04
0.91521 3.971940e-03 1.382876e-04
0.916525 4.150287e-03 1.401408e-04
0.917841 4.161043e-03 1.405137e-04
0.919156 4.248310e-03 1.410539e-04
0.920472 4.049142e-03 1.423352e-04
0.921787 3.800526e-03 1.428486e-04
0.923102 4.000314e-03 1.439562e-04
0.924418 3.985468e-03 1.441406e-04
0.925733 4.190981e-03 1.438184e-04
0.927049 3.810437e-03 1.416455e-04
0.928364 4.100552e-03 1.401121e-04
0.929679 3.873540e-03 1.395330e-04
0.930995 3.941844e-03 1.398525e-04
0.93231 4.042450e-03 1.379898e-04
0.933626 3.966306e-03 1.389739e-04
0.934941 3.748682e-03 1.388225e-04
0.936257 3.885479e-03 1.384386e-04
0.937572 3.925784e-03 1.381064e-04
0.938887 3.787701e-03 1.368981e-04
0.940203 3.850146e-03 1.374350e-04
0.941518 3.858097e-03 1.366237e-04
0.942833 4.227056e-03 1.370031e-04
0.944149 4.003246e-03 1.372278e-04
0.945464 3.908477e-03 1.362045e-04
0.94678 4.038809e-03 1.365751e-04
0.948095 3.728458e-03 1.364707e-04
0.94941 3.912399e-03 1.360119e-04
0.950726 4.158297e-03 1.362810e-04
0.952041 3.973162e-03 1.349539e-04
0.953357 3.776935e-03 1.353685e-04
0.954672 3.730929e-03 1.361833e-04
0.955987 3.832472e-03 1.351893e-04
0.957303 3.901837e-03 1.359861e-04
0.958618 3.742658e-03 1.350439e-04
0.959934 3.733198e-03 1.351244e-04
0.961249 3.712239e-03 1.352202e-04
0.962564 3.774770e-03 1.345069e-04
0.96388 3.806853e-03 1.348293e-04
0.965195 3.939809e-03 1.342656e-04
0.966511 3.967935e-03 1.343950e-04
0.967826 3.569090e-03 1.350391e-04
0.969142 4.092913e-03 1.340681e-04
0.970457 3.749050e-03 1.343618e-04
0.971772 3.760330e-03 1.336994e-04
0.973088 3.781035e-03 1.335292e-04
0.974403 3.784383e-03 1.343496e-04
0.975719 3.810542e-03 1.332897e-04
0.977034 3.640236e-03 1.337893e-04
0.978349 3.635999e-03 1.331349e-04
0.979665 3.800607e-03 1.329290e-04
0.98098 3.884770e-03 1.331713e-04
0.982295 3.721329e-03 1.317083e-04
0.983611 3.742465e-03 1.323776e-04
0.984926 3.671539e-03 1.315860e-04
0.986242 3.710806e-03 1.312377e-04
0.987557 3.610596e-03 1.315171e-04
0.988872 3.662467e-03 1.308065e-04
0.990188 3.579956e-03 1.310034e-04
0.991503 3.403860e-03 1.315220e-04
0.992819 3.562105e-03 1.304744e-04
0.994134 3.814874e-03 1.315541e-04
0.995449 3.694234e-03 1.308833e-04
0.996765 3.637207e-03 1.314059e-04
0.99808 3.522148e-03 1.314644e-04
0.999396 3.538826e-03 1.302027e-04
1.00071 3.930462e-03 1.321524e-04
1.00203 3.750471e-03 1.308262e-04
1.00334 3.676911e-03 1.317708e-04
1.00466 3.447236e-03 1.309167e-04
1.00597 3.434143e-03 1.306459e-04
1.00729 3.629204e-03 1.313782e-04
1.0086 3.649862e-03 1.306308e-04
1.00992 3.515393e-03 1.303304e-04
1.01123 3.720368e-03 1.308897e-04
1.01255 3.509814e-03 1.301522e-04
1.01387 3.516202e-03 1.309724e-04
1.01518 3.256698e-03 1.304379e-04
1.0165 3.635100e-03 1.303536e-04
1.01781 3.446345e-03 1.307590e-04
1.01913 3.653294e-03 1.297726e-04
1.02044 3.587466e-03 1.308828e-04
1.02176 3.573096e-03 1.303198e-04
1.02307 3.608006e-03 1.298372e-04
1.02439 3.525888e-03 1.305063e-04
1.0257 3.510846e-03 1.298679e-04
1.02702 3.517397e-03 1.301282e-04
1.02833 3.569540e-03 1.303336e-04
1.02965 3.499272e-03 1.290621e-04
1.03096 3.557520e-03 1.299767e-04
1.03228 3.433961e-03 1.291944e-04
1.0336 3.349087e-03 1.297861e-04
1.03491 3.273429e-03 1.296037e-04
1.03623 3.497964e-03 1.287638e-04
1.03754 3.410052e-03 1.295485e-04
1.03886 3.512453e-03 1.293600e-04
1.04017 3.743862e-03 1.293731e-04
1.04149 3.465172e-03 1.292895e-04
1.0428 3.430787e-03 1.288198e-04
1.04412 3.511813e-03 1.288931e-04
1.04543 3.550024e-03 1.291670e-04
1.04675 3.768267e-03 1.295773e-04
1.04807 3.649145e-03 1.293615e-04
1.04938 3.445361e-03 1.288636e-04
1.0507 3.393902e-03 1.289169e-04
1.05201 3.127069e-03 1.282295e-04
1.05333 3.412289e-03 1.290218e-04
1.05464 3.361998e-03 1.286541e-04
1.05596 3.246523e-03 1.281002e-04
1.05727 3.598121e-03 1.283204e-04
1.05859 3.300806e-03 1.287946e-04
1.0599 3.389159e-03 1.281953e-04
1.06122 3.422432e-03 1.288161e-04
1.06254 3.378488e-03 1.283122e-04
1.06385 3.526856e-03 1.283328e-04
1.06517 3.303008e-03 1.285204e-04
1.06648 3.108647e-03 1.271483e-04
1.0678 3.569286e-03 1.280819e-04
1.06911 3.126859e-03 1.291706e-04
1.07043 3.438933e-03 1.313659e-04
1.07174 3.527597e-03 1.325482e-04
1.07306 3.378849e-03 1.325301e-04
1.07437 3.207216e-03 1.336041e-04
1.07569 3.060464e-03 1.346577e-04
1.077 3.253678e-03 1.348667e-04
1.07832 3.353313e-03 1.359835e-04
1.07964 3.332651e-03 1.355682e-04
1.08095 3.262622e-03 1.367919e-04
1.08227 3.462518e-03 1.367123e-04
1.08358 3.247774e-03 1.378611e-04
1.0849 3.027323e-03 1.386086e-04
1.08621 3.405117e-03 1.375170e-04
1.08753 3.367509e-03 1.391116e-04
1.08884 3.327155e-03 1.394240e-04
1.09016 3.140248e-03 1.392353e-04
1.09147 3.300419e-03 1.404682e-04
1.09279 3.159996e-03 1.397271e-04
1.0941 3.138288e-03 1.410926e-04
1.09542 3.407283e-03 1.411458e-04
1.09674 3.323563e-03 1.414420e-04
1.09805 3.187108e-03 1.422760e-04
1.09937 3.197149e-03 1.416587e-04
1.10068 3.512924e-03 1.421654e-04
1.102 3.284871e-03 1.427483e-04
1.10331 3.151547e-03 1.429861e-04
1.10463 3.131944e-03 1.438746e-04
1.10594 3.411030e-03 1.434284e-04
1.10726 3.259877e-03 1.440957e-04
1.10857 3.218851e-03 1.445687e-04
1.10989 3.367105e-03 1.435329e-04
1.1112 3.123861e-03 1.457710e-04
1.11252 2.965820e-03 1.443553e-04
1.11383 3.172343e-03 1.457368e-04
1.11515 2.984515e-03 1.464211e-04
1.11647 2.994857e-03 1.453756e-04
1.11778 3.183701e-03 1.470379e-04
1.1191 3.246448e-03 1.413753e-04
1.12041 3.121808e-03 1.406883e-04
1.12173 2.950703e-03 1.397760e-04
1.12304 3.316250e-03 1.387963e-04
1.12436 3.014083e-03 1.390653e-04
1.12567 3.056591e-03 1.380211e-04
1.12699 3.240252e-03 1.373332e-04
1.12831 3.150003e-03 1.378720e-04
1.12962 2.856572e-03 1.363687e-04
1.13094 3.114549e-03 1.364897e-04
1.13225 3.214744e-03 1.358076e-04
1.13357 2.930889e-03 1.357963e-04
1.13488 2.837091e-03 1.356588e-04
1.1362 2.809231e-03 1.345869e-04
1.13751 2.901661e-03 1.347366e-04
1.13883 3.021793e-03 1.346797e-04
1.14014 2.930973e-03 1.340674e-04
1.14146 3.093910e-03 1.341644e-04
1.14277 3.301841e-03 1.339380e-04
1.14409 2.956223e-03 1.340207e-04
1.14541 3.071779e-03 1.339872e-04
1.14672 2.966205e-03 1.325764e-04
1.14804 2.838136e-03 1.332894e-04
1.14935 2.842002e-03 1.323595e-04
1.15067 3.092991e-03 1.324575e-04
1.15198 3.120957e-03 1.328326e-04
1.1533 3.170364e-03 1.320216e-04
1.15461 2.989020e-03 1.326775e-04
1.15593 2.973702e-03 1.317132e-04
1.15724 3.026047e-03 1.322260e-04
1.15856 3.106300e-03 1.318877e-04
1.15987 2.975422e-03 1.313320e-04
1.16119 2.983614e-03 1.316452e-04
1.16251 2.908441e-03 1.312212e-04
1.16382 3.185209e-03 1.308338e-04
1.16514 2.992620e-03 1.313844e-04
1.16645 2.920700e-03 1.304053e-04
1.16777 2.874765e-03 1.304156e-04
1.16908 2.994606e-03 1.301520e-04
1.1704 2.886445e-03 1.295016e-04
1.17171 3.083313e-03 1.298480e-04
1.17303 2.975061e-03 1.292012e-04
1.17434 2.742830e-03 1.290360e-04
1.17566 2.767613e-03 1.297674e-04
1.17697 2.706681e-03 1.281180e-04
1.17829 3.024362e-03 1.292967e-04
1.17961 2.799864e-03 1.286387e-04
1.18092 2.825436e-03 1.278869e-04
1.18224 2.705946e-03 1.283446e-04
1.18355 3.008295e-03 1.271583e-04
1.18487 2.923831e-03 1.276948e-04
1.18618 2.833889e-03 1.277273e-04
1.1875 3.042351e-03 1.272981e-04
1.18881 3.021396e-03 1.276058e-04
1.19013 2.682624e-03 1.260979e-04
1.19144 2.704768e-03 1.269738e-04
1.19276 2.920545e-03 1.262504e-04
1.19407 2.679145e-03 1.261612e-04
1.19539 2.921160e-03 1.265540e-04
1.19671 2.922043e-03 1.254537e-04
1.19802 2.816093e-03 1.262990e-04
1.19934 2.899086e-03 1.256339e-04
1.20065 2.878090e-03 1.254606e-04
1.20197 2.654013e-03 1.254978e-04
1.20328 2.765601e-03 1.240829e-04
1.2046 2.765525e-03 1.248338e-04
1.20591 2.849759e-03 1.251218e-04
1.20723 2.726601e-03 1.243634e-04
1.20854 2.825029e-03 1.250859e-04
1.20986 2.642633e-03 1.237085e-04
1.21118 2.702669e-03 1.242392e-04
1.21249 2.761222e-03 1.241708e-04
1.21381 2.948188e-03 1.240420e-04
1.21512 2.909213e-03 1.238505e-04
1.21644 2.738688e-03 1.232957e-04
1.21775 2.836756e-03 1.242596e-04
1.21907 2.831413e-03 1.241505e-04
1.22038 2.699198e-03 1.234338e-04
1.2217 2.624399e-03 1.242864e-04
1.22301 2.710511e-03 1.231742e-04
1.22433 2.764309e-03 1.234347e-04
1.22564 2.884414e-03 1.239256e-04
1.22696 2.789909e-03 1.228986e-04
1.22828 2.710647e-03 1.232668e-04
1.22959 2.618056e-03 1.230729e-04
1.23091 2.549055e-03 1.234428e-04
1.23222 2.662761e-03 1.239695e-04
1.23354 2.648960e-03 1.224095e-04
1.23485 2.695936e-03 1.229169e-04
1.23617 2.696867e-03 1.230770e-04
1.23748 2.630093e-03 1.226371e-04
1.2388 2.907997e-03 1.235170e-04
1.24011 2.736296e-03 1.224538e-04
1.24143 2.510276e-03 1.225768e-04
1.24274 2.648531e-03 1.226215e-04
1.24406 2.642126e-03 1.226227e-04
1.24537 2.789370e-03 1.231464e-04
1.24669 2.728030e-03 1.223586e-04
1.24801 2.698857e-03 1.228334e-04
1.24932 2.526994e-03 1.222195e-04
1.25064 2.548380e-03 1.220434e-04
1.25195 2.678198e-03 1.221214e-04
1.25327 2.607808e-03 1.218910e-04
1.25458 2.498119e-03 1.221267e-04
1.2559 2.492872e-03 1.219643e-04
1.25721 2.583172e-03 1.215104e-04
1.25853 2.744171e-03 1.222599e-04
1.25984 2.514955e-03 1.211612e-04
1.26116 2.562974e-03 1.216813e-04
1.26248 2.548577e-03 1.222847e-04
1.26379 2.631454e-03 1.213651e-04
1.26511 2.562140e-03 1.215121e-04
1.26642 2.615460e-03 1.213677e-04
1.26774 2.409187e-03 1.215772e-04
1.26905 2.454206e-03 1.216723e-04
1.27037 2.591588e-03 1.207105e-04
1.27168 2.570289e-03 1.210488e-04
1.273 2.744080e-03 1.207558e-04
1.27431 2.495889e-03 1.210983e-04
1.27563 2.525386e-03 1.212578e-04
1.27694 2.405814e-03 1.208186e-04
1.27826 2.497223e-03 1.209409e-04
1.27958 2.468238e-03 1.207682e-04
1.28089 2.431552e-03 1.208809e-04
1.28221 2.546838e-03 1.208723e-04
1.28352 2.463064e-03 1.205861e-04
1.28484 2.628408e-03 1.204459e-04
1.28615 2.655456e-03 1.206566e-04
1.28747 2.716857e-03 1.203288e-04
1.28878 2.550966e-03 1.209335e-04
1.2901 2.574463e-03 1.203113e-04
1.29141 2.357376e-03 1.199079e-04
1.29273 2.491526e-03 1.206682e-04
1.29405 2.354432e-03 1.195947e-04
1.29536 2.393651e-03 1.202251e-04
1.29668 2.620365e-03 1.197462e-04
1.29799 2.302644e-03 1.203282e-04
1.29931 2.476207e-03 1.199887e-04
1.30062 2.510255e-03 1.196257e-04
1.30194 2.563343e-03 1.200164e-04
1.30325 2.395998e-03 1.197903e-04
1.30457 2.451482e-03 1.196823e-04
1.30588 2.560595e-03 1.201308e-04
1.3072 2.450885e-03 1.191855e-04
1.30852 2.297493e-03 1.198658e-04
1.30983 2.414568e-03 1.197464e-04
1.31115 2.469053e-03 1.195160e-04
1.31246 2.462103e-03 1.195820e-04
1.31378 2.432740e-03 1.193141e-04
1.31509 2.462578e-03 1.196355e-04
1.31641 2.641412e-03 1.192562e-04
1.31772 2.484365e-03 1.188874e-04
1.31904 2.242893e-03 1.195971e-04
1.32035 2.363186e-03 1.188416e-04
1.32167 2.240654e-03 1.194742e-04
1.32298 2.423324e-03 1.184459e-04
1.3243 2.686533e-03 1.193565e-04
1.32561 2.461639e-03 1.191510e-04
1.32693 2.484798e-03 1.184638e-04
1.32825 2.278948e-03 1.191829e-04
1.32956 2.319499e-03 1.186018e-04
1.33088 2.525821e-03 1.186117e-04
1.33219 2.320770e-03 1.188636e-04
1.33351 2.247494e-03 1.182373e-04
1.33482 2.556925e-03 1.189545e-04
1.33614 2.573481e-03 1.193561e-04
1.33745 2.401992e-03 1.181204e-04
1.33877 2.447698e-03 1.185626e-04
1.34008 2.246725e-03 1.178360e-04
1.3414 2.129190e-03 1.183360e-04
1.34271 2.427448e-03 1.188557e-04
1.34403 2.412759e-03 1.179158e-04
1.34535 2.415720e-03 1.184518e-04
1.34666 2.362262e-03 1.179922e-04
1.34798 2.212879e-03 1.180237e-04
1.34929 2.278954e-03 1.181213e-04
1.35061 2.293746e-03 1.178485e-04
1.35192 2.201708e-03 1.176494e-04
1.35324 2.425983e-03 1.177477e-04
1.35455 2.293665e-03 1.179206e-04
1.35587 2.371877e-03 1.181980e-04
1.35718 2.501198e-03 1.175856e-04
1.3585 2.223646e-03 1.178547e-04
1.35981 2.289651e-03 1.176086e-04
1.36113 2.291491e-03 1.176649e-04
1.36245 2.389183e-03 1.176594e-04
1.36376 2.296784e-03 1.169923e-04
1.36508 2.210684e-03 1.174750e-04
1.36639 2.424750e-03 1.173368e-04
1.36771 2.466479e-03 1.172924e-04
1.36902 2.354565e-03 1.174392e-04
1.37034 2.198467e-03 1.174129e-04
1.37165 2.219572e-03 1.173186e-04
1.37297 2.395980e-03 1.173785e-04
1.37428 2.280131e-03 1.172642e-04
1.3756 2.243784e-03 1.169917e-04
1.37691 2.317288e-03 1.170299e-04
1.37823 2.073422e-03 1.168133e-04
1.37955 2.053061e-03 1.167062e-04
1.38086 2.019353e-03 1.163163e-04
1.38218 2.131986e-03 1.170625e-04
1.38349 2.033756e-03 1.164103e-04
1.38481 2.067908e-03 1.162104e-04
1.38612 2.346835e-03 1.170494e-04
1.38744 2.345518e-03 1.162795e-04
1.38875 2.426266e-03 1.163744e-04
1.39007 2.366684e-03 1.167348e-04
1.39139 2.115922e-03 1.164109e-04
1.3927 2.148499e-03 1.170682e-04
1.39402 2.284722e-03 1.159352e-04
1.39533 2.380709e-03 1.165305e-04
1.39665 2.194198e-03 1.158784e-04
1.39796 2.347469e-03 1.158668e-04
1.39928 2.142337e-03 1.160993e-04
1.40059 2.084366e-03 1.158284e-04
1.40191 2.243993e-03 1.159770e-04
1.40322 2.136986e-03 1.161388e-04
1.40454 2.044317e-03 1.156480e-04
1.40585 2.063405e-03 1.164481e-04
1.40717 2.399819e-03 1.152775e-04
1.40848 2.176187e-03 1.158248e-04
1.4098 2.141616e-03 1.157431e-04
1.41112 2.179813e-03 1.153741e-04
1.41243 1.993416e-03 1.156661e-04
1.41375 2.110502e-03 1.153213e-04
1.41506 2.218151e-03 1.156674e-04
1.41638 2.074209e-03 1.158638e-04
1.41769 2.088657e-03 1.145170e-04
1.41901 2.191477e-03 1.152836e-04
1.42032 2.061806e-03 1.146057e-04
1.42164 2.287798e-03 1.151837e-04
1.42295 2.249964e-03 1.150825e-04
1.42427 2.252210e-03 1.146428e-04
1.42559 2.055800e-03 1.151519e-04
1.4269 2.217126e-03 1.147253e-04
1.42822 2.353138e-03 1.152959e-04
1.42953 2.280837e-03 1.148231e-04
1.43085 2.270169e-03 1.142700e-04
1.43216 2.103226e-03 1.148856e-04
1.43348 1.904208e-03 1.145255e-04
1.43479 1.995888e-03 1.142590e-04
1.43611 1.830282e-03 1.146291e-04
1.43742 2.024507e-03 1.140382e-04
1.43874 2.272987e-03 1.146032e-04
1.44006 2.227187e-03 1.143290e-04
1.44137 2.114928e-03 1.139854e-04
1.44268 2.103087e-03 1.142491e-04
1.444 2.096665e-03 1.138353e-04
1.44532 2.100061e-03 1.141276e-04
1.44663 2.071258e-03 1.145672e-04
1.44795 2.017483e-03 1.139440e-04
1.44926 2.159737e-03 1.147684e-04
1.45058 2.089008e-03 1.141827e-04
1.45189 1.922642e-03 1.145205e-04
1.45321 2.171741e-03 1.146174e-04
1.45452 2.155920e-03 1.137827e-04
1.45584 2.078414e-03 1.142925e-04
1.45715 2.367898e-03 1.138146e-04
1.45847 1.764034e-03 1.142498e-04
1.45979 2.282730e-03 1.139769e-04
1.4611 1.969535e-03 1.137984e-04
1.46242 2.145806e-03 1.141934e-04
1.46373 1.915841e-03 1.133705e-04
1.46505 1.948608e-03 1.139265e-04
1.46636 1.966739e-03 1.137564e-04
1.46768 2.040056e-03 1.131348e-04
1.46899 2.167167e-03 1.137633e-04
1.47031 2.016276e-03 1.135021e-04
1.47162 1.838888e-03 1.136822e-04
1.47294 2.029308e-03 1.137160e-04
1.47425 2.143849e-03 1.133216e-04
1.47557 1.929961e-03 1.132530e-04
1.47689 2.105874e-03 1.135161e-04
1.4782 2.220348e-03 1.134589e-04
1.47952 2.043607e-03 1.135235e-04
1.48083 2.045498e-03 1.128083e-04
1.48215 1.986970e-03 1.129839e-04
1.48346 1.970158e-03 1.132253e-04
1.48478 1.938270e-03 1.134545e-04
1.48609 2.167078e-03 1.129643e-04
1.48741 2.032309e-03 1.125378e-04
1.48872 1.915230e-03 1.131318e-04
1.49004 2.198944e-03 1.129284e-04
1.49135 1.972871e-03 1.126711e-04
1.49267 2.137596e-03 1.129934e-04
1.49399 2.027535e-03 1.126064e-04
1.4953 1.972617e-03 1.128338e-04
1.49662 1.987607e-03 1.131250e-04
1.49793 1.908608e-03 1.123338e-04
1.49925 1.733999e-03 1.129386e-04
1.50056 1.903561e-03 1.125638e-04
1.50188 1.943249e-03 1.126530e-04
1.50319 1.874279e-03 1.126250e-04
1.50451 2.067015e-03 1.126078e-04
1.50583 1.908096e-03 1.125755e-04
1.50714 2.074665e-03 1.122704e-04
1.50845 2.047413e-03 1.124470e-04
1.50977 1.814199e-03 1.124878e-04
1.51109 1.937850e-03 1.120576e-04
1.5124 1.903700e-03 1.124619e-04
1.51372 1.785640e-03 1.121308e-04
1.51503 1.944548e-03 1.122705e-04
1.51635 2.140349e-03 1.126790e-04
1.51766 1.988822e-03 1.118919e-04
1.51898 1.933389e-03 1.124154e-04
1.52029 1.898371e-03 1.118399e-04
1.52161 1.857491e-03 1.121512e-04
1.52292 2.023670e-03 1.117409e-04
1.52424 1.837996e-03 1.114645e-04
1.52556 1.985249e-03 1.119168e-04
1.52687 1.993558e-03 1.116052e-04
1.52819 1.975065e-03 1.118630e-04
1.5295 1.927528e-03 1.116201e-04
1.53082 1.963301e-03 1.117852e-04
1.53213 1.925114e-03 1.114986e-04
1.53345 1.834716e-03 1.114729e-04
1.53476 1.841326e-03 1.113892e-04
1.53608 1.986261e-03 1.117090e-04
1.53739 1.885820e-03 1.112580e-04
1.53871 1.942931e-03 1.117409e-04
1.54002 1.874311e-03 1.112672e-04
1.54134 1.889796e-03 1.114385e-04
1.54266 2.025180e-03 1.114423e-04
1.54397 1.792110e-03 1.110523e-04
1.54529 2.098112e-03 1.112694e-04
1.5466 1.807056e-03 1.108936e-04
1.54792 1.929553e-03 1.115598e-04
1.54923 1.856251e-03 1.109963e-04
1.55055 1.781131e-03 1.111512e-04
1.55186 1.885784e-03 1.108802e-04
1.55318 1.826941e-03 1.108833e-04
1.55449 1.829420e-03 1.110320e-04
1.55581 1.935118e-03 1.108709e-04
1.55713 1.904794e-03 1.107598e-04
1.55844 1.841086e-03 1.105133e-04
1.55976 2.027140e-03 1.109609e-04
1.56107 2.064750e-03 1.105862e-04
1.56239 1.651593e-03 1.108415e-04
1.5637 1.854305e-03 1.105381e-04
1.56502 1.730298e-03 1.104029e-04
1.56633 1.909023e-03 1.108020e-04
1.56765 1.755419e-03 1.103223e-04
1.56896 1.916343e-03 1.104601e-04
1.57028 1.765783e-03 1.104010e-04
1.5716 1.779214e-03 1.101398e-04
1.57291 1.849419e-03 1.107550e-04
1.57422 1.980320e-03 1.103735e-04
1.57554 1.647788e-03 1.100102e-04
1.57686 1.657094e-03 1.104051e-04
1.57817 1.924332e-03 1.099896e-04
1.57949 1.942774e-03 1.102753e-04
1.5808 1.745195e-03 1.098630e-04
1.58212 1.843529e-03 1.100294e-04
1.58343 1.924911e-03 1.102632e-04
1.58475 1.855481e-03 1.098603e-04
1.58606 1.874107e-03 1.101889e-04
1.58738 1.704684e-03 1.098897e-04
1.58869 1.756016e-03 1.097812e-04
1.59001 1.793029e-03 1.098781e-04
1.59133 1.862101e-03 1.094922e-04
1.59264 1.803272e-03 1.096185e-04
1.59396 1.830107e-03 1.096953e-04
1.59527 1.754197e-03 1.098476e-04
1.59659 1.634684e-03 1.096158e-04
1.5979 1.804873e-03 1.093836e-04
1.59922 1.683424e-03 1.097109e-04
1.60053 1.713711e-03 1.093181e-04
1.60185 1.725196e-03 1.094087e-04
1.60316 1.629265e-03 1.096845e-04
1.60448 1.694332e-03 1.091467e-04
1.60579 1.839833e-03 1.095661e-04
1.60711 1.815368e-03 1.095461e-04
1.60843 1.843568e-03 1.091916e-04
1.60974 1.633586e-03 1.098923e-04
1.61106 1.733726e-03 1.085575e-04
1.61237 1.779616e-03 1.091397e-04
1.61369 1.678394e-03 1.092422e-04
1.615 1.676410e-03 1.083553e-04
1.61632 1.709506e-03 1.089545e-04
1.61763 1.781364e-03 1.083507e-04
1.61895 1.773208e-03 1.090977e-04
1.62026 1.975307e-03 1.093905e-04
1.62158 1.714595e-03 1.080848e-04
1.62289 1.783840e-03 1.092305e-04
1.62421 1.732798e-03 1.081752e-04
1.62553 1.660142e-03 1.083869e-04
1.62684 1.591829e-03 1.089461e-04
1.62816 1.665053e-03 1.082704e-04
1.62947 1.856230e-03 1.086753e-04
1.63079 1.699872e-03 1.083270e-04
1.6321 1.848587e-03 1.087274e-04
1.63342 1.828831e-03 1.085956e-04
1.63473 1.597586e-03 1.080857e-04
1.63605 1.840025e-03 1.082822e-04
1.63736 1.643793e-03 1.080530e-04
1.63868 1.820018e-03 1.083075e-04
1.63999 1.694331e-03 1.084222e-04
1.64131 1.763511e-03 1.082092e-04
1.64263 1.791978e-03 1.084816e-04
1.64394 1.564292e-03 1.081913e-04
1.64526 1.568968e-03 1.081032e-04
1.64657 1.643515e-03 1.082467e-04
1.64789 1.743735e-03 1.078387e-04
1.6492 1.707446e-03 1.080974e-04
1.65052 1.559435e-03 1.081896e-04
1.65183 1.602181e-03 1.076314e-04
1.65315 1.594362e-03 1.081184e-04
1.65447 1.619207e-03 1.080159e-04
1.65578 1.604049e-03 1.078035e-04
1.6571 1.663583e-03 1.079977e-04
1.65841 1.676519e-03 1.073929e-04
1.65973 1.691544e-03 1.078166e-04
1.66104 1.732621e-03 1.075808e-04
1.66236 1.630630e-03 1.076017e-04
1.66367 1.937708e-03 1.080973e-04
1.66499 1.609813e-03 1.075534e-04
1.6663 1.876714e-03 1.078614e-04
1.66762 1.699868e-03 1.072872e-04
1.66893 1.812981e-03 1.073938e-04
1.67025 1.868161e-03 1.075615e-04
1.67157 1.715029e-03 1.071958e-04
1.67288 1.644801e-03 1.076111e-04
1.6742 1.590274e-03 1.072769e-04
1.67551 1.548816e-03 1.072341e-04
1.67683 1.654498e-03 1.075184e-04
1.67814 1.582216e-03 1.072594e-04
1.67946 1.648659e-03 1.071705e-04
1.68077 1.647217e-03 1.071459e-04
1.68209 1.640867e-03 1.069463e-04
1.6834 1.911387e-03 1.071407e-04
1.68472 1.646633e-03 1.070158e-04
1.68603 1.729424e-03 1.072139e-04
1.68735 1.579186e-03 1.070706e-04
1.68867 1.371132e-03 1.066408e-04
1.68998 1.560564e-03 1.073785e-04
1.6913 1.628002e-03 1.066896e-04
1.69261 1.622174e-03 1.065963e-04
1.69393 1.535467e-03 1.068539e-04
1.69524 1.680294e-03 1.064519e-04
1.69656 1.525880e-03 1.069672e-04
1.69787 1.549871e-03 1.067177e-04
1.69919 1.676458e-03 1.066739e-04
1.7005 1.533923e-03 1.070318e-04
1.70182 1.637942e-03 1.064429e-04
1.70314 1.678203e-03 1.064690e-04
1.70445 1.764264e-03 1.065622e-04
1.70576 1.532211e-03 1.061183e-04
1.70708 1.694726e-03 1.068116e-04
1.7084 1.590270e-03 1.061963e-04
1.70971 1.577484e-03 1.065382e-04
1.71103 1.583649e-03 1.064482e-04
1.71234 1.537310e-03 1.062380e-04
1.71366 1.584634e-03 1.061519e-04
1.71497 1.639589e-03 1.057856e-04
1.71629 1.757079e-03 1.063489e-04
1.7176 1.546542e-03 1.059201e-04
1.71892 1.733477e-03 1.059928e-04
1.72023 1.540201e-03 1.065152e-04
1.72155 1.537654e-03 1.056207e-04
1.72287 1.275914e-03 1.062775e-04
1.72418 1.583217e-03 1.060740e-04
1.7255 1.418206e-03 1.058137e-04
1.72681 1.482925e-03 1.059685e-04
1.72813 1.589868e-03 1.057958e-04
1.72944 1.521742e-03 1.058318e-04
1.73076 1.527164e-03 1.058486e-04
1.73207 1.412190e-03 1.057143e-04
1.73339 1.478161e-03 1.063156e-04
1.7347 1.689410e-03 1.055239e-04
1.73602 1.346448e-03 1.057491e-04
1.73734 1.693306e-03 1.056170e-04
1.73865 1.452017e-03 1.051124e-04
1.73997 1.680548e-03 1.058223e-04
1.74128 1.484818e-03 1.053272e-04
1.7426 1.492801e-03 1.056692e-04
1.74391 1.551427e-03 1.056611e-04
1.74523 1.523033e-03 1.050060e-04
1.74654 1.667758e-03 1.053882e-04
1.74786 1.595118e-03 1.052432e-04
1.74917 1.603947e-03 1.054671e-04
1.75049 1.470402e-03 1.054451e-04
1.7518 1.513505e-03 1.049058e-04
1.75312 1.466561e-03 1.051813e-04
1.75443 1.490113e-03 1.051902e-04
1.75575 1.598374e-03 1.050567e-04
1.75707 1.578801e-03 1.054618e-04
1.75838 1.543012e-03 1.048169e-04
1.7597 1.527849e-03 1.052263e-04
1.76101 1.550015e-03 1.046405e-04
1.76233 1.498815e-03 1.051283e-04
1.76364 1.423095e-03 1.053596e-04
1.76496 1.488970e-03 1.044319e-04
1.76627 1.664684e-03 1.050126e-04
1.76759 1.484023e-03 1.049045e-04
1.76891 1.410554e-03 1.048523e-04
1.77022 1.446695e-03 1.048341e-04
1.77153 1.370807e-03 1.045443e-04
1.77285 1.393253e-03 1.047175e-04
1.77417 1.396272e-03 1.046927e-04
1.77548 1.676902e-03 1.047601e-04
1.7768 1.431532e-03 1.045840e-04
1.77811 1.388090e-03 1.045005e-04
1.77943 1.239956e-03 1.045517e-04
1.78074 1.382983e-03 1.048546e-04
1.78206 1.400999e-03 1.040821e-04
1.78337 1.652271e-03 1.044591e-04
1.78469 1.501433e-03 1.040676e-04
1.786 1.538837e-03 1.044769e-04
1.78732 1.336684e-03 1.046075e-04
1.78864 1.574555e-03 1.040121e-04
1.78995 1.345423e-03 1.046462e-04
1.79127 1.504303e-03 1.039022e-04
1.79258 1.573771e-03 1.046091e-04
1.7939 1.466148e-03 1.045628e-04
1.79521 1.451855e-03 1.037602e-04
1.79653 1.653839e-03 1.043781e-04
1.79784 1.446737e-03 1.041990e-04
1.79916 1.434640e-03 1.037688e-04
1.80047 1.556184e-03 1.047129e-04
1.80179 1.591430e-03 1.037611e-04
1.80311 1.454141e-03 1.033618e-04
1.80442 1.362981e-03 1.041781e-04
1.80574 1.428481e-03 1.061033e-04
1.80705 1.618048e-03 1.068667e-04
1.80837 1.414938e-03 1.068879e-04
1.80968 1.455916e-03 1.082578e-04
1.811 1.464675e-03 1.083783e-04
1.81231 1.342382e-03 1.088095e-04
1.81363 1.439955e-03 1.100223e-04
1.81494 1.554717e-03 1.094967e-04
1.81626 1.571531e-03 1.104209e-04
1.81757 1.273112e-03 1.103480e-04
1.81889 1.438290e-03 1.107320e-04
1.82021 1.620586e-03 1.112272e-04
1.82152 1.390690e-03 1.115707e-04
1.82284 1.459801e-03 1.121921e-04
1.82415 1.674338e-03 1.120909e-04
1.82547 1.392038e-03 1.118642e-04
1.82678 1.403355e-03 1.130889e-04
1.8281 1.478873e-03 1.126178e-04
1.82941 1.576178e-03 1.131630e-04
1.83073 1.308615e-03 1.139117e-04
1.83204 1.573070e-03 1.135615e-04
1.83336 1.419445e-03 1.142786e-04
1.83468 1.270337e-03 1.139640e-04
1.83599 1.566187e-03 1.148065e-04
1.8373 1.264172e-03 1.145839e-04
1.83862 1.522245e-03 1.143415e-04
1.83994 1.500255e-03 1.157623e-04
1.84125 1.530304e-03 1.150401e-04
1.84257 1.309342e-03 1.157266e-04
1.84388 1.412110e-03 1.158466e-04
1.8452 1.413790e-03 1.160711e-04
1.84651 1.436098e-03 1.165586e-04
1.84783 1.385871e-03 1.162020e-04
1.84914 1.491259e-03 1.167228e-04
1.85046 1.272167e-03 1.171727e-04
1.85177 1.499249e-03 1.172195e-04
1.85309 1.530185e-03 1.176689e-04
1.85441 1.389983e-03 1.149387e-04
1.85572 1.443335e-03 1.131691e-04
1.85704 1.352204e-03 1.135531e-04
1.85835 1.400883e-03 1.123592e-04
1.85967 1.427839e-03 1.125999e-04
1.86098 1.243749e-03 1.119338e-04
1.8623 1.360857e-03 1.112131e-04
1.86361 1.436548e-03 1.113063e-04
1.86493 1.604298e-03 1.107843e-04
1.86624 1.419046e-03 1.106807e-04
1.86756 1.382072e-03 1.102681e-04
1.86888 1.457036e-03 1.093346e-04
1.87019 1.476686e-03 1.093560e-04
1.87151 1.377439e-03 1.091414e-04
1.87282 1.454287e-03 1.088155e-04
1.87414 1.341919e-03 1.090174e-04
1.87545 1.364427e-03 1.077380e-04
1.87677 1.236823e-03 1.081900e-04
1.87808 1.198143e-03 1.081521e-04
1.8794 1.309775e-03 1.078087e-04
1.88071 1.439197e-03 1.078985e-04
1.88203 1.530370e-03 1.068426e-04
1.88334 1.397499e-03 1.075224e-04
1.88466 1.461499e-03 1.068199e-04
1.88597 1.401783e-03 1.068572e-04
1.88729 1.331535e-03 1.068498e-04
1.88861 1.325018e-03 1.057775e-04
1.88992 1.332898e-03 1.063854e-04
1.89124 1.259459e-03 1.060029e-04
1.89255 1.402624e-03 1.053759e-04
1.89387 1.346129e-03 1.058992e-04
1.89518 1.381968e-03 1.051207e-04
1.8965 1.568864e-03 1.055634e-04
1.89781 1.347855e-03 1.050406e-04
1.89913 1.211045e-03 1.050175e-04
1.90044 1.217115e-03 1.052637e-04
1.90176 1.295083e-03 1.041370e-04
1.90307 1.305307e-03 1.044555e-04
1.90439 1.196173e-03 1.047756e-04
1.90571 1.309342e-03 1.039032e-04
1.90702 1.531960e-03 1.046010e-04
1.90834 1.302921e-03 1.036436e-04
1.90965 1.304516e-03 1.038338e-04
1.91097 1.336584e-03 1.040990e-04
1.91228 1.241446e-03 1.033613e-04
1.9136 1.388176e-03 1.041844e-04
1.91491 1.309595e-03 1.029493e-04
1.91623 1.344537e-03 1.037288e-04
1.91755 1.374414e-03 1.036702e-04
1.91886 1.399463e-03 1.029968e-04
1.92017 1.192345e-03 1.034768e-04
1.92149 1.335395e-03 1.032950e-04
1.92281 1.297947e-03 1.033395e-04
1.92412 1.594493e-03 1.035344e-04
1.92544 1.235166e-03 1.027473e-04
1.92675 1.115663e-03 1.028564e-04
1.92807 1.230893e-03 1.028303e-04
1.92938 1.460593e-03 1.032169e-04
1.9307 1.196769e-03 1.033738e-04
1.93201 1.313307e-03 1.026733e-04
1.93333 1.292553e-03 1.030132e-04
1.93465 1.273306e-03 1.029148e-04
1.93596 1.268369e-03 1.027731e-04
1.93728 1.478405e-03 1.029938e-04
1.93859 1.380621e-03 1.024580e-04
1.93991 1.336129e-03 1.026752e-04
1.94122 1.209061e-03 1.027053e-04
1.94254 1.248224e-03 1.024580e-04
1.94385 1.244836e-03 1.027445e-04
1.94517 1.147237e-03 1.024276e-04
1.94648 1.434211e-03 1.027576e-04
1.9478 1.334003e-03 1.024327e-04
1.94911 1.174275e-03 1.022220e-04
1.95043 1.410302e-03 1.025678e-04
1.95175 1.291160e-03 1.019176e-04
1.95306 1.097121e-03 1.021280e-04
1.95438 1.255647e-03 1.026731e-04
1.95569 1.298615e-03 1.020945e-04
1.95701 1.391284e-03 1.022639e-04
1.95832 1.303528e-03 1.019249e-04
1.95964 1.392103e-03 1.019125e-04
1.96095 1.219975e-03 1.019401e-04
1.96227 1.201138e-03 1.018573e-04
1.96358 1.187037e-03 1.019500e-04
1.9649 1.272771e-03 1.016284e-04
1.96621 1.306275e-03 1.014782e-04
1.96753 1.266835e-03 1.018024e-04
1.96884 1.261186e-03 1.014769e-04
1.97016 1.282195e-03 1.018594e-04
1.97148 1.260491e-03 1.014035e-04
1.97279 1.134499e-03 1.016505e-04
1.97411 1.204568e-03 1.020069e-04
1.97542 1.369825e-03 1.013844e-04
1.97674 1.383334e-03 1.015856e-04
1.97805 1.263997e-03 1.014403e-04
1.97937 1.193757e-03 1.014209e-04
1.98068 1.272643e-03 1.018052e-04
1.982 1.285810e-03 1.013218e-04
1.98331 1.255485e-03 1.009651e-04
1.98463 1.072184e-03 1.010589e-04
1.98595 1.248101e-03 1.011076e-04
1.98726 1.307191e-03 1.015230e-04
1.98858 1.167434e-03 1.010859e-04
1.98989 1.237808e-03 1.011560e-04
1.99121 1.195876e-03 1.011498e-04
1.99252 1.325834e-03 1.007349e-04
1.99384 1.378367e-03 1.012918e-04
1.99515 1.184520e-03 1.007915e-04
1.99647 1.028671e-03 1.009177e-04
1.99778 1.041616e-03 1.008835e-04
1.9991 1.214508e-03 1.005596e-04
2.00042 1.340410e-03 1.011821e-04
2.00173 1.285584e-03 1.009127e-04
2.00305 1.236205e-03 1.010039e-04
2.00436 1.202894e-03 1.010414e-04
2.00568 1.305051e-03 1.002338e-04
2.00699 1.324330e-03 1.008461e-04
2.00831 1.510821e-03 1.006419e-04
2.00962 1.235453e-03 1.004064e-04
2.01094 1.091154e-03 1.005772e-04
2.01225 1.062312e-03 9.994695e-05
2.01357 1.096970e-03 1.006510e-04
2.01488 1.079888e-03 1.002319e-04
2.0162 1.207917e-03 1.003873e-04
2.01751 1.192496e-03 1.005615e-04
2.01883 1.208352e-03 1.000069e-04
2.02015 1.342147e-03 1.003630e-04
2.02146 1.146044e-03 1.000949e-04
2.02278 9.764872e-04 1.002782e-04
2.02409 1.216371e-03 1.001528e-04
2.02541 9.972512e-04 9.959233e-05
2.02672 1.215615e-03 1.000805e-04
2.02804 1.242735e-03 9.985018e-05
2.02935 1.189795e-03 9.968617e-05
2.03067 1.049141e-03 9.972411e-05
2.03198 1.058936e-03 9.952419e-05
2.0333 9.925679e-04 9.965289e-05
2.03462 1.258219e-03 9.992468e-05
2.03593 1.311802e-03 9.948689e-05
2.03725 1.233022e-03 9.959206e-05
2.03856 1.291058e-03 9.930034e-05
2.03988 1.087487e-03 9.966705e-05
2.04119 1.180167e-03 9.999320e-05
2.04251 1.114264e-03 9.907660e-05
2.04382 1.155246e-03 9.960573e-05
2.04514 1.121443e-03 9.918830e-05
2.04645 1.240352e-03 9.971650e-05
2.04777 1.146406e-03 9.966196e-05
2.04908 1.194127e-03 9.915591e-05
2.0504 1.265701e-03 9.931277e-05
2.05172 1.084310e-03 9.900525e-05
2.05303 1.228468e-03 9.926240e-05
2.05435 1.077347e-03 9.960348e-05
2.05566 1.009608e-03 9.877428e-05
2.05698 1.156171e-03 9.911554e-05
2.05829 1.167099e-03 9.919587e-05
2.05961 1.173886e-03 9.913551e-05
2.06092 1.192967e-03 9.950308e-05
2.06224 1.004455e-03 9.863286e-05
2.06355 1.282387e-03 9.926843e-05
2.06487 1.174126e-03 9.905513e-05
2.06618 1.168594e-03 9.904402e-05
2.0675 1.171984e-03 9.916311e-05
2.06882 9.187765e-04 9.846884e-05
2.07013 8.729858e-04 9.915819e-05
2.07145 1.162108e-03 9.876139e-05
2.07276 1.082758e-03 9.933810e-05
2.07408 1.160604e-03 9.904258e-05
2.07539 1.212477e-03 9.850840e-05
2.07671 1.088667e-03 9.877194e-05
2.07802 1.164317e-03 9.887435e-05
2.07934 1.138566e-03 9.859955e-05
2.08065 9.578824e-04 9.910767e-05
2.08197 8.628325e-04 9.833764e-05
2.08329 1.167447e-03 9.867096e-05
2.0846 1.168649e-03 9.902513e-05
2.08592 9.853513e-04 9.820519e-05
2.08723 1.137537e-03 9.891249e-05
2.08855 1.137746e-03 9.822236e-05
2.08986 1.169389e-03 9.861389e-05
2.09118 1.304027e-03 9.894772e-05
2.09249 1.006731e-03 9.821262e-05
2.09381 1.091648e-03 9.850223e-05
2.09512 1.027942e-03 9.803161e-05
2.09644 1.149986e-03 9.887454e-05
2.09775 1.063349e-03 9.856589e-05
2.09907 1.183091e-03 9.816154e-05
2.10038 1.209553e-03 9.824514e-05
2.1017 1.232991e-03 9.823484e-05
2.10302 1.193507e-03 9.821594e-05
2.10433 1.061231e-03 9.840130e-05
2.10565 1.210128e-03 9.794538e-05
2.10696 1.187247e-03 9.800841e-05
2.10828 1.090125e-03 9.804697e-05
2.10959 1.065082e-03 9.823524e-05
2.11091 1.209607e-03 9.830671e-05
2.11222 1.143962e-03 9.765246e-05
2.11354 1.123970e-03 9.818499e-05
2.11485 1.056030e-03 9.792731e-05
2.11617 1.122989e-03 9.787643e-05
2.11749 1.030757e-03 9.832255e-05
2.1188 1.237402e-03 9.732738e-05
2.12012 1.134543e-03 9.766565e-05
2.12143 1.312068e-03 9.822521e-05
2.12275 9.320794e-04 9.767304e-05
2.12406 1.057475e-03 9.789600e-05
2.12538 1.119154e-03 9.761571e-05
2.12669 1.185254e-03 9.773424e-05
2.12801 9.479208e-04 9.804835e-05
2.12932 9.068760e-04 9.728604e-05
2.13064 1.186840e-03 9.786460e-05
2.13196 1.373581e-03 9.757486e-05
2.13327 1.372959e-03 9.723995e-05
2.13459 1.093197e-03 9.793146e-05
2.1359 1.097503e-03 9.726659e-05
2.13722 1.154642e-03 9.750213e-05
2.13853 1.240491e-03 9.739150e-05
2.13985 1.079925e-03 9.720530e-05
2.14116 1.012095e-03 9.772923e-05
2.14248 1.075067e-03 9.716919e-05
2.14379 1.161296e-03 9.766225e-05
2.14511 1.193278e-03 9.705070e-05
2.14642 8.487721e-04 9.713346e-05
2.14774 1.127949e-03 9.740544e-05
2.14906 1.103543e-03 9.702526e-05
2.15037 9.383361e-04 9.709017e-05
2.15169 1.195014e-03 9.727993e-05
2.153 1.149635e-03 9.703717e-05
2.15432 1.191604e-03 9.715285e-05
2.15563 1.115936e-03 9.713477e-05
2.15695 1.258274e-03 9.720301e-05
2.15826 1.045692e-03 9.705872e-05
2.15958 1.125779e-03 9.665219e-05
2.16089 1.079017e-03 9.734245e-05
2.16221 9.453117e-04 9.656134e-05
2.16352 8.575074e-04 9.703499e-05
2.16484 1.215474e-03 9.688046e-05
2.16615 1.080709e-03 9.677445e-05
2.16747 1.135583e-03 9.713032e-05
2.16879 1.067610e-03 9.676226e-05
2.1701 1.050955e-03 9.674358e-05
2.17142 1.177626e-03 9.675378e-05
2.17273 1.139787e-03 9.644065e-05
2.17405 9.277485e-04 9.696773e-05
2.17536 1.178860e-03 9.651614e-05
2.17668 1.000284e-03 9.671782e-05
2.17799 1.018934e-03 9.658697e-05
2.17931 1.012639e-03 9.622763e-05
2.18063 1.023573e-03 9.656245e-05
2.18194 1.185903e-03 9.663552e-05
2.18325 9.910378e-04 9.624452e-05
2.18457 1.041204e-03 9.664558e-05
2.18589 9.609505e-04 9.629374e-05
2.1872 1.039075e-03 9.691244e-05
2.18852 1.045881e-03 9.623430e-05
2.18983 1.016070e-03 9.612190e-05
2.19115 1.052300e-03 9.628843e-05
2.19246 9.916988e-04 9.595286e-05
2.19378 1.066301e-03 9.625891e-05
2.19509 1.065278e-03 9.619780e-05
2.19641 8.490487e-04 9.576605e-05
2.19773 9.931630e-04 9.606510e-05
2.19904 9.703748e-04 9.582266e-05
2.20036 1.179775e-03 9.612731e-05
2.20167 1.020985e-03 9.584843e-05
2.20299 9.341987e-04 9.573345e-05
2.2043 1.147592e-03 9.577030e-05
2.20562 1.084356e-03 9.563810e-05
2.20693 1.159072e-03 9.591511e-05
2.20825 1.050023e-03 9.574595e-05
2.20956 1.115090e-03 9.538793e-05
2.21088 9.071106e-04 9.607701e-05
2.21219 1.115863e-03 9.547856e-05
2.21351 1.058921e-03 9.601700e-05
2.21482 1.052793e-03 9.571423e-05
2.21614 1.068709e-03 9.537619e-05
2.21746 9.948076e-04 9.578621e-05
2.21877 1.079291e-03 9.525147e-05
2.22009 1.031853e-03 9.575082e-05
2.2214 1.060890e-03 9.578760e-05
2.22272 1.143287e-03 9.513372e-05
2.22403 9.460343e-04 9.562631e-05
2.22535 1.149962e-03 9.544485e-05
2.22666 1.017985e-03 9.550786e-05
2.22798 9.866935e-04 9.569136e-05
2.22929 9.202666e-04 9.501312e-05
2.23061 1.250957e-03 9.538581e-05
2.23192 1.085194e-03 9.552225e-05
2.23324 9.082232e-04 9.531153e-05
2.23456 1.060425e-03 9.531172e-05
2.23587 9.829150e-04 9.479585e-05
2.23719 9.522918e-04 9.545959e-05
2.2385 1.044094e-03 9.512190e-05
2.23982 8.461263e-04 9.521048e-05
2.24113 9.772961e-04 9.545129e-05
2.24245 1.177881e-03 9.476661e-05
2.24376 9.390655e-04 9.524654e-05
2.24508 9.705412e-04 9.508870e-05
2.24639 1.109067e-03 9.529622e-05
2.24771 9.563870e-04 9.508779e-05
2.24903 9.324435e-04 9.472300e-05
2.25034 1.057545e-03 9.529329e-05
2.25166 9.726332e-04 9.485588e-05
2.25297 8.702375e-04 9.499160e-05
2.25429 1.083730e-03 9.491753e-05
2.2556 9.657916e-04 9.444176e-05
2.25692 1.024963e-03 9.498174e-05
2.25823 9.575836e-04 9.514479e-05
2.25955 1.013877e-03 9.457320e-05
2.26086 8.879150e-04 9.486207e-05
2.26218 8.847402e-04 9.470805e-05
2.2635 9.166511e-04 9.478768e-05
2.26481 8.431974e-04 9.499078e-05
2.26612 1.252391e-03 9.432318e-05
2.26744 1.127029e-03 9.479759e-05
2.26876 1.190537e-03 9.404295e-05
2.27007 9.371178e-04 9.480639e-05
2.27139 7.477102e-04 9.481303e-05
2.2727 9.999453e-04 9.415588e-05
2.27402 1.166866e-03 9.446877e-05
2.27533 4.726962e-04 1.006574e-04
2.27665 1.029091e-03 9.482489e-05
2.27796 9.298022e-04 9.457783e-05
2.27928 9.888050e-04 9.425036e-05
2.28059 9.463151e-04 9.454769e-05
2.28191 9.948941e-04 9.435128e-05
2.28323 9.306266e-04 9.434478e-05
2.28454 1.022377e-03 9.459478e-05
2.28586 9.370434e-04 9.381738e-05
2.28717 9.254629e-04 9.433111e-05
2.28849 9.962829e-04 9.404699e-05
2.2898 9.173376e-04 9.425714e-05
2.29112 9.219958e-04 9.436343e-05
2.29243 8.690336e-04 9.380996e-05
2.29375 1.128939e-03 9.409624e-05
2.29506 1.060115e-03 9.415408e-05
2.29638 9.471725e-04 9.403940e-05
2.2977 8.500757e-04 9.438743e-05
2.29901 8.432564e-04 9.334863e-05
2.30033 1.049525e-03 9.389605e-05
2.30164 9.179291e-04 9.483298e-05
2.30296 9.604568e-04 9.612732e-05
2.30427 8.741540e-04 9.690671e-05
2.30559 9.112121e-04 9.699787e-05
2.3069 1.029919e-03 9.770983e-05
2.30822 8.367652e-04 9.812708e-05
2.30953 9.175571e-04 9.826975e-05
2.31085 1.038191e-03 9.918768e-05
2.31216 1.130613e-03 9.918987e-05
2.31348 1.007132e-03 9.911822e-05
2.3148 1.042183e-03 1.003533e-04
2.31611 9.963088e-04 9.970588e-05
2.31743 8.472299e-04 1.005733e-04
2.31874 9.925163e-04 1.001352e-04
2.32006 9.200966e-04 1.008718e-04
2.32137 7.497411e-04 1.015816e-04
2.32269 8.010982e-04 1.011376e-04
2.324 9.711722e-04 1.021179e-04
2.32532 1.020311e-03 1.015775e-04
2.32663 1.040480e-03 1.020833e-04
2.32795 6.916358e-04 1.021984e-04
2.32926 1.034167e-03 1.021799e-04
2.33058 1.162125e-03 1.020601e-04
2.33189 8.836936e-04 1.018558e-04
2.33321 9.812286e-04 1.023159e-04
2.33453 9.845027e-04 1.025065e-04
2.33584 1.087333e-03 1.021959e-04
2.33716 9.471906e-04 1.021850e-04
2.33847 9.555464e-04 1.021236e-04
2.33979 8.776880e-04 1.029057e-04
2.3411 8.625956e-04 1.026423e-04
2.34242 9.296969e-04 1.024213e-04
2.34373 9.277737e-04 1.028311e-04
2.34505 9.157185e-04 1.024813e-04
2.34637 7.287498e-04 1.025659e-04
2.34768 8.071318e-04 1.031276e-04
2.349 8.128603e-04 1.025019e-04
2.35031 8.741904e-04 1.033484e-04
2.35163 9.880745e-04 1.027272e-04
2.35294 7.822618e-04 1.030725e-04
2.35426 9.976918e-04 1.032960e-04
2.35557 1.024694e-03 1.033806e-04
2.35689 9.375924e-04 1.034594e-04
2.3582 1.047123e-03 1.031853e-04
2.35952 8.911042e-04 1.032540e-04
2.36083 8.930200e-04 1.036878e-04
2.36215 8.189189e-04 1.035968e-04
2.36346 9.924342e-04 1.033950e-04
2.36478 9.470844e-04 1.038963e-04
2.3661 9.201847e-04 1.035836e-04
2.36741 7.702346e-04 1.040214e-04
2.36873 9.695236e-04 1.037810e-04
2.37004 9.836038e-04 1.036086e-04
2.37136 1.047550e-03 1.045292e-04
2.37267 9.397012e-04 1.037054e-04
2.37399 9.785479e-04 1.042668e-04
2.3753 9.196692e-04 1.037574e-04
2.37662 6.656559e-04 1.039925e-04
2.37793 8.197082e-04 1.042731e-04
2.37925 8.799648e-04 1.040523e-04
2.38056 7.976895e-04 1.043595e-04
2.38188 9.450396e-04 1.042409e-04
2.3832 9.816331e-04 1.040446e-04
2.38451 8.299081e-04 1.046313e-04
2.38583 1.073018e-03 1.042508e-04
2.38714 8.256034e-04 1.045400e-04
2.38846 9.511446e-04 1.047333e-04
2.38977 8.909228e-04 1.040695e-04
2.39109 6.980680e-04 1.048708e-04
2.3924 9.140044e-04 1.043707e-04
2.39372 7.835394e-04 1.048451e-04
2.39504 9.934252e-04 1.045064e-04
2.39635 7.577998e-04 1.044521e-04
2.39766 9.667576e-04 1.052224e-04
2.39898 8.432277e-04 1.044023e-04
2.4003 8.062403e-04 1.050827e-04
2.40161 1.155886e-03 1.051637e-04
2.40293 1.019114e-03 1.047268e-04
2.40424 8.032093e-04 1.052834e-04
2.40556 9.710054e-04 1.044479e-04
2.40687 6.097506e-04 1.048647e-04
2.40819 9.314813e-04 1.053509e-04
2.4095 9.317166e-04 1.050648e-04
2.41082 8.757387e-04 1.050305e-04
2.41214 8.953691e-04 1.054936e-04
2.41345 8.314253e-04 1.052433e-04
2.41477 9.575271e-04 1.053645e-04
2.41608 1.022115e-03 1.049963e-04
2.4174 8.733873e-04 1.054377e-04
2.41871 9.224726e-04 1.053993e-04
2.42003 8.804125e-04 1.053261e-04
2.42134 8.510125e-04 1.057924e-04
2.42266 7.486892e-04 1.049145e-04
2.42397 1.019078e-03 1.057976e-04
2.42529 8.142184e-04 1.052708e-04
2.4266 7.708264e-04 1.056683e-04
2.42792 8.031727e-04 1.056222e-04
2.42923 1.033465e-03 1.055253e-04
2.43055 8.078819e-04 1.059558e-04
2.43187 1.003115e-03 1.056641e-04
2.43318 1.041733e-03 1.060630e-04
2.4345 9.352223e-04 1.058992e-04
2.43581 9.559831e-04 1.054903e-04
2.43713 8.847786e-04 1.060265e-04
2.43844 8.380492e-04 1.061067e-04
2.43976 7.473399e-04 1.059272e-04
2.44107 9.496490e-04 1.061063e-04
2.44239 8.509952e-04 1.061485e-04
2.4437 1.142118e-03 1.063164e-04
2.44502 7.095120e-04 1.070309e-04
2.44633 7.095774e-04 1.058096e-04
2.44765 8.051919e-04 1.064010e-04
2.44897 8.398411e-04 1.056970e-04
2.45028 8.780083e-04 1.064779e-04
2.4516 8.897000e-04 1.067192e-04
2.45291 7.697865e-04 1.056123e-04
2.45423 8.444886e-04 1.245531e-04
2.45554 8.306223e-04 1.064038e-04
2.45686 9.028149e-04 1.064886e-04
2.45817 8.091885e-04 1.064638e-04
2.45949 7.409394e-04 1.058976e-04
2.46081 7.538887e-04 1.065364e-04
2.46212 7.963411e-04 1.066185e-04
2.46344 9.461059e-04 1.066564e-04
2.46475 9.595391e-04 1.073639e-04
2.46607 7.332156e-04 1.064065e-04
2.46738 8.355108e-04 1.063781e-04
2.4687 8.251369e-04 1.067807e-04
2.47001 9.967178e-04 1.063087e-04
2.47133 9.664485e-04 1.074401e-04
2.47264 9.949351e-04 1.060173e-04
2.47396 1.036324e-03 1.066834e-04
2.47527 9.033906e-04 1.068416e-04
2.47659 8.346640e-04 1.069064e-04
2.4779 8.209772e-04 1.075292e-04
2.47922 7.545961e-04 1.056983e-04
2.48054 8.036202e-04 1.070539e-04
2.48185 8.425685e-04 1.066054e-04
2.48317 8.792695e-04 1.068892e-04
2.48448 8.014817e-04 1.072615e-04
2.4858 9.851212e-04 1.064739e-04
2.48711 1.000671e-03 1.072036e-04
2.48843 9.012307e-04 1.069984e-04
2.48974 8.744171e-04 1.073291e-04
2.49106 6.867922e-04 1.077410e-04
2.49237 8.184461e-04 1.065001e-04
2.49369 9.100371e-04 1.070714e-04
2.495 8.051239e-04 1.074979e-04
2.49632 8.298292e-04 1.068833e-04
2.49764 6.491208e-04 1.073815e-04
2.49895 8.812487e-04 1.069304e-04
2.50027 9.557300e-04 1.074448e-04
2.50158 1.009857e-03 1.177651e-04
2.5029 8.555980e-04 1.066421e-04
2.50421 7.442032e-04 1.076356e-04
2.50553 9.286665e-04 1.068683e-04
2.50684 9.688508e-04 1.073798e-04
2.50816 9.983532e-04 1.078016e-04
2.50948 8.934274e-04 1.070680e-04
2.51079 7.569270e-04 1.077266e-04
2.51211 1.022885e-03 1.068344e-04
2.51342 9.893664e-04 1.080263e-04
2.51474 8.440039e-04 1.078444e-04
2.51605 7.050219e-04 1.072297e-04
2.51737 6.451753e-04 1.074449e-04
2.51868 1.018764e-03 1.076379e-04
2.52 6.406231e-04 1.071889e-04
2.52131 8.632053e-04 1.081850e-04
2.52263 8.473374e-04 1.077856e-04
2.52394 9.131913e-04 1.074502e-04
2.52526 8.688466e-04 1.075220e-04
2.52657 8.782009e-04 1.078700e-04
2.52789 1.008746e-03 1.081384e-04
2.52921 7.894393e-04 1.081345e-04
2.53052 7.239012e-04 1.077448e-04
2.53184 6.758685e-04 1.073678e-04
2.53315 9.310329e-04 1.080455e-04
2.53447 7.589798e-04 1.087368e-04
2.53578 9.923530e-04 1.079453e-04
2.5371 8.290610e-04 1.073229e-04
2.53841 8.722047e-04 1.072184e-04
2.53973 8.540911e-04 1.092055e-04
2.54104 1.077329e-03 1.109447e-04
2.54236 8.362294e-04 1.119454e-04
2.54368 7.793037e-04 1.125554e-04
2.54499 1.076409e-03 1.132243e-04
2.54631 6.717681e-04 1.147103e-04
2.54762 8.185559e-04 1.149046e-04
2.54894 7.689753e-04 1.155228e-04
2.55025 6.716448e-04 1.153764e-04
2.55157 5.294234e-04 1.174464e-04
2.55288 6.815779e-04 1.166812e-04
2.5542 7.676010e-04 1.185315e-04
2.55551 9.455684e-04 1.179909e-04
2.55683 7.440414e-04 1.182978e-04
2.55814 8.410452e-04 1.191290e-04
2.55946 9.843129e-04 1.196962e-04
2.56078 7.650960e-04 1.205100e-04
2.56209 8.237449e-04 1.202363e-04
2.56341 7.758838e-04 1.211211e-04
2.56472 7.351980e-04 1.215624e-04
2.56604 7.855017e-04 1.224476e-04
2.56735 8.926331e-04 1.229378e-04
2.56867 7.028073e-04 1.230172e-04
2.56998 8.621623e-04 1.230133e-04
2.5713 8.378742e-04 1.242180e-04
2.57261 7.299514e-04 1.249808e-04
2.57393 9.145321e-04 1.244426e-04
2.57524 6.801006e-04 1.252117e-04
2.57656 5.749045e-04 1.251112e-04
2.57788 8.264587e-04 1.266184e-04
2.57919 8.201814e-04 1.266669e-04
2.58051 8.264408e-04 1.272960e-04
2.58182 8.243523e-04 1.273190e-04
2.58314 8.396340e-04 1.274409e-04
2.58445 1.029400e-03 1.281507e-04
2.58577 1.016080e-03 1.286756e-04
2.58708 9.129945e-04 1.285223e-04
2.5884 1.065978e-03 1.286032e-04
2.58971 7.839668e-04 1.291195e-04
2.59103 8.712341e-04 1.287759e-04
2.59234 9.622111e-04 1.296883e-04
2.59366 8.243447e-04 1.294999e-04
2.59497 6.403168e-04 1.293848e-04
2.59629 6.334616e-04 1.301022e-04
2.59761 7.390497e-04 1.308563e-04
2.59892 8.033395e-04 1.307336e-04
2.60024 9.797674e-04 1.306166e-04
2.60155 6.987066e-04 1.314449e-04
2.60287 5.391751e-04 1.308204e-04
2.60418 8.243842e-04 1.311037e-04
2.6055 8.197907e-04 1.318958e-04
2.60681 7.811109e-04 1.311978e-04
2.60813 7.217052e-04 1.321027e-04
2.60945 6.345521e-04 1.320640e-04
2.61076 7.893161e-04 1.336887e-04
2.61208 7.849021e-04 1.323610e-04
2.61339 8.907711e-04 1.328951e-04
2.61471 6.435936e-04 1.331876e-04
2.61602 6.543826e-04 1.324829e-04
2.61734 9.933462e-04 1.336483e-04
2.61865 6.781196e-04 1.338226e-04
2.61997 9.842716e-04 1.337409e-04
2.62128 6.972964e-04 1.340956e-04
2.6226 7.815202e-04 1.344143e-04
2.62391 6.695290e-04 1.346474e-04
2.62523 7.569966e-04 1.349251e-04
2.62655 8.611347e-04 1.336419e-04
2.62786 7.191028e-04 1.352488e-04
2.62918 8.672641e-04 1.352761e-04
2.63049 8.900609e-04 1.361887e-04
2.63181 8.741322e-04 1.360936e-04
2.63312 9.136341e-04 1.355215e-04
2.63444 8.224231e-04 1.364965e-04
2.63575 7.591819e-04 1.357122e-04
2.63707 1.129446e-03 1.371396e-04
2.63838 7.983288e-04 1.362763e-04
2.6397 8.695473e-04 1.360980e-04
2.64101 3.949383e-04 1.379259e-04
2.64233 8.085646e-04 1.364690e-04
2.64365 7.826888e-04 1.384005e-04
2.64496 9.321939e-04 1.374553e-04
2.64628 6.504618e-04 1.380538e-04
2.64759 9.581464e-04 1.381161e-04
2.64891 9.401638e-04 1.376838e-04
2.65022 7.447093e-04 1.395781e-04
2.65154 7.303479e-04 1.394252e-04
2.65285 1.031959e-03 1.374477e-04
2.65417 7.866572e-04 1.394411e-04
2.65548 8.097922e-04 1.442512e-04
2.6568 9.558192e-04 1.395137e-04
2.65811 9.368787e-04 1.409078e-04
2.65943 7.717048e-04 1.381345e-04
2.66074 5.969379e-04 1.408484e-04
2.66206 7.252598e-04 1.395824e-04
2.66338 6.217039e-04 1.406742e-04
2.66469 7.649548e-04 1.415449e-04
2.66601 7.390532e-04 1.396828e-04
2.66732 6.968877e-04 1.423619e-04
2.66864 8.765737e-04 1.412875e-04
2.66995 9.530945e-04 1.418418e-04
2.67127 7.362957e-04 1.419498e-04
2.67258 4.732889e-04 1.412256e-04
2.6739 7.977654e-04 1.425741e-04
2.67522 8.237343e-04 1.419672e-04
2.67653 7.936028e-04 1.431683e-04
2.67785 8.288551e-04 1.428080e-04
2.67916 7.771655e-04 1.423161e-04
2.68048 8.768755e-04 1.430368e-04
2.68179 8.856417e-04 1.440666e-04
2.68311 1.144216e-03 1.435092e-04
2.68442 7.791360e-04 1.441055e-04
2.68574 7.084926e-04 1.427609e-04
2.68705 7.468862e-04 1.451612e-04
2.68837 7.763627e-04 1.453041e-04
2.68968 6.448082e-04 1.442798e-04
2.691 8.755323e-04 1.450679e-04
2.69232 6.291111e-04 1.438117e-04
2.69363 9.033806e-04 1.461397e-04
2.69495 6.380127e-04 1.451110e-04
2.69626 8.211563e-04 1.453031e-04
2.69758 8.796253e-04 1.465048e-04
2.69889 8.460354e-04 1.450298e-04
2.70021 7.948801e-04 1.467877e-04
2.70152 5.996513e-04 1.463172e-04
2.70284 3.092468e-04 1.451581e-04
2.70415 9.358573e-04 1.466377e-04
2.70547 8.902544e-04 1.464789e-04
2.70678 5.146923e-04 1.462402e-04
2.7081 4.479805e-04 1.482236e-04
2.70941 6.294943e-04 1.460108e-04
2.71073 7.676797e-04 1.468528e-04
2.71205 1.062232e-03 1.473633e-04
2.71336 9.622438e-04 1.477885e-04
2.71468 8.168042e-04 1.496518e-04
2.71599 5.454167e-04 1.459699e-04
2.71731 7.359264e-04 1.495614e-04
2.71862 7.695311e-04 1.476382e-04
2.71994 7.562131e-04 1.490303e-04
2.72125 6.418452e-04 1.500850e-04
2.72257 8.137096e-04 1.473504e-04
2.72388 7.338661e-04 1.500218e-04
2.7252 6.162378e-04 1.487628e-04
2.72652 5.655009e-04 1.510566e-04
2.72783 7.634048e-04 1.500188e-04
2.72915 7.849784e-04 1.485852e-04
2.73046 8.098283e-04 1.509247e-04
2.73178 1.013659e-03 1.502110e-04
2.73309 6.798703e-04 1.508658e-04
2.73441 6.717698e-04 1.519742e-04
2.73572 5.820262e-04 1.494106e-04
2.73704 8.925932e-04 1.508925e-04
2.73835 5.312554e-04 1.518593e-04
2.73967 8.124956e-04 1.510364e-04
2.74099 6.449420e-04 1.529815e-04
2.7423 6.698637e-04 1.507512e-04
2.74362 8.235080e-04 1.532043e-04
2.74493 8.388179e-04 1.530966e-04
2.74625 7.835722e-04 1.526413e-04
2.74756 5.986113e-04 1.545193e-04
2.74888 5.307560e-04 1.510127e-04
2.75019 8.011397e-04 1.543631e-04
2.75151 8.077888e-04 1.531673e-04
2.75282 6.299165e-04 1.543571e-04
2.75414 7.663927e-04 1.532129e-04
2.75545 7.140356e-04 1.533712e-04
2.75677 8.076438e-04 1.541114e-04
2.75809 6.829246e-04 1.563343e-04
2.7594 5.787518e-04 1.537807e-04
2.76072 6.716543e-04 1.547095e-04
2.76203 7.242548e-04 1.553401e-04
2.76335 5.484843e-04 1.560196e-04
2.76466 7.449245e-04 1.573213e-04
2.76598 5.580835e-04 1.548124e-04
2.76729 5.829478e-04 1.553578e-04
2.76861 6.421543e-04 1.563735e-04
2.76992 6.270708e-04 1.558504e-04
2.77124 5.839552e-04 1.588265e-04
2.77255 9.531318e-04 1.553360e-04
2.77387 7.291416e-04 1.573900e-04
2.77519 7.032958e-04 1.567471e-04
2.7765 4.474020e-04 1.573188e-04
2.77782 8.864589e-04 1.586713e-04
2.77913 8.913091e-04 1.572361e-04
2.78045 5.268788e-04 1.577913e-04
2.78176 5.135912e-04 1.583101e-04
2.78308 6.738364e-04 1.591805e-04
2.78439 7.392607e-04 1.605062e-04
2.78571 7.303752e-04 1.580959e-04
2.78702 6.921467e-04 1.591840e-04
2.78834 6.227881e-04 1.594572e-04
2.78965 5.549348e-04 1.599387e-04
2.79097 7.781891e-04 1.608910e-04
2.79228 9.724567e-04 1.591370e-04
2.7936 6.983268e-04 1.607083e-04
2.79492 4.200499e-04 1.606173e-04
2.79623 6.456861e-04 1.602268e-04
2.79755 7.630401e-04 1.634928e-04
2.79886 5.048966e-04 1.592489e-04
2.80018 9.177749e-04 1.622601e-04
2.80149 6.082633e-04 1.625860e-04
2.80281 8.252354e-04 1.611351e-04
2.80412 6.737812e-04 1.641803e-04
2.80544 7.383402e-04 1.614027e-04
2.80676 7.406713e-04 1.631203e-04
2.80807 1.055089e-03 1.630524e-04
2.80939 7.272758e-04 1.630527e-04
2.8107 5.464900e-04 1.644547e-04
2.81202 6.309306e-04 1.615735e-04
2.81333 5.917999e-04 1.634537e-04
2.81465 5.653400e-04 1.654194e-04
2.81596 8.116593e-04 1.630426e-04
2.81728 6.270396e-04 1.655038e-04
2.81859 8.714264e-04 1.636264e-04
2.81991 5.949324e-04 1.644087e-04
2.82122 5.984151e-04 1.676789e-04
2.82254 9.207863e-04 1.643920e-04
2.82386 8.637366e-04 1.665144e-04
2.82517 6.499683e-04 1.654919e-04
2.82649 6.495431e-04 1.665873e-04
2.8278 6.877492e-04 1.683750e-04
2.82912 6.283197e-04 1.651936e-04
2.83043 3.552800e-04 1.689316e-04
2.83175 6.424398e-04 1.655211e-04
2.83306 8.317909e-04 1.676858e-04
2.83438 5.409159e-04 1.686927e-04
2.83569 6.752144e-04 1.665812e-04
2.83701 8.291068e-04 1.691753e-04
2.83832 8.018192e-04 1.676087e-04
2.83964 3.313527e-04 1.682082e-04
2.84096 3.816732e-04 1.704254e-04
2.84227 9.065616e-04 1.688328e-04
2.84359 9.537041e-04 1.699576e-04
2.8449 6.005622e-04 1.691854e-04
2.84622 5.291933e-04 1.695441e-04
2.84753 4.068123e-04 1.718593e-04
2.84885 5.273849e-04 1.687004e-04
2.85016 7.015343e-04 1.716341e-04
2.85148 8.168019e-04 1.712091e-04
2.85279 5.254238e-04 1.703732e-04
2.85411 4.012111e-04 1.728695e-04
2.85542 5.909876e-04 1.703888e-04
2.85674 9.149539e-04 1.727826e-04
2.85805 7.583985e-04 1.723603e-04
2.85937 7.235509e-04 1.722065e-04
2.86069 8.637498e-04 1.734377e-04
2.862 5.196277e-04 1.707536e-04
2.86332 2.307017e-04 1.748508e-04
2.86463 4.920337e-04 1.735402e-04
2.86595 4.939158e-04 1.724286e-04
2.86726 7.068412e-04 1.749521e-04
2.86858 5.981930e-04 1.733435e-04
2.86989 8.016930e-04 1.739423e-04
2.87121 5.894409e-04 1.763069e-04
2.87253 4.508879e-04 1.738940e-04
2.87384 5.542576e-04 1.763744e-04
2.87516 6.825281e-04 1.744922e-04
2.87647 7.843393e-04 1.754494e-04
2.87779 9.473959e-04 1.775778e-04
2.8791 8.231083e-04 1.740820e-04
2.88042 8.115538e-04 1.780812e-04
2.88173 4.788690e-04 1.753023e-04
2.88305 3.852224e-04 1.777667e-04
2.88436 8.686603e-04 1.800091e-04
2.88568 8.168895e-04 1.757099e-04
2.88699 8.741631e-04 1.794023e-04
2.88831 4.930472e-04 1.805435e-04
2.88963 4.893801e-04 1.788893e-04
2.89094 4.948994e-04 1.805920e-04
2.89226 5.369602e-04 1.771140e-04
2.89357 7.954780e-04 1.802698e-04
2.89489 7.214574e-04 1.786184e-04
2.8962 5.407750e-04 1.800278e-04
2.89752 7.119077e-04 1.815540e-04
2.89883 8.866846e-04 1.788505e-04
2.90015 7.783091e-04 1.820832e-04
2.90146 9.606759e-04 1.816722e-04
2.90278 1.059534e-03 1.794401e-04
2.90409 8.265839e-04 1.833411e-04
2.90541 9.072713e-04 1.803858e-04
2.90672 5.853651e-04 1.822080e-04
2.90804 4.398333e-04 1.815425e-04
2.90936 7.500677e-04 1.826284e-04
2.91067 5.336057e-04 1.847629e-04
2.91199 6.683886e-04 1.807448e-04
2.9133 4.701153e-04 1.853710e-04
2.91462 4.864534e-04 1.839894e-04
2.91593 3.937799e-04 1.824961e-04
2.91725 7.884596e-04 1.864851e-04
2.91856 6.727987e-04 1.828184e-04
2.91988 3.864488e-04 1.856888e-04
2.92119 6.289257e-04 1.870999e-04
2.92251 6.870489e-04 1.843686e-04
2.92382 4.519625e-04 1.860289e-04
2.92514 7.998732e-04 1.851513e-04
2.92646 8.302708e-04 1.864214e-04
2.92777 7.368396e-04 1.874545e-04
2.92909 6.957608e-04 1.837920e-04
2.9304 7.855044e-04 1.864773e-04
2.93172 6.405689e-04 1.849240e-04
2.93303 4.078172e-04 1.867346e-04
2.93435 5.984862e-04 1.885460e-04
2.93566 9.175645e-04 1.839926e-04
2.93698 8.232671e-04 1.890004e-04
2.9383 5.677726e-04 1.854060e-04
2.93961 8.776929e-04 1.859205e-04
2.94093 9.242813e-04 1.897746e-04
2.94224 7.803173e-04 1.841430e-04
2.94356 6.560273e-04 1.879926e-04
2.94487 6.773465e-04 1.852819e-04
2.94619 5.724462e-04 1.870371e-04
2.9475 5.565264e-04 1.883073e-04
2.94882 8.946067e-04 1.859692e-04
2.95013 6.476617e-04 1.873287e-04
2.95145 8.761024e-04 1.865756e-04
2.95276 5.343296e-04 1.866687e-04
2.95408 2.871999e-04 1.894450e-04
2.9554 6.630108e-04 1.856982e-04
2.95671 5.333426e-04 1.873155e-04
2.95803 4.484766e-04 1.886090e-04
2.95934 6.521675e-04 1.880691e-04
2.96066 8.100589e-04 1.905984e-04
2.96197 6.312662e-04 1.862160e-04
2.96329 4.760104e-04 1.907208e-04
2.9646 7.529811e-04 1.903968e-04
2.96592 4.678329e-04 1.886331e-04
2.96723 8.020697e-04 1.944167e-04
2.96855 8.255973e-04 1.877301e-04
2.96986 3.728614e-04 1.912097e-04
2.97118 7.933133e-04 1.909767e-04
2.97249 8.191292e-04 1.905557e-04
2.97381 6.369936e-04 1.932659e-04
2.97513 6.814371e-04 1.906138e-04
2.97644 7.598762e-04 1.930291e-04
2.97776 8.843271e-04 1.933659e-04
2.97907 6.564621e-04 1.916210e-04
2.98039 7.015540e-04 1.959891e-04
2.9817 8.100402e-04 1.926125e-04
2.98302 7.325631e-04 1.935619e-04
2.98433 5.898165e-04 1.974003e-04
2.98565 3.963441e-04 1.911827e-04
2.98696 5.005150e-04 1.962310e-04
2.98828 9.720208e-04 1.945759e-04
2.9896 9.069232e-04 1.948740e-04
2.99091 4.346260e-04 1.990680e-04
2.99223 1.660854e-04 1.933012e-04
2.99354 5.237407e-04 1.988849e-04
2.99486 7.261907e-04 1.948689e-04
2.99617 1.046961e-03 1.980692e-04
2.99749 2.848363e-04 1.997213e-04
2.9988 3.098143e-04 1.954547e-04
3.00012 8.357755e-04 2.007264e-04
3.00143 4.888762e-04 1.974790e-04
3.00275 1.391104e-04 1.999207e-04
3.00407 5.228699e-04 2.009049e-04
3.00538 9.965909e-04 1.979034e-04
3.0067 6.781675e-04 2.013380e-04
3.00801 8.502734e-04 2.005002e-04
3.00933 7.679001e-04 2.004627e-04
3.01064 5.911882e-04 2.031064e-04
3.01196 6.803604e-04 1.997111e-04
3.01327 6.226021e-04 2.027433e-04
3.01459 7.045204e-04 2.024283e-04
3.0159 6.599048e-04 2.018178e-04
3.01722 4.585279e-04 2.073938e-04
3.01853 6.127073e-04 2.000804e-04
3.01985 7.666715e-04 2.058499e-04
3.02116 4.506684e-04 2.048717e-04
3.02248 5.133070e-04 2.025152e-04
3.0238 6.713482e-04 2.071593e-04
3.02511 7.761136e-04 2.026801e-04
3.02643 6.968008e-04 2.074112e-04
3.02774 6.860022e-04 2.057764e-04
3.02906 7.567480e-04 2.052120e-04
3.03037 6.670872e-04 2.080410e-04
3.03169 4.077670e-04 2.048004e-04
3.033 5.406175e-04 2.090098e-04
3.03432 5.192401e-04 2.081373e-04
3.03563 8.269601e-04 2.075761e-04
3.03695 8.901520e-04 2.095637e-04
3.03826 7.663186e-04 2.076977e-04
3.03958 5.182206e-04 2.091011e-04
3.0409 4.702847e-04 2.138212e-04
3.04221 7.534446e-04 2.057662e-04
3.04353 4.653716e-04 2.128834e-04
3.04484 6.209536e-04 2.096408e-04
3.04616 4.495644e-04 2.116382e-04
3.04747 4.513771e-04 2.147397e-04
3.04879 6.808826e-04 2.084416e-04
3.0501 7.183838e-04 2.152609e-04
3.05142 8.563557e-04 2.106933e-04
3.05273 8.086692e-04 2.152469e-04
3.05405 5.275569e-04 2.172580e-04
3.05537 3.671606e-04 2.097603e-04
3.05668 9.523178e-04 2.177011e-04
3.058 5.182282e-04 2.139826e-04
3.05931 1.611659e-04 2.147397e-04
3.06063 9.551505e-04 2.203574e-04
3.06194 4.527011e-04 2.126875e-04
3.06326 6.318704e-04 2.176654e-04
3.06457 2.550418e-04 2.159624e-04
3.06589 6.225839e-04 2.176391e-04
3.0672 6.757139e-04 2.205481e-04
3.06852 5.947997e-04 2.154182e-04
3.06984 6.397923e-04 2.220471e-04
3.07115 5.272497e-04 2.180462e-04
3.07247 6.130178e-04 2.205687e-04
3.07378 4.804943e-04 2.228936e-04
3.0751 6.541396e-04 2.181937e-04
3.07641 8.174878e-04 2.219079e-04
3.07773 3.461628e-04 2.214744e-04
3.07904 6.824141e-04 2.219249e-04
3.08036 7.036403e-04 2.257040e-04
3.08167 5.117678e-04 2.183325e-04
3.08299 5.142302e-04 2.242838e-04
3.0843 3.809324e-04 2.244915e-04
3.08562 6.795724e-04 2.223864e-04
3.08693 6.382867e-04 2.279026e-04
3.08825 8.564597e-04 2.225247e-04
3.08957 4.430206e-04 2.267472e-04
3.09088 1.212682e-03 2.274501e-04
3.0922 8.713691e-04 2.239783e-04
3.09351 6.730976e-04 2.311185e-04
3.09483 4.328682e-04 2.247994e-04
3.09614 2.166496e-04 2.288325e-04
3.09746 1.548757e-04 2.310414e-04
3.09877 9.225232e-04 2.264095e-04
3.10009 6.405982e-04 2.324477e-04
3.1014 1.000590e-03 2.272655e-04
3.10272 2.473678e-04 2.319342e-04
3.10404 8.256294e-04 2.353403e-04
3.10535 5.534290e-04 2.255323e-04
3.10667 6.389636e-04 2.353859e-04
3.10798 7.875426e-04 2.305828e-04
3.1093 2.498622e-04 2.323055e-04
3.11061 2.091721e-04 2.391679e-04
3.11193 6.711432e-04 2.290105e-04
3.11324 4.481471e-04 2.363764e-04
3.11456 4.039157e-04 2.330228e-04
3.11587 5.557177e-04 2.375393e-04
3.11719 3.294541e-05 2.405049e-04
3.1185 6.466226e-04 2.317464e-04
3.11982 7.457302e-04 2.411411e-04
3.12113 4.413378e-04 2.359733e-04
3.12245 4.484682e-04 2.379452e-04
3.12377 5.328613e-04 2.428519e-04
3.12508 5.140743e-04 2.353287e-04
3.1264 4.762507e-04 2.427029e-04
3.12771 1.920459e-04 2.398619e-04
3.12903 2.099125e-04 2.413737e-04
3.13034 4.341031e-04 2.449483e-04
3.13166 5.559093e-04 2.381040e-04
3.13297 5.554356e-04 2.457426e-04
3.13429 6.738934e-04 2.430031e-04
3.1356 9.240858e-04 2.439210e-04
3.13692 1.077982e-04 2.504817e-04
3.13824 4.604163e-04 2.396653e-04
3.13955 5.017914e-04 2.491565e-04
3.14087 4.656137e-04 2.463770e-04
3.14218 5.450844e-04 2.454325e-04
3.1435 4.021666e-04 2.524282e-04
3.14481 4.661928e-04 2.445606e-04
3.14613 7.087987e-04 2.496284e-04
3.14744 7.719732e-04 2.512694e-04
3.14876 8.258214e-04 2.482956e-04
3.15007 7.081841e-04 2.557817e-04
3.15139 2.608824e-04 2.477184e-04
3.15271 6.940947e-04 2.543106e-04
3.15402 6.753063e-04 2.532495e-04
3.15534 4.027336e-04 2.510027e-04
3.15665 8.075500e-04 2.589065e-04
3.15797 5.421931e-04 2.494844e-04
3.15928 4.946377e-04 2.562922e-04
3.1606 2.877354e-04 2.606342e-04
3.16191 6.753292e-04 2.513902e-04
3.16323 3.060486e-04 2.620974e-04
3.16454 2.310586e-04 2.532516e-04
3.16586 6.213444e-04 2.615803e-04
3.16717 8.372938e-04 2.646836e-04
3.16849 4.035065e-04 2.540733e-04
3.16981 1.139586e-04 2.653725e-04
3.17112 9.015027e-04 2.585028e-04
3.17244 8.635538e-04 2.651297e-04
3.17375 1.116269e-03 2.715905e-04
3.17507 4.860894e-04 2.559024e-04
3.17638 3.070465e-04 2.695751e-04
3.1777 2.674684e-04 2.609886e-04
3.17901 7.333738e-04 2.674844e-04
3.18033 8.992357e-04 2.723078e-04
3.18164 7.163378e-04 2.615329e-04
3.18296 6.189657e-04 2.727455e-04
3.18427 4.529278e-04 2.666427e-04
3.18559 8.886209e-04 2.698310e-04
3.1869 3.756457e-04 2.790052e-04
3.18822 3.400008e-04 2.639199e-04
3.18954 6.009469e-04 2.764569e-04
3.19085 7.433639e-04 2.734307e-04
3.19217 7.120260e-04 2.746554e-04
3.19348 3.501510e-04 2.823318e-04
3.1948 4.165586e-04 2.688200e-04
3.19611 1.116710e-03 2.808670e-04
3.19743 6.837518e-04 2.767572e-04
3.19874 5.135781e-04 2.767075e-04
3.20006 3.979510e-04 2.841776e-04
3.20138 6.680960e-04 2.734164e-04
3.20269 1.145713e-03 2.840665e-04
3.20401 9.281303e-04 2.798752e-04
3.20532 3.472446e-04 2.812013e-04
3.20664 8.160213e-04 2.913114e-04
3.20795 3.519652e-04 2.738491e-04
3.20927 7.265119e-04 2.903592e-04
3.21058 5.211226e-04 2.836871e-04
3.2119 1.035741e-03 2.835929e-04
3.21321 6.948841e-04 2.930479e-04
3.21453 7.603900e-04 2.820488e-04
3.21584 6.819571e-04 2.940868e-04
3.21716 1.449680e-03 2.921242e-04
3.21848 5.583503e-04 2.890700e-04
3.21979 5.723903e-04 2.999927e-04
3.22111 7.605074e-04 2.848046e-04
3.22242 6.335600e-04 2.989811e-04
3.22374 6.943256e-04 2.966877e-04
3.22505 6.769554e-04 2.918463e-04
3.22637 7.561109e-04 3.034618e-04
3.22768 6.219331e-04 2.920333e-04
3.229 7.013384e-04 3.024863e-04
3.23031 3.997253e-04 3.084954e-04
3.23163 2.567468e-04 2.924018e-04
3.23294 7.455752e-04 3.085544e-04
3.23426 4.347811e-04 2.979320e-04
3.23557 5.440664e-04 3.094942e-04
3.23689 3.726607e-06 3.097418e-04
3.23821 8.499708e-04 3.007631e-04
3.23952 1.034170e-03 3.126013e-04
3.24084 8.005235e-04 3.021815e-04
3.24215 3.877190e-04 3.124973e-04
3.24347 3.820942e-04 3.195401e-04
3.24478 4.717450e-04 3.046546e-04
3.2461 3.658522e-04 3.178206e-04
3.24741 5.685714e-04 3.127369e-04
3.24873 7.073461e-04 3.158885e-04
3.25004 5.892997e-04 3.218395e-04
3.25136 3.962812e-04 3.146990e-04
3.25267 8.986374e-04 3.231281e-04
3.25399 6.215576e-04 3.215248e-04
3.25531 7.128376e-04 3.213251e-04
3.25662 7.022527e-04 3.283290e-04
3.25794 3.188618e-04 3.220297e-04
3.25925 8.614576e-04 3.308443e-04
3.26057 5.208651e-04 3.275618e-04
3.26188 -4.570141e-05 3.277538e-04
3.2632 3.039873e-04 3.331068e-04
3.26451 6.260627e-04 3.280848e-04
3.26583 2.245545e-04 3.347397e-04
3.26715 1.474864e-04 3.373176e-04
3.26846 1.019020e-04 3.317499e-04
3.26977 3.369094e-04 3.411606e-04
3.27109 2.149890e-04 3.325558e-04
3.27241 5.034880e-04 3.411154e-04
3.27372 7.537093e-04 3.454679e-04
3.27504 1.055255e-04 3.368110e-04
3.27635 4.279124e-04 3.453363e-04
3.27767 8.988780e-04 3.467126e-04
3.27898 3.600012e-04 3.453512e-04
3.2803 5.953420e-04 3.538034e-04
3.28161 9.595915e-04 3.472902e-04
3.28293 1.711945e-04 3.558106e-04
3.28425 1.624287e-04 3.551878e-04
3.28556 1.168477e-03 3.523060e-04
3.28688 6.368666e-04 3.612159e-04
3.28819 6.459424e-04 3.570223e-04
3.28951 3.259648e-04 3.625328e-04
3.29082 8.820506e-05 3.662046e-04
3.29214 7.183765e-04 3.628638e-04
3.29345 3.216004e-04 3.687700e-04
3.29477 1.006103e-03 3.687409e-04
3.29608 6.922740e-04 3.708512e-04
3.2974 4.604110e-04 3.752663e-04
3.29871 -1.197856e-04 3.711468e-04
3.30003 2.925008e-04 3.793126e-04
3.30134 8.835059e-04 3.824129e-04
3.30266 2.367125e-04 3.730034e-04
3.30398 1.640894e-04 3.815550e-04
3.30529 1.131170e-03 3.873944e-04
3.30661 6.982867e-04 3.817776e-04
3.30792 3.968750e-04 3.943985e-04
3.30924 5.904232e-04 3.903324e-04
3.31055 1.128029e-03 3.982797e-04
3.31187 3.082889e-04 3.968992e-04
3.31318 1.260418e-03 3.970779e-04
3.3145 -1.037824e-06 4.021016e-04
3.31581 4.637282e-04 4.038320e-04
3.31713 3.728280e-04 3.985868e-04
3.31844 1.171159e-03 4.137322e-04
3.31976 4.193357e-04 4.084160e-04
3.32108 2.873105e-04 4.135743e-04
3.32239 1.131084e-03 4.164500e-04
3.32371 8.444720e-04 4.210027e-04
3.32502 7.583688e-04 4.197729e-04
3.32634 3.627775e-04 4.294868e-04
3.32765 1.415537e-04 4.207600e-04
3.32897 7.209648e-04 4.361364e-04
3.33028 -3.225598e-04 4.356576e-04
3.3316 2.579604e-04 4.340258e-04
3.33292 3.480811e-05 4.415986e-04
3.33423 7.332376e-04 4.439399e-04
3.33554 4.593849e-04 4.474239e-04
3.33686 9.648203e-04 4.532165e-04
3.33818 1.719357e-03 4.528957e-04
3.33949 3.813132e-04 4.568656e-04
3.34081 -7.683388e-04 4.630123e-04
3.34212 2.557833e-04 4.594918e-04
3.34344 6.150610e-04 4.667985e-04
3.34475 1.481078e-03 4.773705e-04
3.34607 9.316702e-04 4.726665e-04
3.34738 7.019537e-04 4.832366e-04
3.3487 -5.509242e-04 4.825844e-04
3.35001 9.530944e-05 4.837607e-04
3.35133 4.331944e-04 4.975429e-04
3.35265 5.258381e-04 4.902187e-04
3.35396 4.774182e-04 4.973060e-04
3.35528 -5.117325e-04 5.085036e-04
3.35659 2.653774e-04 5.050143e-04
3.35791 1.240545e-04 5.139533e-04
3.35922 8.623100e-04 5.241899e-04
3.36054 1.695666e-03 5.275759e-04
3.36185 6.795622e-06 5.353647e-04
3.36317 8.224451e-04 5.408503e-04
3.36448 1.412066e-03 5.402771e-04
3.3658 6.111984e-05 5.507658e-04
3.36712 -9.876470e-05 5.521717e-04
3.36843 5.571485e-04 5.651110e-04
3.36975 -9.665409e-04 5.686528e-04
3.37106 6.823831e-05 5.747087e-04
3.37238 9.435006e-04 5.780075e-04
3.37369 1.374433e-04 5.966829e-04
3.37501 1.417946e-03 5.944863e-04
3.37632 1.637082e-04 6.048493e-04
3.37764 7.997048e-04 6.206497e-04
3.37895 1.054057e-03 6.260566e-04
3.38027 6.939330e-04 6.175075e-04
3.38158 4.048730e-04 6.399600e-04
3.3829 1.247764e-03 6.449020e-04
3.38421 -4.783194e-05 6.623160e-04
3.38553 1.256313e-03 6.771670e-04
3.38685 -1.849322e-04 6.724934e-04
3.38816 -3.709514e-04 6.976985e-04
3.38948 2.159224e-04 7.116060e-04
3.39079 1.076357e-03 7.132351e-04
3.39211 1.072256e-04 7.430287e-04
3.39342 1.852831e-03 7.523002e-04
3.39474 9.636139e-04 7.443450e-04
3.39605 1.376308e-03 7.788950e-04
3.39737 -2.514646e-04 7.955931e-04
3.39869 5.047542e-05 8.231701e-04
3.4 -9.639250e-05 8.358605e-04
