  0.107266E+00  0.215280E+02  0.236857E+01
  0.109549E+00  0.231410E+02  0.187586E+01
  0.111833E+00  0.210390E+02  0.161018E+01
  0.114117E+00  0.191980E+02  0.139029E+01
  0.116401E+00  0.197760E+02  0.127165E+01
  0.118685E+00  0.207930E+02  0.117026E+01
  0.120969E+00  0.183990E+02  0.106910E+01
  0.123252E+00  0.201270E+02  0.965621E+00
  0.125536E+00  0.200990E+02  0.900696E+00
  0.127820E+00  0.196820E+02  0.842060E+00
  0.130104E+00  0.202550E+02  0.808678E+00
  0.132388E+00  0.204620E+02  0.750126E+00
  0.134672E+00  0.201900E+02  0.697774E+00
  0.136955E+00  0.200460E+02  0.672439E+00
  0.139239E+00  0.205950E+02  0.640809E+00
  0.141523E+00  0.197300E+02  0.603676E+00
  0.143807E+00  0.188450E+02  0.567110E+00
  0.146091E+00  0.198230E+02  0.548857E+00
  0.148375E+00  0.190270E+02  0.530871E+00
  0.150658E+00  0.180030E+02  0.499251E+00
  0.152942E+00  0.183400E+02  0.488970E+00
  0.155226E+00  0.189490E+02  0.451469E+00
  0.157510E+00  0.178290E+02  0.447958E+00
  0.159794E+00  0.184180E+02  0.429840E+00
  0.162077E+00  0.189940E+02  0.400945E+00
  0.164361E+00  0.183370E+02  0.384176E+00
  0.166645E+00  0.183870E+02  0.357817E+00
  0.168929E+00  0.182650E+02  0.352929E+00
  0.171213E+00  0.184520E+02  0.333446E+00
  0.173497E+00  0.181150E+02  0.317755E+00
  0.175780E+00  0.177370E+02  0.306665E+00
  0.178064E+00  0.178230E+02  0.292609E+00
  0.180348E+00  0.179300E+02  0.280434E+00
  0.182632E+00  0.177960E+02  0.266917E+00
  0.184916E+00  0.179690E+02  0.267799E+00
  0.187200E+00  0.176429E+02  0.252224E+00
  0.189483E+00  0.174013E+02  0.243841E+00
  0.191767E+00  0.176040E+02  0.238213E+00
  0.194051E+00  0.171973E+02  0.225431E+00
  0.196335E+00  0.171289E+02  0.228542E+00
  0.198619E+00  0.172352E+02  0.212672E+00
  0.200903E+00  0.170016E+02  0.208712E+00
  0.203186E+00  0.176550E+02  0.202349E+00
  0.205470E+00  0.174728E+02  0.196975E+00
  0.207754E+00  0.173476E+02  0.197006E+00
  0.210038E+00  0.171215E+02  0.184902E+00
  0.212322E+00  0.171417E+02  0.184178E+00
  0.214606E+00  0.171930E+02  0.171165E+00
  0.216889E+00  0.168974E+02  0.163673E+00
  0.219173E+00  0.172526E+02  0.161842E+00
  0.221457E+00  0.171969E+02  0.150031E+00
  0.223741E+00  0.170093E+02  0.150836E+00
  0.226025E+00  0.165163E+02  0.142855E+00
  0.228309E+00  0.164094E+02  0.139188E+00
  0.230592E+00  0.161887E+02  0.136032E+00
  0.232876E+00  0.162376E+02  0.126507E+00
  0.235160E+00  0.162007E+02  0.125556E+00
  0.237444E+00  0.161891E+02  0.118551E+00
  0.239728E+00  0.160011E+02  0.116166E+00
  0.242012E+00  0.159961E+02  0.112871E+00
  0.244295E+00  0.158241E+02  0.110640E+00
  0.246579E+00  0.162144E+02  0.110158E+00
  0.248863E+00  0.161638E+02  0.106450E+00
  0.251147E+00  0.159140E+02  0.105695E+00
  0.253431E+00  0.157059E+02  0.103267E+00
  0.255715E+00  0.154952E+02  0.101511E+00
  0.257998E+00  0.154364E+02  0.101093E+00
  0.260282E+00  0.153396E+02  0.980402E-01
  0.262566E+00  0.151568E+02  0.985445E-01
  0.264850E+00  0.151381E+02  0.954537E-01
  0.267134E+00  0.152241E+02  0.947269E-01
  0.269418E+00  0.150037E+02  0.938663E-01
  0.271701E+00  0.149551E+02  0.920580E-01
  0.273985E+00  0.152130E+02  0.925181E-01
  0.276269E+00  0.149270E+02  0.890869E-01
  0.278553E+00  0.148058E+02  0.893631E-01
  0.280837E+00  0.148626E+02  0.886529E-01
  0.283121E+00  0.148583E+02  0.874295E-01
  0.285404E+00  0.148345E+02  0.875875E-01
  0.287688E+00  0.146173E+02  0.843539E-01
  0.289972E+00  0.146257E+02  0.851742E-01
  0.292256E+00  0.143687E+02  0.837112E-01
  0.294540E+00  0.142921E+02  0.827976E-01
  0.296824E+00  0.144648E+02  0.822432E-01
  0.299107E+00  0.141794E+02  0.800147E-01
  0.301391E+00  0.140287E+02  0.811577E-01
  0.303675E+00  0.139770E+02  0.792396E-01
  0.305959E+00  0.138563E+02  0.790083E-01
  0.308243E+00  0.138627E+02  0.782994E-01
  0.310527E+00  0.137094E+02  0.773651E-01
  0.312810E+00  0.138600E+02  0.772611E-01
  0.315094E+00  0.138302E+02  0.757853E-01
  0.317378E+00  0.136343E+02  0.755595E-01
  0.319662E+00  0.134060E+02  0.745106E-01
  0.321946E+00  0.134226E+02  0.739970E-01
  0.324230E+00  0.132392E+02  0.737201E-01
  0.326513E+00  0.133411E+02  0.724666E-01
  0.328797E+00  0.131721E+02  0.725854E-01
  0.331081E+00  0.132431E+02  0.714829E-01
  0.333365E+00  0.130772E+02  0.713527E-01
  0.335649E+00  0.129870E+02  0.701171E-01
  0.337933E+00  0.130860E+02  0.700130E-01
  0.340216E+00  0.130037E+02  0.698076E-01
  0.342500E+00  0.128780E+02  0.687193E-01
  0.344784E+00  0.128877E+02  0.688771E-01
  0.347068E+00  0.128784E+02  0.677480E-01
  0.349352E+00  0.126683E+02  0.673266E-01
  0.351636E+00  0.125080E+02  0.664947E-01
  0.353919E+00  0.124089E+02  0.655796E-01
  0.356203E+00  0.123460E+02  0.658977E-01
  0.358487E+00  0.122657E+02  0.651475E-01
  0.360771E+00  0.122185E+02  0.649284E-01
  0.363055E+00  0.122034E+02  0.642484E-01
  0.365339E+00  0.121979E+02  0.636273E-01
  0.367622E+00  0.121104E+02  0.636570E-01
  0.369906E+00  0.120939E+02  0.627150E-01
  0.372190E+00  0.119673E+02  0.632307E-01
  0.374474E+00  0.120019E+02  0.618305E-01
  0.376758E+00  0.119249E+02  0.617024E-01
  0.379042E+00  0.118000E+02  0.623296E-01
  0.381325E+00  0.117164E+02  0.605702E-01
  0.383609E+00  0.114849E+02  0.608651E-01
  0.385893E+00  0.114518E+02  0.599390E-01
  0.388177E+00  0.115298E+02  0.600791E-01
  0.390461E+00  0.113954E+02  0.598927E-01
  0.392744E+00  0.113008E+02  0.586962E-01
  0.395028E+00  0.111480E+02  0.593178E-01
  0.397312E+00  0.111430E+02  0.583525E-01
  0.399596E+00  0.110467E+02  0.587317E-01
  0.401880E+00  0.110620E+02  0.578298E-01
  0.404164E+00  0.109731E+02  0.571436E-01
  0.406447E+00  0.109754E+02  0.575502E-01
  0.408731E+00  0.109084E+02  0.564811E-01
  0.411015E+00  0.108056E+02  0.570222E-01
  0.413299E+00  0.107479E+02  0.560555E-01
  0.415583E+00  0.106371E+02  0.559955E-01
  0.417867E+00  0.105874E+02  0.561384E-01
  0.420150E+00  0.105254E+02  0.549524E-01
  0.422434E+00  0.104174E+02  0.555128E-01
  0.424718E+00  0.104036E+02  0.544579E-01
  0.427002E+00  0.103108E+02  0.549047E-01
  0.429286E+00  0.102420E+02  0.543326E-01
  0.431570E+00  0.101513E+02  0.535420E-01
  0.433853E+00  0.994390E+01  0.540384E-01
  0.436137E+00  0.988070E+01  0.532475E-01
  0.438421E+00  0.995760E+01  0.534286E-01
  0.440705E+00  0.982720E+01  0.527679E-01
  0.442989E+00  0.977510E+01  0.523900E-01
  0.445273E+00  0.979040E+01  0.527627E-01
  0.447556E+00  0.978000E+01  0.520767E-01
  0.449840E+00  0.969510E+01  0.522757E-01
  0.452124E+00  0.967000E+01  0.515390E-01
  0.454408E+00  0.941720E+01  0.512779E-01
  0.456692E+00  0.937450E+01  0.514727E-01
  0.458976E+00  0.933070E+01  0.505659E-01
  0.461259E+00  0.943610E+01  0.508951E-01
  0.463543E+00  0.931810E+01  0.501914E-01
  0.465827E+00  0.921020E+01  0.505423E-01
  0.468111E+00  0.927160E+01  0.501919E-01
  0.470395E+00  0.924590E+01  0.496457E-01
  0.472679E+00  0.902840E+01  0.498802E-01
  0.474962E+00  0.897700E+01  0.493456E-01
  0.477246E+00  0.900720E+01  0.495757E-01
  0.479530E+00  0.894320E+01  0.491699E-01
  0.481814E+00  0.879890E+01  0.490822E-01
  0.484098E+00  0.887770E+01  0.501977E-01
  0.486382E+00  0.877010E+01  0.496847E-01
  0.488665E+00  0.857600E+01  0.499267E-01
  0.490949E+00  0.851440E+01  0.494232E-01
  0.493233E+00  0.851570E+01  0.496324E-01
  0.495517E+00  0.849570E+01  0.497928E-01
  0.497801E+00  0.849260E+01  0.497342E-01
  0.500085E+00  0.843500E+01  0.498279E-01
  0.502368E+00  0.830420E+01  0.493041E-01
  0.504652E+00  0.827030E+01  0.495767E-01
  0.506936E+00  0.820400E+01  0.492775E-01
  0.509220E+00  0.816510E+01  0.493176E-01
  0.511504E+00  0.812150E+01  0.495114E-01
  0.513788E+00  0.804110E+01  0.490159E-01
  0.516071E+00  0.796800E+01  0.491948E-01
  0.518355E+00  0.783800E+01  0.488364E-01
  0.520639E+00  0.795030E+01  0.487761E-01
  0.522923E+00  0.792490E+01  0.489763E-01
  0.525207E+00  0.787150E+01  0.486461E-01
  0.527491E+00  0.780820E+01  0.489494E-01
  0.529774E+00  0.776770E+01  0.481694E-01
  0.532058E+00  0.767370E+01  0.486200E-01
  0.534342E+00  0.756630E+01  0.483728E-01
  0.536626E+00  0.745540E+01  0.481250E-01
  0.538910E+00  0.740460E+01  0.482239E-01
  0.541194E+00  0.742350E+01  0.480018E-01
  0.543477E+00  0.730360E+01  0.483917E-01
  0.545761E+00  0.730230E+01  0.478210E-01
  0.548045E+00  0.730970E+01  0.478063E-01
  0.550329E+00  0.724950E+01  0.476109E-01
  0.552613E+00  0.705780E+01  0.473187E-01
  0.554897E+00  0.716900E+01  0.478909E-01
  0.557180E+00  0.696560E+01  0.472249E-01
  0.559464E+00  0.703130E+01  0.474140E-01
  0.561748E+00  0.690520E+01  0.470870E-01
  0.564032E+00  0.684760E+01  0.472841E-01
  0.566316E+00  0.682160E+01  0.474550E-01
  0.568600E+00  0.686120E+01  0.468566E-01
  0.570883E+00  0.686000E+01  0.473042E-01
  0.573167E+00  0.678740E+01  0.466051E-01
  0.575451E+00  0.675930E+01  0.468276E-01
  0.577735E+00  0.663300E+01  0.468044E-01
  0.580019E+00  0.659100E+01  0.461406E-01
  0.582303E+00  0.657600E+01  0.471395E-01
  0.584586E+00  0.651790E+01  0.464678E-01
  0.586870E+00  0.646700E+01  0.465800E-01
  0.589154E+00  0.643490E+01  0.461389E-01
  0.591438E+00  0.629570E+01  0.460243E-01
  0.593722E+00  0.643910E+01  0.465360E-01
  0.596006E+00  0.639560E+01  0.459019E-01
  0.598289E+00  0.628620E+01  0.462746E-01
  0.600573E+00  0.625910E+01  0.456659E-01
  0.602857E+00  0.626140E+01  0.460152E-01
  0.605141E+00  0.607280E+01  0.460380E-01
  0.607425E+00  0.606210E+01  0.451913E-01
  0.609709E+00  0.614880E+01  0.458968E-01
  0.611992E+00  0.614690E+01  0.454532E-01
  0.614276E+00  0.602390E+01  0.453467E-01
  0.616560E+00  0.590930E+01  0.457438E-01
  0.618844E+00  0.588600E+01  0.449140E-01
  0.621128E+00  0.584410E+01  0.456147E-01
  0.623412E+00  0.579650E+01  0.450168E-01
  0.625695E+00  0.577040E+01  0.451635E-01
  0.627979E+00  0.572810E+01  0.448887E-01
  0.630263E+00  0.570680E+01  0.449459E-01
  0.632547E+00  0.554980E+01  0.451071E-01
  0.634831E+00  0.560080E+01  0.446612E-01
  0.637114E+00  0.569770E+01  0.448628E-01
  0.639398E+00  0.567950E+01  0.449034E-01
  0.641682E+00  0.558520E+01  0.445892E-01
  0.643966E+00  0.550580E+01  0.449461E-01
  0.646250E+00  0.548620E+01  0.440421E-01
  0.648534E+00  0.554220E+01  0.447649E-01
  0.650817E+00  0.544440E+01  0.443743E-01
  0.653101E+00  0.538330E+01  0.445272E-01
  0.655385E+00  0.538920E+01  0.442761E-01
  0.657669E+00  0.534130E+01  0.439315E-01
  0.659953E+00  0.520670E+01  0.443541E-01
  0.662237E+00  0.522990E+01  0.438643E-01
  0.664520E+00  0.529780E+01  0.440147E-01
  0.666804E+00  0.526300E+01  0.438375E-01
  0.669088E+00  0.525250E+01  0.438517E-01
  0.671372E+00  0.523530E+01  0.439987E-01
  0.673656E+00  0.516790E+01  0.434426E-01
  0.675940E+00  0.502810E+01  0.436831E-01
  0.678223E+00  0.501480E+01  0.438076E-01
  0.680507E+00  0.501940E+01  0.434334E-01
  0.682791E+00  0.498430E+01  0.435667E-01
  0.685075E+00  0.496700E+01  0.429701E-01
  0.687359E+00  0.494790E+01  0.433752E-01
  0.689643E+00  0.487280E+01  0.432201E-01
  0.691926E+00  0.482960E+01  0.432065E-01
  0.694210E+00  0.479010E+01  0.432444E-01
  0.696494E+00  0.482170E+01  0.429060E-01
  0.698778E+00  0.481170E+01  0.431952E-01
  0.701062E+00  0.478240E+01  0.427247E-01
  0.703346E+00  0.474720E+01  0.428350E-01
  0.705629E+00  0.469580E+01  0.429757E-01
  0.707913E+00  0.468770E+01  0.425105E-01
  0.710197E+00  0.457120E+01  0.429676E-01
  0.712481E+00  0.457690E+01  0.423281E-01
  0.714765E+00  0.455180E+01  0.423021E-01
  0.717049E+00  0.444940E+01  0.425730E-01
  0.719332E+00  0.462780E+01  0.423286E-01
  0.721616E+00  0.454010E+01  0.424741E-01
  0.723900E+00  0.450180E+01  0.421254E-01
  0.726184E+00  0.449910E+01  0.423888E-01
  0.728468E+00  0.443070E+01  0.421051E-01
  0.730752E+00  0.438440E+01  0.420759E-01
  0.733035E+00  0.423990E+01  0.419058E-01
  0.735319E+00  0.431840E+01  0.418819E-01
  0.737603E+00  0.430660E+01  0.421506E-01
  0.739887E+00  0.425110E+01  0.415756E-01
  0.742171E+00  0.427810E+01  0.417682E-01
  0.744455E+00  0.414170E+01  0.414083E-01
  0.746738E+00  0.413870E+01  0.416173E-01
  0.749022E+00  0.416500E+01  0.416941E-01
  0.751306E+00  0.412320E+01  0.414902E-01
  0.753590E+00  0.407690E+01  0.414914E-01
  0.755874E+00  0.408530E+01  0.412579E-01
  0.758158E+00  0.411440E+01  0.413125E-01
  0.760441E+00  0.399610E+01  0.411893E-01
  0.762725E+00  0.399910E+01  0.411084E-01
  0.765009E+00  0.397000E+01  0.414174E-01
  0.767293E+00  0.401710E+01  0.409979E-01
  0.769577E+00  0.400100E+01  0.411878E-01
  0.771861E+00  0.379870E+01  0.408590E-01
  0.774144E+00  0.389570E+01  0.408963E-01
  0.776428E+00  0.386970E+01  0.409305E-01
  0.778712E+00  0.390160E+01  0.408754E-01
  0.780996E+00  0.386510E+01  0.407770E-01
  0.783280E+00  0.379020E+01  0.404833E-01
  0.785564E+00  0.384360E+01  0.407737E-01
  0.787847E+00  0.373550E+01  0.406219E-01
  0.790131E+00  0.373360E+01  0.403096E-01
  0.792415E+00  0.377440E+01  0.404536E-01
  0.794699E+00  0.372940E+01  0.403895E-01
  0.796983E+00  0.365560E+01  0.405371E-01
  0.799267E+00  0.370460E+01  0.401829E-01
  0.801550E+00  0.364710E+01  0.400683E-01
  0.803834E+00  0.362930E+01  0.403204E-01
  0.806118E+00  0.358080E+01  0.401376E-01
  0.808402E+00  0.357400E+01  0.403240E-01
  0.810686E+00  0.355070E+01  0.397839E-01
  0.812970E+00  0.357170E+01  0.398798E-01
  0.815253E+00  0.350410E+01  0.400577E-01
  0.817537E+00  0.352310E+01  0.397677E-01
  0.819821E+00  0.358160E+01  0.399230E-01
  0.822105E+00  0.359830E+01  0.396025E-01
  0.824389E+00  0.348800E+01  0.399517E-01
  0.826673E+00  0.338810E+01  0.394790E-01
  0.828956E+00  0.341880E+01  0.394240E-01
  0.831240E+00  0.351560E+01  0.397276E-01
  0.833524E+00  0.344370E+01  0.392808E-01
  0.835808E+00  0.339140E+01  0.397614E-01
  0.838092E+00  0.336350E+01  0.394159E-01
  0.840376E+00  0.332840E+01  0.392184E-01
  0.842659E+00  0.329340E+01  0.396723E-01
  0.844943E+00  0.332400E+01  0.391215E-01
  0.847227E+00  0.327460E+01  0.393506E-01
  0.849511E+00  0.325650E+01  0.389321E-01
  0.851795E+00  0.328290E+01  0.389777E-01
  0.854079E+00  0.325480E+01  0.393424E-01
  0.856362E+00  0.324610E+01  0.389518E-01
  0.858646E+00  0.321180E+01  0.391862E-01
  0.860930E+00  0.324430E+01  0.386916E-01
  0.863214E+00  0.328100E+01  0.390907E-01
  0.865498E+00  0.324450E+01  0.391027E-01
  0.867781E+00  0.318860E+01  0.386934E-01
  0.870065E+00  0.318800E+01  0.387720E-01
  0.872349E+00  0.315080E+01  0.387090E-01
  0.874633E+00  0.314420E+01  0.386403E-01
  0.876917E+00  0.318090E+01  0.386829E-01
  0.879201E+00  0.306630E+01  0.384806E-01
  0.881484E+00  0.311700E+01  0.385499E-01
  0.883768E+00  0.308540E+01  0.385091E-01
  0.886052E+00  0.304270E+01  0.385463E-01
  0.888336E+00  0.303500E+01  0.383299E-01
  0.890620E+00  0.294340E+01  0.383099E-01
  0.892904E+00  0.295600E+01  0.384030E-01
  0.895187E+00  0.289000E+01  0.383110E-01
  0.897471E+00  0.292300E+01  0.382141E-01
  0.899755E+00  0.280510E+01  0.380042E-01
  0.902039E+00  0.288970E+01  0.382063E-01
  0.904323E+00  0.288500E+01  0.380751E-01
  0.906607E+00  0.287000E+01  0.380487E-01
  0.908890E+00  0.277180E+01  0.379260E-01
  0.911174E+00  0.283090E+01  0.378179E-01
  0.913458E+00  0.291850E+01  0.381239E-01
  0.915742E+00  0.278090E+01  0.378455E-01
  0.918026E+00  0.288040E+01  0.376851E-01
  0.920310E+00  0.286030E+01  0.380063E-01
  0.922593E+00  0.281080E+01  0.377369E-01
  0.924877E+00  0.280380E+01  0.377573E-01
  0.927161E+00  0.283130E+01  0.374320E-01
  0.929445E+00  0.280660E+01  0.377318E-01
  0.931729E+00  0.278620E+01  0.376376E-01
  0.934013E+00  0.270910E+01  0.376018E-01
  0.936296E+00  0.277160E+01  0.376112E-01
  0.938580E+00  0.277760E+01  0.372753E-01
  0.940864E+00  0.270270E+01  0.374818E-01
  0.943148E+00  0.273000E+01  0.373290E-01
  0.945432E+00  0.277200E+01  0.373970E-01
  0.947716E+00  0.266580E+01  0.371945E-01
  0.949999E+00  0.264980E+01  0.373286E-01
  0.952283E+00  0.265700E+01  0.372892E-01
  0.954567E+00  0.265820E+01  0.371544E-01
  0.956851E+00  0.262160E+01  0.371900E-01
  0.959135E+00  0.263320E+01  0.371853E-01
  0.961419E+00  0.261310E+01  0.369620E-01
  0.963702E+00  0.253360E+01  0.371294E-01
  0.965986E+00  0.256330E+01  0.366698E-01
  0.968270E+00  0.256960E+01  0.370548E-01
  0.970554E+00  0.253130E+01  0.369610E-01
  0.972838E+00  0.251280E+01  0.368900E-01
  0.975122E+00  0.249510E+01  0.369151E-01
  0.977405E+00  0.252220E+01  0.367188E-01
  0.979689E+00  0.247550E+01  0.370864E-01
  0.981973E+00  0.245530E+01  0.366327E-01
  0.984257E+00  0.243550E+01  0.366760E-01
  0.986541E+00  0.241070E+01  0.366907E-01
  0.988825E+00  0.247540E+01  0.365280E-01
  0.991108E+00  0.244150E+01  0.368236E-01
  0.993392E+00  0.236810E+01  0.364933E-01
  0.995676E+00  0.247810E+01  0.365642E-01
  0.997960E+00  0.246210E+01  0.365552E-01
  0.100024E+01  0.237840E+01  0.363759E-01
  0.100253E+01  0.235730E+01  0.365877E-01
  0.100481E+01  0.237970E+01  0.362757E-01
  0.100710E+01  0.240000E+01  0.364761E-01
  0.100938E+01  0.235730E+01  0.364444E-01
  0.101166E+01  0.240920E+01  0.362351E-01
  0.101395E+01  0.235460E+01  0.362499E-01
  0.101623E+01  0.231520E+01  0.360925E-01
  0.101851E+01  0.228160E+01  0.362947E-01
  0.102080E+01  0.238290E+01  0.362371E-01
  0.102308E+01  0.236360E+01  0.361213E-01
  0.102537E+01  0.229440E+01  0.360372E-01
  0.102765E+01  0.228940E+01  0.361531E-01
  0.102993E+01  0.222800E+01  0.361281E-01
  0.103222E+01  0.225210E+01  0.359674E-01
  0.103450E+01  0.221450E+01  0.359640E-01
  0.103679E+01  0.224600E+01  0.358652E-01
  0.103907E+01  0.225300E+01  0.358995E-01
  0.104135E+01  0.228780E+01  0.359591E-01
  0.104364E+01  0.229250E+01  0.358346E-01
  0.104592E+01  0.216970E+01  0.359517E-01
  0.104820E+01  0.214860E+01  0.357772E-01
  0.105049E+01  0.224740E+01  0.358901E-01
  0.105277E+01  0.218620E+01  0.356534E-01
  0.105506E+01  0.215550E+01  0.355251E-01
  0.105734E+01  0.215830E+01  0.358370E-01
  0.105962E+01  0.221260E+01  0.354150E-01
  0.106191E+01  0.214330E+01  0.357206E-01
  0.106419E+01  0.214760E+01  0.355817E-01
  0.106647E+01  0.216020E+01  0.355064E-01
  0.106876E+01  0.208120E+01  0.355983E-01
  0.107104E+01  0.214320E+01  0.353277E-01
  0.107333E+01  0.210850E+01  0.354590E-01
  0.107561E+01  0.216460E+01  0.354310E-01
  0.107789E+01  0.211170E+01  0.353765E-01
  0.108018E+01  0.207210E+01  0.353773E-01
  0.108246E+01  0.204580E+01  0.350748E-01
  0.108475E+01  0.204080E+01  0.355599E-01
  0.108703E+01  0.209480E+01  0.352171E-01
  0.108931E+01  0.203860E+01  0.353562E-01
  0.109160E+01  0.205050E+01  0.352023E-01
  0.109388E+01  0.201610E+01  0.350973E-01
  0.109616E+01  0.201790E+01  0.353597E-01
  0.109845E+01  0.200650E+01  0.349525E-01
  0.110073E+01  0.201350E+01  0.352221E-01
  0.110302E+01  0.199400E+01  0.349553E-01
  0.110530E+01  0.191490E+01  0.349974E-01
  0.110758E+01  0.197500E+01  0.350813E-01
  0.110987E+01  0.197720E+01  0.347866E-01
  0.111215E+01  0.196940E+01  0.349474E-01
  0.111444E+01  0.196130E+01  0.348989E-01
  0.111672E+01  0.194480E+01  0.349935E-01
  0.111900E+01  0.195270E+01  0.349103E-01
  0.112129E+01  0.196570E+01  0.346352E-01
  0.112357E+01  0.191700E+01  0.348270E-01
  0.112585E+01  0.192790E+01  0.347308E-01
  0.112814E+01  0.199440E+01  0.347316E-01
  0.113042E+01  0.192830E+01  0.347005E-01
  0.113271E+01  0.197460E+01  0.345480E-01
  0.113499E+01  0.194760E+01  0.350119E-01
  0.113727E+01  0.195170E+01  0.345684E-01
  0.113956E+01  0.196440E+01  0.346721E-01
  0.114184E+01  0.187190E+01  0.345946E-01
  0.114413E+01  0.188510E+01  0.346216E-01
  0.114641E+01  0.190980E+01  0.347438E-01
  0.114869E+01  0.185170E+01  0.343546E-01
  0.115098E+01  0.184460E+01  0.343930E-01
  0.115326E+01  0.185760E+01  0.343865E-01
  0.115554E+01  0.181220E+01  0.344370E-01
  0.115783E+01  0.185950E+01  0.345493E-01
  0.116011E+01  0.186920E+01  0.342492E-01
  0.116240E+01  0.185380E+01  0.344227E-01
  0.116468E+01  0.178340E+01  0.342676E-01
  0.116696E+01  0.176600E+01  0.342696E-01
  0.116925E+01  0.172600E+01  0.342261E-01
  0.117153E+01  0.182290E+01  0.342385E-01
  0.117381E+01  0.177250E+01  0.342898E-01
  0.117610E+01  0.185620E+01  0.341433E-01
  0.117838E+01  0.175380E+01  0.341305E-01
  0.118067E+01  0.169400E+01  0.341051E-01
  0.118295E+01  0.170200E+01  0.341827E-01
  0.118523E+01  0.173300E+01  0.340190E-01
  0.118752E+01  0.170310E+01  0.339958E-01
  0.118980E+01  0.167150E+01  0.339698E-01
  0.119209E+01  0.169320E+01  0.339678E-01
  0.119437E+01  0.164390E+01  0.341318E-01
  0.119665E+01  0.168200E+01  0.338201E-01
  0.119894E+01  0.176760E+01  0.338507E-01
  0.120122E+01  0.167340E+01  0.340084E-01
  0.120350E+01  0.165620E+01  0.338906E-01
  0.120579E+01  0.169100E+01  0.339629E-01
  0.120807E+01  0.166350E+01  0.335218E-01
  0.121036E+01  0.167930E+01  0.339834E-01
  0.121264E+01  0.166220E+01  0.337726E-01
  0.121492E+01  0.164980E+01  0.336557E-01
  0.121721E+01  0.167400E+01  0.338306E-01
  0.121949E+01  0.173650E+01  0.335794E-01
  0.122178E+01  0.170180E+01  0.338152E-01
  0.122406E+01  0.166530E+01  0.337320E-01
  0.122634E+01  0.165910E+01  0.335217E-01
  0.122863E+01  0.167810E+01  0.336156E-01
  0.123091E+01  0.167590E+01  0.335186E-01
  0.123319E+01  0.160000E+01  0.336928E-01
  0.123548E+01  0.172200E+01  0.334911E-01
  0.123776E+01  0.166860E+01  0.334790E-01
  0.124005E+01  0.160310E+01  0.335074E-01
  0.124233E+01  0.166300E+01  0.333069E-01
  0.124461E+01  0.159280E+01  0.336715E-01
  0.124690E+01  0.161230E+01  0.332980E-01
  0.124918E+01  0.156450E+01  0.334270E-01
  0.125147E+01  0.150310E+01  0.335144E-01
  0.125375E+01  0.153170E+01  0.331643E-01
  0.125603E+01  0.157940E+01  0.334498E-01
  0.125832E+01  0.153290E+01  0.331543E-01
  0.126060E+01  0.160380E+01  0.334149E-01
  0.126288E+01  0.155280E+01  0.331476E-01
  0.126517E+01  0.157600E+01  0.331891E-01
  0.126745E+01  0.155470E+01  0.332907E-01
  0.126974E+01  0.155710E+01  0.331150E-01
  0.127202E+01  0.150590E+01  0.333705E-01
  0.127430E+01  0.146260E+01  0.329721E-01
  0.127659E+01  0.147980E+01  0.330559E-01
  0.127887E+01  0.151100E+01  0.330925E-01
  0.128116E+01  0.149070E+01  0.330455E-01
  0.128344E+01  0.149120E+01  0.332268E-01
  0.128572E+01  0.147180E+01  0.326942E-01
  0.128801E+01  0.152430E+01  0.331001E-01
  0.129029E+01  0.151230E+01  0.330073E-01
  0.129257E+01  0.147190E+01  0.328096E-01
  0.129486E+01  0.147640E+01  0.330086E-01
  0.129714E+01  0.144330E+01  0.326579E-01
  0.129943E+01  0.137650E+01  0.330171E-01
  0.130171E+01  0.145980E+01  0.328874E-01
  0.130399E+01  0.152000E+01  0.328870E-01
  0.130628E+01  0.154530E+01  0.328747E-01
  0.130856E+01  0.156140E+01  0.326783E-01
  0.131084E+01  0.144030E+01  0.329465E-01
  0.131313E+01  0.146140E+01  0.326866E-01
  0.131541E+01  0.144200E+01  0.326240E-01
  0.131770E+01  0.145700E+01  0.328056E-01
  0.131998E+01  0.137040E+01  0.324966E-01
  0.132226E+01  0.138780E+01  0.328303E-01
  0.132455E+01  0.144680E+01  0.325372E-01
  0.132683E+01  0.138960E+01  0.326799E-01
  0.132912E+01  0.143700E+01  0.326534E-01
  0.133140E+01  0.146320E+01  0.325675E-01
  0.133368E+01  0.136510E+01  0.325146E-01
  0.133597E+01  0.137800E+01  0.324117E-01
  0.133825E+01  0.138160E+01  0.326307E-01
  0.134053E+01  0.130560E+01  0.323441E-01
  0.134282E+01  0.135310E+01  0.324754E-01
  0.134510E+01  0.143050E+01  0.324578E-01
  0.134739E+01  0.146020E+01  0.323926E-01
  0.134967E+01  0.140030E+01  0.323795E-01
  0.135195E+01  0.134540E+01  0.323284E-01
  0.135424E+01  0.139520E+01  0.322939E-01
  0.135652E+01  0.129390E+01  0.322830E-01
  0.135881E+01  0.128580E+01  0.323306E-01
  0.136109E+01  0.136760E+01  0.322548E-01
  0.136337E+01  0.133770E+01  0.321313E-01
  0.136566E+01  0.132370E+01  0.323603E-01
  0.136794E+01  0.133020E+01  0.321806E-01
  0.137022E+01  0.134740E+01  0.321678E-01
  0.137251E+01  0.135970E+01  0.321861E-01
  0.137479E+01  0.133780E+01  0.320549E-01
  0.137708E+01  0.129440E+01  0.322118E-01
  0.137936E+01  0.129010E+01  0.319636E-01
  0.138164E+01  0.128530E+01  0.321117E-01
  0.138393E+01  0.132370E+01  0.320183E-01
  0.138621E+01  0.133950E+01  0.321630E-01
  0.138850E+01  0.132100E+01  0.320945E-01
  0.139078E+01  0.129940E+01  0.318619E-01
  0.139306E+01  0.126700E+01  0.319716E-01
  0.139535E+01  0.125730E+01  0.319858E-01
  0.139763E+01  0.129640E+01  0.320256E-01
  0.139991E+01  0.129250E+01  0.319650E-01
  0.140220E+01  0.125000E+01  0.317631E-01
  0.140448E+01  0.131850E+01  0.319938E-01
  0.140677E+01  0.132960E+01  0.317537E-01
  0.140905E+01  0.126860E+01  0.319023E-01
  0.141133E+01  0.128710E+01  0.318849E-01
  0.141362E+01  0.127870E+01  0.317859E-01
  0.141590E+01  0.124340E+01  0.320322E-01
  0.141818E+01  0.122450E+01  0.315889E-01
  0.142047E+01  0.118730E+01  0.318057E-01
  0.142275E+01  0.127490E+01  0.317638E-01
  0.142504E+01  0.125070E+01  0.317896E-01
  0.142732E+01  0.115550E+01  0.317306E-01
  0.142960E+01  0.119690E+01  0.315752E-01
  0.143189E+01  0.123560E+01  0.317585E-01
  0.143417E+01  0.123120E+01  0.315483E-01
  0.143646E+01  0.127030E+01  0.318194E-01
  0.143874E+01  0.123980E+01  0.317207E-01
  0.144102E+01  0.124330E+01  0.314982E-01
  0.144331E+01  0.128630E+01  0.318341E-01
  0.144559E+01  0.122470E+01  0.314583E-01
  0.144787E+01  0.119690E+01  0.315818E-01
  0.145016E+01  0.119600E+01  0.315608E-01
  0.145244E+01  0.119130E+01  0.314700E-01
  0.145473E+01  0.124880E+01  0.316586E-01
  0.145701E+01  0.123180E+01  0.313480E-01
  0.145929E+01  0.121510E+01  0.315360E-01
  0.146158E+01  0.125310E+01  0.313637E-01
  0.146386E+01  0.121320E+01  0.314552E-01
  0.146615E+01  0.118110E+01  0.314601E-01
  0.146843E+01  0.117250E+01  0.313328E-01
  0.147071E+01  0.113080E+01  0.315526E-01
  0.147300E+01  0.123600E+01  0.313008E-01
  0.147528E+01  0.117300E+01  0.313999E-01
  0.147756E+01  0.120690E+01  0.313547E-01
  0.147985E+01  0.117520E+01  0.312205E-01
  0.148213E+01  0.118600E+01  0.314587E-01
  0.148442E+01  0.116330E+01  0.311777E-01
  0.148670E+01  0.110520E+01  0.312204E-01
  0.148898E+01  0.110550E+01  0.311457E-01
  0.149127E+01  0.114310E+01  0.312200E-01
  0.149355E+01  0.118300E+01  0.314560E-01
  0.149584E+01  0.114490E+01  0.311395E-01
  0.149812E+01  0.114640E+01  0.312077E-01
  0.150040E+01  0.112490E+01  0.310781E-01
  0.150269E+01  0.112490E+01  0.312727E-01
  0.150497E+01  0.107530E+01  0.311447E-01
  0.150725E+01  0.108480E+01  0.310581E-01
  0.150954E+01  0.114970E+01  0.311824E-01
  0.151182E+01  0.117370E+01  0.310493E-01
  0.151411E+01  0.114090E+01  0.311377E-01
  0.151639E+01  0.118800E+01  0.310644E-01
  0.151867E+01  0.112640E+01  0.308231E-01
  0.152096E+01  0.118650E+01  0.312013E-01
  0.152324E+01  0.111170E+01  0.308424E-01
  0.152553E+01  0.116880E+01  0.312651E-01
  0.152781E+01  0.112080E+01  0.308374E-01
  0.153009E+01  0.107610E+01  0.309810E-01
  0.153238E+01  0.105020E+01  0.309979E-01
  0.153466E+01  0.102720E+01  0.308219E-01
  0.153694E+01  0.102070E+01  0.309689E-01
  0.153923E+01  0.104980E+01  0.307453E-01
  0.154151E+01  0.108980E+01  0.309724E-01
  0.154380E+01  0.109460E+01  0.308628E-01
  0.154608E+01  0.105530E+01  0.307023E-01
  0.154836E+01  0.107250E+01  0.309070E-01
  0.155065E+01  0.101960E+01  0.306938E-01
  0.155293E+01  0.101250E+01  0.308695E-01
  0.155521E+01  0.101910E+01  0.307647E-01
  0.155750E+01  0.101520E+01  0.305985E-01
  0.155978E+01  0.104480E+01  0.308733E-01
  0.156207E+01  0.104220E+01  0.306962E-01
  0.156435E+01  0.991500E+00  0.306658E-01
  0.156663E+01  0.105670E+01  0.305031E-01
  0.156892E+01  0.107560E+01  0.307483E-01
  0.157120E+01  0.105390E+01  0.307746E-01
  0.157349E+01  0.103510E+01  0.305277E-01
  0.157577E+01  0.103670E+01  0.306142E-01
  0.157805E+01  0.987700E+00  0.304358E-01
  0.158034E+01  0.990100E+00  0.306638E-01
  0.158262E+01  0.990400E+00  0.306015E-01
  0.158490E+01  0.105450E+01  0.305385E-01
  0.158719E+01  0.985400E+00  0.304870E-01
  0.158947E+01  0.104730E+01  0.305422E-01
  0.159176E+01  0.978700E+00  0.305827E-01
  0.159404E+01  0.978800E+00  0.302957E-01
  0.159632E+01  0.102730E+01  0.304371E-01
  0.159861E+01  0.103040E+01  0.305925E-01
  0.160089E+01  0.101720E+01  0.303883E-01
  0.160318E+01  0.993300E+00  0.305889E-01
  0.160546E+01  0.101880E+01  0.302741E-01
  0.160774E+01  0.101450E+01  0.304342E-01
  0.161003E+01  0.957900E+00  0.304864E-01
  0.161231E+01  0.970600E+00  0.303196E-01
  0.161459E+01  0.977700E+00  0.303992E-01
  0.161688E+01  0.102210E+01  0.301932E-01
  0.161916E+01  0.980400E+00  0.304096E-01
  0.162145E+01  0.993900E+00  0.301343E-01
  0.162373E+01  0.913700E+00  0.303040E-01
  0.162601E+01  0.926100E+00  0.303118E-01
  0.162830E+01  0.948100E+00  0.302537E-01
  0.163058E+01  0.919500E+00  0.302517E-01
  0.163287E+01  0.942000E+00  0.300645E-01
  0.163515E+01  0.924700E+00  0.301634E-01
  0.163743E+01  0.916800E+00  0.302890E-01
  0.163972E+01  0.983200E+00  0.302152E-01
  0.164200E+01  0.983400E+00  0.303203E-01
  0.164428E+01  0.962300E+00  0.298755E-01
  0.164657E+01  0.979200E+00  0.302356E-01
  0.164885E+01  0.930500E+00  0.299933E-01
  0.165114E+01  0.907400E+00  0.301186E-01
  0.165342E+01  0.945100E+00  0.299946E-01
  0.165570E+01  0.861600E+00  0.300479E-01
  0.165799E+01  0.880600E+00  0.301136E-01
  0.166027E+01  0.915200E+00  0.298835E-01
  0.166255E+01  0.908100E+00  0.299732E-01
  0.166484E+01  0.100280E+01  0.300734E-01
  0.166712E+01  0.936400E+00  0.299983E-01
  0.166941E+01  0.953800E+00  0.301429E-01
  0.167169E+01  0.964800E+00  0.296610E-01
  0.167397E+01  0.920800E+00  0.299800E-01
  0.167626E+01  0.939500E+00  0.299897E-01
  0.167854E+01  0.944100E+00  0.298848E-01
  0.168083E+01  0.909500E+00  0.299372E-01
  0.168311E+01  0.938700E+00  0.296005E-01
  0.168539E+01  0.869000E+00  0.299180E-01
  0.168768E+01  0.938800E+00  0.297513E-01
  0.168996E+01  0.890300E+00  0.299410E-01
  0.169224E+01  0.884800E+00  0.297997E-01
  0.169453E+01  0.876100E+00  0.296385E-01
  0.169681E+01  0.873700E+00  0.299597E-01
  0.169910E+01  0.843400E+00  0.295940E-01
  0.170138E+01  0.935500E+00  0.296968E-01
  0.170366E+01  0.927500E+00  0.297804E-01
  0.170595E+01  0.932000E+00  0.296426E-01
  0.170823E+01  0.891400E+00  0.298016E-01
  0.171052E+01  0.848700E+00  0.295394E-01
  0.171280E+01  0.903000E+00  0.297319E-01
  0.171508E+01  0.899200E+00  0.296094E-01
  0.171737E+01  0.868800E+00  0.296354E-01
  0.171965E+01  0.855600E+00  0.296870E-01
  0.172193E+01  0.870200E+00  0.295138E-01
  0.172422E+01  0.846500E+00  0.296770E-01
  0.172650E+01  0.882100E+00  0.294711E-01
  0.172879E+01  0.845500E+00  0.294908E-01
  0.173107E+01  0.811500E+00  0.295107E-01
  0.173335E+01  0.867400E+00  0.294619E-01
  0.173564E+01  0.905800E+00  0.296474E-01
  0.173792E+01  0.884500E+00  0.293959E-01
  0.174021E+01  0.843100E+00  0.294521E-01
  0.174249E+01  0.824800E+00  0.294441E-01
  0.174477E+01  0.889800E+00  0.293799E-01
  0.174706E+01  0.871600E+00  0.294523E-01
  0.174934E+01  0.822600E+00  0.293625E-01
  0.175162E+01  0.792000E+00  0.294401E-01
  0.175391E+01  0.813200E+00  0.292998E-01
  0.175619E+01  0.820500E+00  0.293759E-01
  0.175848E+01  0.811600E+00  0.293512E-01
  0.176076E+01  0.823200E+00  0.292197E-01
  0.176304E+01  0.804100E+00  0.294702E-01
  0.176533E+01  0.823100E+00  0.292661E-01
  0.176761E+01  0.824800E+00  0.293514E-01
  0.176990E+01  0.879400E+00  0.292705E-01
  0.177218E+01  0.829700E+00  0.291774E-01
  0.177446E+01  0.805100E+00  0.293799E-01
  0.177675E+01  0.808800E+00  0.291693E-01
  0.177903E+01  0.759200E+00  0.292589E-01
  0.178131E+01  0.771600E+00  0.292550E-01
  0.178360E+01  0.769800E+00  0.292717E-01
  0.178588E+01  0.802400E+00  0.292461E-01
  0.178817E+01  0.779300E+00  0.291161E-01
  0.179045E+01  0.818000E+00  0.293632E-01
  0.179273E+01  0.833200E+00  0.291984E-01
  0.179502E+01  0.794100E+00  0.292688E-01
  0.179730E+01  0.793700E+00  0.291905E-01
  0.179958E+01  0.788900E+00  0.289954E-01
  0.180187E+01  0.796300E+00  0.293192E-01
  0.180415E+01  0.809500E+00  0.291066E-01
  0.180644E+01  0.883400E+00  0.292388E-01
  0.180872E+01  0.857800E+00  0.291211E-01
  0.181100E+01  0.828800E+00  0.292248E-01
  0.181329E+01  0.783500E+00  0.291174E-01
  0.181557E+01  0.779500E+00  0.290556E-01
  0.181786E+01  0.828800E+00  0.290568E-01
  0.182014E+01  0.794600E+00  0.290906E-01
  0.182242E+01  0.790900E+00  0.291964E-01
  0.182471E+01  0.815500E+00  0.290712E-01
  0.182699E+01  0.809700E+00  0.290139E-01
  0.182927E+01  0.809100E+00  0.291391E-01
  0.183156E+01  0.774800E+00  0.290249E-01
  0.183384E+01  0.740700E+00  0.291438E-01
  0.183613E+01  0.707900E+00  0.289016E-01
  0.183841E+01  0.754700E+00  0.289098E-01
  0.184069E+01  0.742400E+00  0.290771E-01
  0.184298E+01  0.740700E+00  0.289143E-01
  0.184526E+01  0.726100E+00  0.291274E-01
  0.184755E+01  0.787100E+00  0.288139E-01
  0.184983E+01  0.793800E+00  0.290293E-01
  0.185211E+01  0.747300E+00  0.290097E-01
  0.185440E+01  0.765900E+00  0.289138E-01
  0.185668E+01  0.768700E+00  0.290010E-01
  0.185896E+01  0.749900E+00  0.288848E-01
  0.186125E+01  0.727800E+00  0.289811E-01
  0.186353E+01  0.788800E+00  0.289733E-01
  0.186582E+01  0.818500E+00  0.287516E-01
  0.186810E+01  0.827200E+00  0.290437E-01
  0.187038E+01  0.715700E+00  0.287384E-01
  0.187267E+01  0.730200E+00  0.289705E-01
  0.187495E+01  0.768800E+00  0.287047E-01
  0.187724E+01  0.753600E+00  0.288429E-01
  0.187952E+01  0.734700E+00  0.289375E-01
  0.188180E+01  0.744500E+00  0.288376E-01
  0.188409E+01  0.679000E+00  0.288642E-01
  0.188637E+01  0.755600E+00  0.286630E-01
  0.188865E+01  0.758200E+00  0.287814E-01
  0.189094E+01  0.733900E+00  0.288155E-01
  0.189322E+01  0.720600E+00  0.287286E-01
  0.189551E+01  0.727200E+00  0.287914E-01
  0.189779E+01  0.735500E+00  0.286468E-01
  0.190007E+01  0.748700E+00  0.289008E-01
  0.190236E+01  0.782200E+00  0.286937E-01
  0.190464E+01  0.774100E+00  0.286730E-01
  0.190692E+01  0.718700E+00  0.288060E-01
  0.190921E+01  0.657200E+00  0.286206E-01
  0.191149E+01  0.653800E+00  0.287142E-01
  0.191378E+01  0.713000E+00  0.285802E-01
  0.191606E+01  0.716800E+00  0.287732E-01
  0.191834E+01  0.718100E+00  0.287307E-01
  0.192063E+01  0.765800E+00  0.286234E-01
  0.192291E+01  0.687500E+00  0.287051E-01
  0.192520E+01  0.772100E+00  0.284743E-01
  0.192748E+01  0.726100E+00  0.287190E-01
  0.192976E+01  0.683100E+00  0.286872E-01
  0.193205E+01  0.634600E+00  0.284415E-01
  0.193433E+01  0.711400E+00  0.285781E-01
  0.193661E+01  0.663900E+00  0.285124E-01
  0.193890E+01  0.674200E+00  0.286733E-01
  0.194118E+01  0.682700E+00  0.285735E-01
  0.194347E+01  0.638200E+00  0.283875E-01
  0.194575E+01  0.686700E+00  0.286122E-01
  0.194803E+01  0.698000E+00  0.286045E-01
  0.195032E+01  0.708200E+00  0.285736E-01
  0.195260E+01  0.651200E+00  0.283723E-01
  0.195489E+01  0.611100E+00  0.284059E-01
  0.195717E+01  0.645000E+00  0.285742E-01
  0.195945E+01  0.681900E+00  0.283941E-01
  0.196174E+01  0.638500E+00  0.285769E-01
  0.196402E+01  0.651100E+00  0.282758E-01
  0.196630E+01  0.708600E+00  0.285384E-01
  0.196859E+01  0.693500E+00  0.284416E-01
  0.197087E+01  0.690400E+00  0.283879E-01
  0.197316E+01  0.676000E+00  0.283979E-01
  0.197544E+01  0.679800E+00  0.284257E-01
  0.197772E+01  0.656000E+00  0.285200E-01
  0.198001E+01  0.689000E+00  0.283195E-01
  0.198229E+01  0.692400E+00  0.282826E-01
  0.198458E+01  0.702000E+00  0.283460E-01
  0.198686E+01  0.618900E+00  0.283413E-01
  0.198914E+01  0.627400E+00  0.284356E-01
  0.199143E+01  0.649400E+00  0.282302E-01
  0.199371E+01  0.675700E+00  0.284036E-01
  0.199599E+01  0.625300E+00  0.283201E-01
  0.199828E+01  0.690900E+00  0.282762E-01
  0.200056E+01  0.646900E+00  0.283357E-01
  0.200285E+01  0.614500E+00  0.281376E-01
  0.200513E+01  0.647600E+00  0.284181E-01
  0.200741E+01  0.677200E+00  0.283450E-01
  0.200970E+01  0.662000E+00  0.283251E-01
  0.201198E+01  0.697400E+00  0.283309E-01
  0.201427E+01  0.677100E+00  0.282811E-01
  0.201655E+01  0.621100E+00  0.284283E-01
  0.201883E+01  0.609900E+00  0.282655E-01
  0.202112E+01  0.613000E+00  0.283673E-01
  0.202340E+01  0.612900E+00  0.282666E-01
  0.202568E+01  0.634900E+00  0.283379E-01
  0.202797E+01  0.623400E+00  0.284619E-01
  0.203025E+01  0.598700E+00  0.281417E-01
  0.203254E+01  0.602000E+00  0.284163E-01
  0.203482E+01  0.616700E+00  0.284787E-01
  0.203710E+01  0.628300E+00  0.283577E-01
  0.203939E+01  0.680200E+00  0.283645E-01
  0.204167E+01  0.649400E+00  0.283253E-01
  0.204395E+01  0.578000E+00  0.285271E-01
  0.204624E+01  0.586500E+00  0.283910E-01
  0.204852E+01  0.583900E+00  0.284465E-01
  0.205081E+01  0.529900E+00  0.283800E-01
  0.205309E+01  0.615400E+00  0.284572E-01
  0.205537E+01  0.617700E+00  0.285127E-01
  0.205766E+01  0.588500E+00  0.283597E-01
  0.205994E+01  0.636100E+00  0.284532E-01
  0.206223E+01  0.596700E+00  0.284485E-01
  0.206451E+01  0.569300E+00  0.285038E-01
  0.206679E+01  0.558400E+00  0.284716E-01
  0.206908E+01  0.643100E+00  0.283693E-01
  0.207136E+01  0.601700E+00  0.285757E-01
  0.207364E+01  0.616900E+00  0.284235E-01
  0.207593E+01  0.614400E+00  0.285532E-01
  0.207821E+01  0.663100E+00  0.285108E-01
  0.208050E+01  0.598900E+00  0.283573E-01
  0.208278E+01  0.577600E+00  0.287478E-01
  0.208506E+01  0.582100E+00  0.283809E-01
  0.208735E+01  0.643400E+00  0.287110E-01
  0.208963E+01  0.560100E+00  0.284035E-01
  0.209192E+01  0.564800E+00  0.284277E-01
  0.209420E+01  0.546400E+00  0.285668E-01
  0.209648E+01  0.596300E+00  0.283902E-01
  0.209877E+01  0.616700E+00  0.285896E-01
  0.210105E+01  0.616000E+00  0.285674E-01
  0.210333E+01  0.607300E+00  0.286488E-01
  0.210562E+01  0.593800E+00  0.286732E-01
  0.210790E+01  0.560200E+00  0.282988E-01
  0.211019E+01  0.568100E+00  0.286264E-01
  0.211247E+01  0.563600E+00  0.284476E-01
  0.211475E+01  0.581500E+00  0.285981E-01
  0.211704E+01  0.612300E+00  0.285181E-01
  0.211932E+01  0.587000E+00  0.283310E-01
  0.212161E+01  0.651600E+00  0.286948E-01
  0.212389E+01  0.599700E+00  0.283286E-01
  0.212617E+01  0.559800E+00  0.285252E-01
  0.212846E+01  0.564300E+00  0.284611E-01
  0.213074E+01  0.610300E+00  0.284617E-01
  0.213302E+01  0.573500E+00  0.285660E-01
  0.213531E+01  0.660800E+00  0.283880E-01
  0.213759E+01  0.585300E+00  0.284043E-01
  0.213988E+01  0.602400E+00  0.283869E-01
  0.214216E+01  0.503900E+00  0.284002E-01
  0.214444E+01  0.572400E+00  0.284922E-01
  0.214673E+01  0.610500E+00  0.282718E-01
  0.214901E+01  0.543800E+00  0.284822E-01
  0.215129E+01  0.638500E+00  0.283625E-01
  0.215358E+01  0.616600E+00  0.284222E-01
  0.215586E+01  0.601900E+00  0.284607E-01
  0.215815E+01  0.583300E+00  0.283149E-01
  0.216043E+01  0.541000E+00  0.285588E-01
  0.216271E+01  0.554400E+00  0.282096E-01
  0.216500E+01  0.580200E+00  0.282983E-01
  0.216728E+01  0.549000E+00  0.282349E-01
  0.216957E+01  0.481600E+00  0.283653E-01
  0.217185E+01  0.547400E+00  0.284257E-01
  0.217413E+01  0.522900E+00  0.282483E-01
  0.217642E+01  0.587900E+00  0.283371E-01
  0.217870E+01  0.517800E+00  0.282716E-01
  0.218098E+01  0.480800E+00  0.282571E-01
  0.218327E+01  0.533900E+00  0.283534E-01
  0.218555E+01  0.563700E+00  0.281303E-01
  0.218784E+01  0.540300E+00  0.283581E-01
  0.219012E+01  0.568600E+00  0.282100E-01
  0.219240E+01  0.576400E+00  0.281556E-01
  0.219469E+01  0.573900E+00  0.281790E-01
  0.219697E+01  0.526700E+00  0.281873E-01
  0.219926E+01  0.495200E+00  0.281745E-01
  0.220154E+01  0.523400E+00  0.281240E-01
  0.220382E+01  0.506700E+00  0.280833E-01
  0.220611E+01  0.535200E+00  0.280416E-01
  0.220839E+01  0.479800E+00  0.281272E-01
  0.221067E+01  0.515100E+00  0.280579E-01
  0.221296E+01  0.496500E+00  0.280019E-01
  0.221524E+01  0.505600E+00  0.279589E-01
  0.221753E+01  0.500700E+00  0.280100E-01
  0.221981E+01  0.480200E+00  0.280458E-01
  0.222209E+01  0.490400E+00  0.278792E-01
  0.222438E+01  0.568300E+00  0.278513E-01
  0.222666E+01  0.492900E+00  0.279377E-01
  0.222895E+01  0.552700E+00  0.279140E-01
  0.223123E+01  0.566900E+00  0.280363E-01
  0.223351E+01  0.581900E+00  0.276156E-01
  0.223580E+01  0.543400E+00  0.277509E-01
  0.223808E+01  0.477300E+00  0.278706E-01
  0.224036E+01  0.596000E+00  0.275984E-01
  0.224265E+01  0.599200E+00  0.277885E-01
  0.224493E+01  0.537600E+00  0.274182E-01
  0.224722E+01  0.498800E+00  0.277315E-01
  0.224950E+01  0.511700E+00  0.275414E-01
  0.225178E+01  0.535900E+00  0.274984E-01
  0.225407E+01  0.538000E+00  0.275059E-01
  0.225635E+01  0.526800E+00  0.272803E-01
  0.225864E+01  0.503800E+00  0.275257E-01
  0.226092E+01  0.530400E+00  0.272947E-01
  0.226320E+01  0.551800E+00  0.273743E-01
  0.226549E+01  0.551900E+00  0.274081E-01
  0.226777E+01  0.594700E+00  0.273689E-01
  0.227005E+01  0.538500E+00  0.274436E-01
  0.227234E+01  0.525100E+00  0.272135E-01
  0.227462E+01  0.452100E+00  0.273296E-01
  0.227691E+01  0.438300E+00  0.274503E-01
  0.227919E+01  0.512900E+00  0.271939E-01
  0.228147E+01  0.545700E+00  0.273882E-01
  0.228376E+01  0.516300E+00  0.271592E-01
  0.228604E+01  0.525700E+00  0.274796E-01
  0.228832E+01  0.493500E+00  0.272710E-01
  0.229061E+01  0.512700E+00  0.273029E-01
  0.229289E+01  0.466000E+00  0.272075E-01
  0.229518E+01  0.523600E+00  0.272262E-01
  0.229746E+01  0.572200E+00  0.273970E-01
  0.229974E+01  0.496200E+00  0.271916E-01
  0.230203E+01  0.491200E+00  0.272102E-01
  0.230431E+01  0.464500E+00  0.273419E-01
  0.230660E+01  0.538900E+00  0.271590E-01
  0.230888E+01  0.544000E+00  0.274344E-01
  0.231116E+01  0.545900E+00  0.270093E-01
  0.231345E+01  0.481500E+00  0.272776E-01
  0.231573E+01  0.460000E+00  0.272815E-01
  0.231801E+01  0.445800E+00  0.271318E-01
  0.232030E+01  0.486500E+00  0.272055E-01
  0.232258E+01  0.446500E+00  0.269795E-01
  0.232487E+01  0.475200E+00  0.273830E-01
  0.232715E+01  0.517800E+00  0.271606E-01
  0.232943E+01  0.471100E+00  0.271779E-01
  0.233172E+01  0.406700E+00  0.271960E-01
  0.233400E+01  0.438800E+00  0.269805E-01
  0.233629E+01  0.472200E+00  0.273134E-01
  0.233857E+01  0.470700E+00  0.271029E-01
  0.234085E+01  0.500300E+00  0.271174E-01
  0.234314E+01  0.432800E+00  0.272772E-01
  0.234542E+01  0.462600E+00  0.269940E-01
  0.234770E+01  0.522400E+00  0.271960E-01
  0.234999E+01  0.523000E+00  0.268747E-01
  0.235227E+01  0.506900E+00  0.271274E-01
  0.235456E+01  0.505900E+00  0.271824E-01
  0.235684E+01  0.476200E+00  0.269965E-01
  0.235912E+01  0.504200E+00  0.271068E-01
  0.236141E+01  0.505800E+00  0.269741E-01
  0.236369E+01  0.483800E+00  0.272297E-01
  0.236598E+01  0.424300E+00  0.270121E-01
  0.236826E+01  0.421100E+00  0.269685E-01
  0.237054E+01  0.406300E+00  0.270191E-01
  0.237283E+01  0.440100E+00  0.269989E-01
  0.237511E+01  0.467800E+00  0.271035E-01
  0.237739E+01  0.477500E+00  0.269176E-01
  0.237968E+01  0.460000E+00  0.269476E-01
  0.238196E+01  0.435000E+00  0.270195E-01
  0.238425E+01  0.497200E+00  0.270840E-01
  0.238653E+01  0.452900E+00  0.270225E-01
  0.238881E+01  0.413300E+00  0.267961E-01
  0.239110E+01  0.433500E+00  0.269577E-01
  0.239338E+01  0.411400E+00  0.268747E-01
  0.239566E+01  0.416100E+00  0.269766E-01
  0.239795E+01  0.430700E+00  0.269233E-01
  0.240023E+01  0.509400E+00  0.269080E-01
  0.240252E+01  0.477900E+00  0.270086E-01
  0.240480E+01  0.439700E+00  0.267734E-01
  0.240708E+01  0.486600E+00  0.269493E-01
  0.240937E+01  0.436800E+00  0.269058E-01
  0.241165E+01  0.431400E+00  0.268772E-01
  0.241394E+01  0.491400E+00  0.270173E-01
  0.241622E+01  0.444400E+00  0.268199E-01
  0.241850E+01  0.449600E+00  0.267836E-01
  0.242079E+01  0.469200E+00  0.268405E-01
  0.242307E+01  0.466600E+00  0.269434E-01
  0.242535E+01  0.463100E+00  0.269272E-01
  0.242764E+01  0.507700E+00  0.267034E-01
  0.242992E+01  0.428100E+00  0.268966E-01
  0.243221E+01  0.434100E+00  0.267348E-01
  0.243449E+01  0.453800E+00  0.269340E-01
  0.243677E+01  0.436700E+00  0.267622E-01
  0.243906E+01  0.394000E+00  0.268276E-01
  0.244134E+01  0.391400E+00  0.268843E-01
  0.244363E+01  0.407800E+00  0.265897E-01
  0.244591E+01  0.484000E+00  0.268473E-01
  0.244819E+01  0.423400E+00  0.267436E-01
  0.245048E+01  0.467000E+00  0.268050E-01
  0.245276E+01  0.423200E+00  0.268384E-01
  0.245504E+01  0.482200E+00  0.266782E-01
  0.245733E+01  0.465200E+00  0.267960E-01
  0.245961E+01  0.463400E+00  0.267289E-01
  0.246190E+01  0.420900E+00  0.268237E-01
  0.246418E+01  0.403400E+00  0.267027E-01
  0.246646E+01  0.385200E+00  0.265994E-01
  0.246875E+01  0.450900E+00  0.268792E-01
  0.247103E+01  0.406200E+00  0.266400E-01
  0.247332E+01  0.478100E+00  0.267480E-01
  0.247560E+01  0.474900E+00  0.266882E-01
  0.247788E+01  0.436500E+00  0.266737E-01
  0.248017E+01  0.426400E+00  0.268964E-01
  0.248245E+01  0.391500E+00  0.264866E-01
  0.248473E+01  0.469100E+00  0.267635E-01
  0.248702E+01  0.448000E+00  0.266062E-01
  0.248930E+01  0.446800E+00  0.266582E-01
  0.249159E+01  0.412900E+00  0.268058E-01
  0.249387E+01  0.412000E+00  0.265595E-01
  0.249615E+01  0.402500E+00  0.267484E-01
  0.249844E+01  0.366100E+00  0.265542E-01
  0.250072E+01  0.372100E+00  0.267083E-01
  0.250301E+01  0.439300E+00  0.266597E-01
  0.250529E+01  0.381500E+00  0.264415E-01
  0.250757E+01  0.385100E+00  0.267745E-01
  0.250986E+01  0.411700E+00  0.265571E-01
  0.251214E+01  0.357800E+00  0.266588E-01
  0.251442E+01  0.344200E+00  0.265230E-01
  0.251671E+01  0.367600E+00  0.265176E-01
  0.251899E+01  0.412300E+00  0.267403E-01
  0.252128E+01  0.422500E+00  0.264865E-01
  0.252356E+01  0.465600E+00  0.266029E-01
  0.252584E+01  0.473100E+00  0.265976E-01
  0.252813E+01  0.450100E+00  0.266368E-01
  0.253041E+01  0.402900E+00  0.266452E-01
  0.253269E+01  0.384600E+00  0.263696E-01
  0.253498E+01  0.401000E+00  0.265731E-01
  0.253726E+01  0.370600E+00  0.264681E-01
  0.253955E+01  0.482600E+00  0.265934E-01
  0.254183E+01  0.400300E+00  0.266117E-01
  0.254411E+01  0.427800E+00  0.264040E-01
  0.254640E+01  0.373900E+00  0.265750E-01
  0.254868E+01  0.365400E+00  0.264786E-01
  0.255097E+01  0.423700E+00  0.265397E-01
  0.255325E+01  0.388400E+00  0.264238E-01
  0.255553E+01  0.402300E+00  0.265090E-01
  0.255782E+01  0.391700E+00  0.265280E-01
  0.256010E+01  0.384900E+00  0.263629E-01
  0.256238E+01  0.386100E+00  0.265170E-01
  0.256467E+01  0.448500E+00  0.264097E-01
  0.256695E+01  0.376700E+00  0.265657E-01
  0.256924E+01  0.377200E+00  0.264858E-01
  0.257152E+01  0.363200E+00  0.262892E-01
  0.257380E+01  0.425800E+00  0.265232E-01
  0.257609E+01  0.377300E+00  0.263689E-01
  0.257837E+01  0.360700E+00  0.265277E-01
  0.258066E+01  0.371500E+00  0.263307E-01
  0.258294E+01  0.389200E+00  0.263375E-01
  0.258522E+01  0.359000E+00  0.264314E-01
  0.258751E+01  0.385500E+00  0.263685E-01
  0.258979E+01  0.404900E+00  0.264931E-01
  0.259207E+01  0.389600E+00  0.262302E-01
  0.259436E+01  0.407700E+00  0.264672E-01
  0.259664E+01  0.369000E+00  0.265364E-01
  0.259893E+01  0.392500E+00  0.262624E-01
  0.260121E+01  0.387400E+00  0.264497E-01
  0.260349E+01  0.339900E+00  0.262161E-01
  0.260578E+01  0.305300E+00  0.264660E-01
  0.260806E+01  0.371400E+00  0.263421E-01
  0.261035E+01  0.399100E+00  0.262832E-01
  0.261263E+01  0.360000E+00  0.263399E-01
  0.261491E+01  0.347200E+00  0.262666E-01
  0.261720E+01  0.380700E+00  0.264580E-01
  0.261948E+01  0.374400E+00  0.261771E-01
  0.262176E+01  0.386200E+00  0.262883E-01
  0.262405E+01  0.350100E+00  0.263399E-01
  0.262633E+01  0.354700E+00  0.263245E-01
  0.262862E+01  0.387800E+00  0.263615E-01
  0.263090E+01  0.342000E+00  0.260988E-01
  0.263318E+01  0.350500E+00  0.263323E-01
  0.263547E+01  0.352200E+00  0.263351E-01
  0.263775E+01  0.379600E+00  0.262081E-01
  0.264003E+01  0.357000E+00  0.263442E-01
  0.264232E+01  0.366800E+00  0.261637E-01
  0.264460E+01  0.338600E+00  0.263262E-01
  0.264689E+01  0.385500E+00  0.262071E-01
  0.264917E+01  0.405600E+00  0.261927E-01
  0.265145E+01  0.364400E+00  0.263036E-01
  0.265374E+01  0.338900E+00  0.262033E-01
  0.265602E+01  0.399600E+00  0.264220E-01
  0.265831E+01  0.382400E+00  0.260605E-01
  0.266059E+01  0.361000E+00  0.262090E-01
  0.266287E+01  0.405800E+00  0.263136E-01
  0.266516E+01  0.356500E+00  0.262553E-01
  0.266744E+01  0.369300E+00  0.262529E-01
  0.266972E+01  0.438700E+00  0.260249E-01
  0.267201E+01  0.316800E+00  0.262014E-01
  0.267429E+01  0.274800E+00  0.262556E-01
  0.267658E+01  0.316400E+00  0.261823E-01
  0.267886E+01  0.374600E+00  0.261568E-01
  0.268114E+01  0.382000E+00  0.261333E-01
  0.268343E+01  0.374200E+00  0.263294E-01
  0.268571E+01  0.359600E+00  0.260992E-01
  0.268800E+01  0.366600E+00  0.261641E-01
  0.269028E+01  0.349900E+00  0.261733E-01
  0.269256E+01  0.337800E+00  0.260772E-01
  0.269485E+01  0.354100E+00  0.263991E-01
  0.269713E+01  0.378900E+00  0.260056E-01
  0.269941E+01  0.323400E+00  0.261609E-01
  0.270170E+01  0.348900E+00  0.261169E-01
  0.270398E+01  0.342700E+00  0.261278E-01
  0.270627E+01  0.361400E+00  0.262423E-01
  0.270855E+01  0.389800E+00  0.260014E-01
  0.271083E+01  0.359100E+00  0.262033E-01
  0.271312E+01  0.382300E+00  0.260779E-01
  0.271540E+01  0.431600E+00  0.261940E-01
  0.271769E+01  0.459600E+00  0.261482E-01
  0.271997E+01  0.391900E+00  0.259345E-01
  0.272225E+01  0.411100E+00  0.263211E-01
  0.272454E+01  0.367400E+00  0.259651E-01
  0.272682E+01  0.322500E+00  0.261205E-01
  0.272910E+01  0.386100E+00  0.260695E-01
  0.273139E+01  0.414900E+00  0.260878E-01
  0.273367E+01  0.392500E+00  0.262543E-01
  0.273596E+01  0.323900E+00  0.259096E-01
  0.273824E+01  0.328400E+00  0.260878E-01
  0.274052E+01  0.351000E+00  0.260516E-01
  0.274281E+01  0.388600E+00  0.260904E-01
  0.274509E+01  0.338100E+00  0.260678E-01
  0.274737E+01  0.354900E+00  0.259223E-01
  0.274966E+01  0.376900E+00  0.262180E-01
  0.275194E+01  0.362800E+00  0.259920E-01
  0.275423E+01  0.293800E+00  0.260620E-01
  0.275651E+01  0.314300E+00  0.259106E-01
  0.275879E+01  0.302200E+00  0.259706E-01
  0.276108E+01  0.350800E+00  0.262100E-01
  0.276336E+01  0.323500E+00  0.259127E-01
  0.276565E+01  0.351200E+00  0.259756E-01
  0.276793E+01  0.365700E+00  0.260055E-01
  0.277021E+01  0.336900E+00  0.259122E-01
  0.277250E+01  0.362100E+00  0.261839E-01
  0.277478E+01  0.375200E+00  0.258307E-01
  0.277706E+01  0.356800E+00  0.260706E-01
  0.277935E+01  0.345100E+00  0.259224E-01
  0.278163E+01  0.360100E+00  0.259853E-01
  0.278392E+01  0.362900E+00  0.260264E-01
  0.278620E+01  0.378400E+00  0.258404E-01
  0.278848E+01  0.397000E+00  0.260830E-01
  0.279077E+01  0.354700E+00  0.259440E-01
  0.279305E+01  0.363500E+00  0.260282E-01
  0.279534E+01  0.367100E+00  0.259434E-01
  0.279762E+01  0.351600E+00  0.258318E-01
  0.279990E+01  0.373500E+00  0.261231E-01
  0.280219E+01  0.337100E+00  0.258558E-01
  0.280447E+01  0.327600E+00  0.259905E-01
  0.280675E+01  0.325500E+00  0.258722E-01
  0.280904E+01  0.360800E+00  0.259791E-01
  0.281132E+01  0.350900E+00  0.260334E-01
  0.281361E+01  0.345100E+00  0.258393E-01
  0.281589E+01  0.336600E+00  0.260021E-01
  0.281817E+01  0.311900E+00  0.258751E-01
  0.282046E+01  0.386900E+00  0.259852E-01
  0.282274E+01  0.350200E+00  0.259121E-01
  0.282503E+01  0.328800E+00  0.258892E-01
  0.282731E+01  0.295000E+00  0.260009E-01
  0.282959E+01  0.297200E+00  0.258372E-01
  0.283188E+01  0.318300E+00  0.259568E-01
  0.283416E+01  0.281300E+00  0.258398E-01
  0.283644E+01  0.323200E+00  0.258702E-01
  0.283873E+01  0.307900E+00  0.259934E-01
  0.284101E+01  0.328900E+00  0.257932E-01
  0.284330E+01  0.327200E+00  0.259173E-01
  0.284558E+01  0.324000E+00  0.258575E-01
  0.284786E+01  0.353700E+00  0.260552E-01
  0.285015E+01  0.389100E+00  0.258882E-01
  0.285243E+01  0.354300E+00  0.258151E-01
  0.285472E+01  0.275400E+00  0.258823E-01
  0.285700E+01  0.350300E+00  0.258102E-01
  0.285928E+01  0.317800E+00  0.259675E-01
  0.286157E+01  0.309800E+00  0.257793E-01
  0.286385E+01  0.388600E+00  0.258781E-01
  0.286613E+01  0.340400E+00  0.258846E-01
  0.286842E+01  0.363600E+00  0.258324E-01
  0.287070E+01  0.387900E+00  0.259294E-01
  0.287299E+01  0.356400E+00  0.257690E-01
  0.287527E+01  0.300500E+00  0.258737E-01
  0.287755E+01  0.327900E+00  0.258979E-01
  0.287984E+01  0.346400E+00  0.257335E-01
  0.288212E+01  0.256100E+00  0.258788E-01
  0.288440E+01  0.293100E+00  0.257405E-01
  0.288669E+01  0.321900E+00  0.258826E-01
  0.288897E+01  0.292900E+00  0.258507E-01
  0.289126E+01  0.309400E+00  0.256493E-01
  0.289354E+01  0.339500E+00  0.259594E-01
  0.289582E+01  0.411200E+00  0.256427E-01
  0.289811E+01  0.348600E+00  0.259705E-01
  0.290039E+01  0.323500E+00  0.256842E-01
  0.290268E+01  0.325200E+00  0.258336E-01
  0.290496E+01  0.315000E+00  0.259088E-01
  0.290724E+01  0.363500E+00  0.257289E-01
  0.290953E+01  0.355400E+00  0.258789E-01
  0.291181E+01  0.391500E+00  0.256243E-01
  0.291409E+01  0.378900E+00  0.258556E-01
  0.291638E+01  0.314000E+00  0.258815E-01
  0.291866E+01  0.244400E+00  0.256830E-01
  0.292095E+01  0.204800E+00  0.258388E-01
  0.292323E+01  0.255400E+00  0.256196E-01
  0.292551E+01  0.274900E+00  0.258047E-01
  0.292780E+01  0.302800E+00  0.257516E-01
  0.293008E+01  0.332800E+00  0.256270E-01
  0.293237E+01  0.348900E+00  0.258880E-01
  0.293465E+01  0.317100E+00  0.256839E-01
  0.293693E+01  0.347200E+00  0.258305E-01
  0.293922E+01  0.335900E+00  0.256598E-01
  0.294150E+01  0.347500E+00  0.257559E-01
  0.294378E+01  0.278600E+00  0.258093E-01
  0.294607E+01  0.278000E+00  0.256374E-01
  0.294835E+01  0.286000E+00  0.258164E-01
  0.295064E+01  0.315000E+00  0.255908E-01
  0.295292E+01  0.302400E+00  0.258226E-01
  0.295520E+01  0.319500E+00  0.257976E-01
  0.295749E+01  0.310000E+00  0.256380E-01
  0.295977E+01  0.329200E+00  0.258194E-01
  0.296206E+01  0.293700E+00  0.255964E-01
  0.296434E+01  0.293600E+00  0.257865E-01
  0.296662E+01  0.357400E+00  0.256867E-01
  0.296891E+01  0.324900E+00  0.255975E-01
  0.297119E+01  0.320600E+00  0.257063E-01
  0.297347E+01  0.294900E+00  0.256674E-01
  0.297576E+01  0.359200E+00  0.258234E-01
  0.297804E+01  0.330600E+00  0.256588E-01
  0.298033E+01  0.306500E+00  0.256254E-01
  0.298261E+01  0.284800E+00  0.256530E-01
  0.298489E+01  0.347000E+00  0.256392E-01
  0.298718E+01  0.270700E+00  0.257202E-01
  0.298946E+01  0.263800E+00  0.255963E-01
  0.299174E+01  0.270800E+00  0.256620E-01
  0.299403E+01  0.299400E+00  0.256630E-01
  0.299631E+01  0.336500E+00  0.256084E-01
  0.299860E+01  0.274300E+00  0.256649E-01
  0.300088E+01  0.264700E+00  0.257010E-01
  0.300316E+01  0.266600E+00  0.257081E-01
  0.300545E+01  0.351600E+00  0.255656E-01
  0.300773E+01  0.326600E+00  0.256497E-01
  0.301002E+01  0.286100E+00  0.256605E-01
  0.301230E+01  0.326200E+00  0.256553E-01
  0.301458E+01  0.311600E+00  0.257390E-01
  0.301687E+01  0.288700E+00  0.254077E-01
  0.301915E+01  0.305800E+00  0.257292E-01
  0.302143E+01  0.285000E+00  0.256362E-01
  0.302372E+01  0.315100E+00  0.255462E-01
  0.302600E+01  0.369300E+00  0.257315E-01
  0.302829E+01  0.389400E+00  0.254865E-01
  0.303057E+01  0.350500E+00  0.257464E-01
  0.303285E+01  0.272900E+00  0.255863E-01
  0.303514E+01  0.276600E+00  0.255913E-01
  0.303742E+01  0.334800E+00  0.255992E-01
  0.303971E+01  0.331400E+00  0.255233E-01
  0.304199E+01  0.280200E+00  0.257639E-01
  0.304427E+01  0.330600E+00  0.254615E-01
  0.304656E+01  0.326900E+00  0.255472E-01
  0.304884E+01  0.290400E+00  0.256806E-01
  0.305112E+01  0.307200E+00  0.255065E-01
  0.305341E+01  0.272100E+00  0.256724E-01
  0.305569E+01  0.298100E+00  0.253863E-01
  0.305798E+01  0.274000E+00  0.255938E-01
  0.306026E+01  0.262900E+00  0.255742E-01
  0.306254E+01  0.259700E+00  0.255429E-01
  0.306483E+01  0.301700E+00  0.255115E-01
  0.306711E+01  0.316100E+00  0.254499E-01
  0.306940E+01  0.269700E+00  0.256239E-01
  0.307168E+01  0.287900E+00  0.255789E-01
  0.307396E+01  0.268600E+00  0.255858E-01
  0.307625E+01  0.271800E+00  0.255071E-01
  0.307853E+01  0.276100E+00  0.254513E-01
  0.308081E+01  0.258200E+00  0.256042E-01
  0.308310E+01  0.315000E+00  0.254815E-01
  0.308538E+01  0.307100E+00  0.255352E-01
  0.308767E+01  0.289300E+00  0.255841E-01
  0.308995E+01  0.282300E+00  0.254684E-01
  0.309223E+01  0.292100E+00  0.255557E-01
  0.309452E+01  0.253100E+00  0.253804E-01
  0.309680E+01  0.248600E+00  0.255927E-01
  0.309909E+01  0.264200E+00  0.254866E-01
  0.310137E+01  0.299500E+00  0.255615E-01
  0.310365E+01  0.291500E+00  0.254485E-01
  0.310594E+01  0.289300E+00  0.254571E-01
  0.310822E+01  0.231100E+00  0.256175E-01
  0.311050E+01  0.259700E+00  0.254537E-01
  0.311279E+01  0.249600E+00  0.255233E-01
  0.311507E+01  0.280100E+00  0.254695E-01
  0.311736E+01  0.298600E+00  0.254923E-01
  0.311964E+01  0.287700E+00  0.256346E-01
  0.312192E+01  0.307500E+00  0.252805E-01
  0.312421E+01  0.356900E+00  0.255665E-01
  0.312649E+01  0.311300E+00  0.255031E-01
  0.312877E+01  0.331200E+00  0.255286E-01
  0.313106E+01  0.330900E+00  0.255517E-01
  0.313334E+01  0.300100E+00  0.253340E-01
  0.313563E+01  0.342400E+00  0.255415E-01
  0.313791E+01  0.320600E+00  0.253576E-01
  0.314019E+01  0.328500E+00  0.256094E-01
  0.314248E+01  0.332000E+00  0.255189E-01
  0.314476E+01  0.312300E+00  0.253681E-01
  0.314705E+01  0.356400E+00  0.256167E-01
  0.314933E+01  0.323500E+00  0.253639E-01
  0.315161E+01  0.359200E+00  0.254659E-01
  0.315390E+01  0.323500E+00  0.254197E-01
  0.315618E+01  0.285400E+00  0.254023E-01
  0.315846E+01  0.291000E+00  0.256169E-01
  0.316075E+01  0.294800E+00  0.252919E-01
  0.316303E+01  0.281300E+00  0.254972E-01
  0.316532E+01  0.312200E+00  0.253512E-01
  0.316760E+01  0.290000E+00  0.254519E-01
  0.316988E+01  0.277600E+00  0.255202E-01
  0.317217E+01  0.322800E+00  0.253044E-01
  0.317445E+01  0.262800E+00  0.255728E-01
  0.317674E+01  0.303000E+00  0.253765E-01
  0.317902E+01  0.308700E+00  0.254957E-01
  0.318130E+01  0.268300E+00  0.254493E-01
  0.318359E+01  0.237300E+00  0.252984E-01
  0.318587E+01  0.261500E+00  0.256053E-01
  0.318815E+01  0.311900E+00  0.253065E-01
  0.319044E+01  0.346400E+00  0.254643E-01
  0.319272E+01  0.302200E+00  0.253066E-01
  0.319501E+01  0.295100E+00  0.254098E-01
  0.319729E+01  0.249300E+00  0.255147E-01
  0.319957E+01  0.285300E+00  0.253182E-01
  0.320186E+01  0.269800E+00  0.254275E-01
  0.320414E+01  0.232400E+00  0.253167E-01
  0.320643E+01  0.260600E+00  0.253712E-01
  0.320871E+01  0.318900E+00  0.254829E-01
  0.321099E+01  0.299400E+00  0.252691E-01
  0.321328E+01  0.302900E+00  0.254825E-01
  0.321556E+01  0.303900E+00  0.253135E-01
  0.321784E+01  0.290900E+00  0.254132E-01
  0.322013E+01  0.279900E+00  0.252958E-01
  0.322241E+01  0.229000E+00  0.252788E-01
  0.322470E+01  0.222100E+00  0.254075E-01
  0.322698E+01  0.276300E+00  0.253269E-01
  0.322926E+01  0.228000E+00  0.253623E-01
  0.323155E+01  0.273000E+00  0.253214E-01
  0.323383E+01  0.250400E+00  0.253341E-01
  0.323611E+01  0.223000E+00  0.254140E-01
  0.323840E+01  0.230300E+00  0.252433E-01
  0.324068E+01  0.234200E+00  0.253682E-01
  0.324297E+01  0.257300E+00  0.252686E-01
  0.324525E+01  0.292500E+00  0.253883E-01
  0.324753E+01  0.277900E+00  0.253672E-01
  0.324982E+01  0.268300E+00  0.252154E-01
  0.325210E+01  0.260400E+00  0.253822E-01
  0.325439E+01  0.270000E+00  0.252298E-01
  0.325667E+01  0.255300E+00  0.254668E-01
  0.325895E+01  0.323800E+00  0.252188E-01
  0.326124E+01  0.283700E+00  0.253340E-01
  0.326352E+01  0.243100E+00  0.253374E-01
  0.326580E+01  0.231000E+00  0.252818E-01
  0.326809E+01  0.309200E+00  0.253683E-01
  0.327037E+01  0.265900E+00  0.251708E-01
  0.327266E+01  0.260300E+00  0.254196E-01
  0.327494E+01  0.242500E+00  0.252952E-01
  0.327722E+01  0.250700E+00  0.251908E-01
  0.327951E+01  0.263100E+00  0.253803E-01
  0.328179E+01  0.252500E+00  0.251565E-01
  0.328408E+01  0.260800E+00  0.254341E-01
  0.328636E+01  0.237900E+00  0.252502E-01
  0.328864E+01  0.239800E+00  0.252291E-01
  0.329093E+01  0.254400E+00  0.253528E-01
  0.329321E+01  0.287200E+00  0.251775E-01
  0.329549E+01  0.220800E+00  0.253616E-01
  0.329778E+01  0.233900E+00  0.251231E-01
  0.330006E+01  0.278100E+00  0.253404E-01
  0.330235E+01  0.266500E+00  0.253229E-01
  0.330463E+01  0.269600E+00  0.252223E-01
  0.330691E+01  0.269200E+00  0.252812E-01
  0.330920E+01  0.219800E+00  0.250624E-01
  0.331148E+01  0.258100E+00  0.254091E-01
  0.331377E+01  0.255800E+00  0.253168E-01
  0.331605E+01  0.268500E+00  0.251587E-01
  0.331833E+01  0.268100E+00  0.252354E-01
  0.332062E+01  0.295200E+00  0.251949E-01
  0.332290E+01  0.342000E+00  0.254366E-01
  0.332518E+01  0.295800E+00  0.252296E-01
  0.332747E+01  0.238700E+00  0.252577E-01
  0.332975E+01  0.257700E+00  0.253731E-01
  0.333204E+01  0.228500E+00  0.252050E-01
  0.333432E+01  0.273800E+00  0.253835E-01
  0.333660E+01  0.278100E+00  0.250910E-01
  0.333889E+01  0.210300E+00  0.253148E-01
  0.334117E+01  0.218300E+00  0.253468E-01
  0.334346E+01  0.246500E+00  0.251620E-01
  0.334574E+01  0.253200E+00  0.254091E-01
  0.334802E+01  0.243200E+00  0.250921E-01
  0.335031E+01  0.268000E+00  0.254452E-01
  0.335259E+01  0.259600E+00  0.252836E-01
  0.335487E+01  0.230700E+00  0.252017E-01
  0.335716E+01  0.267500E+00  0.253435E-01
  0.335944E+01  0.250400E+00  0.251526E-01
  0.336173E+01  0.207800E+00  0.254114E-01
  0.336401E+01  0.234600E+00  0.251748E-01
  0.336629E+01  0.212900E+00  0.252639E-01
  0.336858E+01  0.264700E+00  0.253595E-01
  0.337086E+01  0.214400E+00  0.251730E-01
  0.337314E+01  0.216500E+00  0.253948E-01
  0.337543E+01  0.221700E+00  0.250570E-01
  0.337771E+01  0.245400E+00  0.252918E-01
  0.338000E+01  0.241600E+00  0.253592E-01
  0.338228E+01  0.257700E+00  0.252415E-01
  0.338456E+01  0.243600E+00  0.253752E-01
  0.338685E+01  0.206400E+00  0.251647E-01
  0.338913E+01  0.194600E+00  0.253146E-01
  0.339142E+01  0.206100E+00  0.252248E-01
  0.339370E+01  0.239200E+00  0.251981E-01
  0.339598E+01  0.225000E+00  0.253229E-01
  0.339827E+01  0.237200E+00  0.252866E-01
  0.340055E+01  0.260000E+00  0.253788E-01
  0.340283E+01  0.272500E+00  0.251442E-01
  0.340512E+01  0.303200E+00  0.253061E-01
  0.340740E+01  0.280500E+00  0.253340E-01
  0.340969E+01  0.277900E+00  0.252884E-01
  0.341197E+01  0.256700E+00  0.253936E-01
  0.341425E+01  0.315300E+00  0.251323E-01
  0.341654E+01  0.266000E+00  0.253317E-01
  0.341882E+01  0.188100E+00  0.252135E-01
  0.342111E+01  0.199900E+00  0.253313E-01
  0.342339E+01  0.199200E+00  0.252882E-01
  0.342567E+01  0.210200E+00  0.252403E-01
  0.342796E+01  0.230900E+00  0.253899E-01
  0.343024E+01  0.279800E+00  0.252134E-01
  0.343252E+01  0.254900E+00  0.252851E-01
  0.343481E+01  0.213900E+00  0.252782E-01
  0.343709E+01  0.247300E+00  0.253076E-01
  0.343938E+01  0.281700E+00  0.254119E-01
  0.344166E+01  0.266000E+00  0.251516E-01
  0.344394E+01  0.242900E+00  0.253618E-01
  0.344623E+01  0.244800E+00  0.252435E-01
  0.344851E+01  0.244900E+00  0.253445E-01
  0.345080E+01  0.234600E+00  0.253369E-01
  0.345308E+01  0.247800E+00  0.251948E-01
  0.345536E+01  0.208300E+00  0.253948E-01
  0.345765E+01  0.219000E+00  0.252283E-01
  0.345993E+01  0.214500E+00  0.253155E-01
  0.346221E+01  0.250000E+00  0.252549E-01
  0.346450E+01  0.263700E+00  0.252437E-01
  0.346678E+01  0.230000E+00  0.254705E-01
  0.346907E+01  0.233800E+00  0.251687E-01
  0.347135E+01  0.256200E+00  0.253428E-01
  0.347363E+01  0.261200E+00  0.252743E-01
  0.347592E+01  0.226400E+00  0.252808E-01
  0.347820E+01  0.197500E+00  0.254542E-01
  0.348048E+01  0.177400E+00  0.251477E-01
  0.348277E+01  0.222300E+00  0.254071E-01
  0.348505E+01  0.243700E+00  0.252289E-01
  0.348734E+01  0.240300E+00  0.253479E-01
  0.348962E+01  0.253100E+00  0.253710E-01
  0.349190E+01  0.268600E+00  0.251331E-01
  0.349419E+01  0.275900E+00  0.255084E-01
  0.349647E+01  0.230000E+00  0.252350E-01
  0.349876E+01  0.211500E+00  0.253957E-01
  0.350104E+01  0.247500E+00  0.253023E-01
  0.350332E+01  0.267700E+00  0.251691E-01
  0.350561E+01  0.197300E+00  0.254904E-01
  0.350789E+01  0.214600E+00  0.252223E-01
  0.351017E+01  0.209900E+00  0.253750E-01
  0.351246E+01  0.239400E+00  0.252810E-01
  0.351474E+01  0.226800E+00  0.253138E-01
  0.351703E+01  0.274700E+00  0.254215E-01
  0.351931E+01  0.286800E+00  0.252780E-01
  0.352159E+01  0.256500E+00  0.253913E-01
  0.352388E+01  0.264400E+00  0.252868E-01
  0.352616E+01  0.237100E+00  0.253678E-01
  0.352845E+01  0.252300E+00  0.254244E-01
  0.353073E+01  0.268500E+00  0.252078E-01
  0.353301E+01  0.240700E+00  0.254647E-01
  0.353530E+01  0.269600E+00  0.253277E-01
  0.353758E+01  0.292500E+00  0.254650E-01
  0.353986E+01  0.279400E+00  0.253572E-01
  0.354215E+01  0.223100E+00  0.253465E-01
  0.354443E+01  0.229200E+00  0.254077E-01
  0.354672E+01  0.263600E+00  0.253225E-01
  0.354900E+01  0.246700E+00  0.253930E-01
  0.355128E+01  0.244400E+00  0.254069E-01
  0.355357E+01  0.177800E+00  0.254462E-01
  0.355585E+01  0.183700E+00  0.254282E-01
  0.355814E+01  0.161200E+00  0.251998E-01
  0.356042E+01  0.214300E+00  0.254110E-01
  0.356270E+01  0.228000E+00  0.253820E-01
  0.356499E+01  0.229000E+00  0.254897E-01
  0.356727E+01  0.196100E+00  0.255104E-01
  0.356955E+01  0.270700E+00  0.252275E-01
  0.357184E+01  0.237100E+00  0.254889E-01
  0.357412E+01  0.235700E+00  0.253539E-01
  0.357641E+01  0.224800E+00  0.254327E-01
  0.357869E+01  0.230700E+00  0.253824E-01
  0.358097E+01  0.278000E+00  0.254250E-01
  0.358326E+01  0.242800E+00  0.255220E-01
  0.358554E+01  0.237800E+00  0.253518E-01
  0.358783E+01  0.251600E+00  0.254564E-01
  0.359011E+01  0.159700E+00  0.253991E-01
  0.359239E+01  0.187500E+00  0.254235E-01
  0.359468E+01  0.235100E+00  0.255683E-01
  0.359696E+01  0.218300E+00  0.252347E-01
  0.359924E+01  0.241500E+00  0.254762E-01
  0.360153E+01  0.215000E+00  0.253836E-01
  0.360381E+01  0.254000E+00  0.255956E-01
  0.360610E+01  0.203400E+00  0.254309E-01
  0.360838E+01  0.195700E+00  0.253653E-01
  0.361066E+01  0.226300E+00  0.255979E-01
  0.361295E+01  0.208000E+00  0.253865E-01
  0.361523E+01  0.183100E+00  0.255143E-01
  0.361751E+01  0.207300E+00  0.253740E-01
  0.361980E+01  0.216600E+00  0.254786E-01
  0.362208E+01  0.205600E+00  0.255931E-01
  0.362437E+01  0.234900E+00  0.254491E-01
  0.362665E+01  0.211800E+00  0.255197E-01
  0.362893E+01  0.200800E+00  0.254008E-01
  0.363122E+01  0.182200E+00  0.255456E-01
  0.363350E+01  0.185900E+00  0.255185E-01
  0.363579E+01  0.172600E+00  0.253721E-01
  0.363807E+01  0.175600E+00  0.255760E-01
  0.364035E+01  0.178000E+00  0.254053E-01
  0.364264E+01  0.190400E+00  0.255367E-01
  0.364492E+01  0.201400E+00  0.254967E-01
  0.364720E+01  0.192700E+00  0.254476E-01
  0.364949E+01  0.197500E+00  0.256038E-01
  0.365177E+01  0.216100E+00  0.255565E-01
  0.365406E+01  0.229100E+00  0.254910E-01
  0.365634E+01  0.206300E+00  0.254404E-01
  0.365862E+01  0.223400E+00  0.255600E-01
  0.366091E+01  0.242000E+00  0.255928E-01
  0.366319E+01  0.229500E+00  0.255341E-01
  0.366548E+01  0.203200E+00  0.254294E-01
  0.366776E+01  0.213500E+00  0.255459E-01
  0.367004E+01  0.222300E+00  0.255520E-01
  0.367233E+01  0.205800E+00  0.256084E-01
  0.367461E+01  0.261400E+00  0.255554E-01
  0.367689E+01  0.208700E+00  0.255780E-01
  0.367918E+01  0.176500E+00  0.256290E-01
  0.368146E+01  0.216800E+00  0.255970E-01
  0.368375E+01  0.252400E+00  0.255833E-01
  0.368603E+01  0.248700E+00  0.255081E-01
  0.368831E+01  0.188400E+00  0.255984E-01
  0.369060E+01  0.193700E+00  0.256601E-01
  0.369288E+01  0.238700E+00  0.255906E-01
  0.369517E+01  0.190100E+00  0.256163E-01
  0.369745E+01  0.210900E+00  0.256153E-01
  0.369973E+01  0.209200E+00  0.256251E-01
  0.370202E+01  0.258000E+00  0.256425E-01
  0.370430E+01  0.235500E+00  0.256079E-01
  0.370658E+01  0.202700E+00  0.255948E-01
  0.370887E+01  0.198200E+00  0.257425E-01
  0.371115E+01  0.191100E+00  0.255814E-01
  0.371344E+01  0.181100E+00  0.256233E-01
  0.371572E+01  0.139900E+00  0.256153E-01
  0.371800E+01  0.237200E+00  0.257369E-01
  0.372029E+01  0.228600E+00  0.257462E-01
  0.372257E+01  0.252000E+00  0.256143E-01
  0.372485E+01  0.229500E+00  0.256527E-01
  0.372714E+01  0.195500E+00  0.255847E-01
  0.372942E+01  0.200400E+00  0.257384E-01
  0.373171E+01  0.162100E+00  0.257138E-01
  0.373399E+01  0.167600E+00  0.255924E-01
  0.373627E+01  0.144600E+00  0.257242E-01
  0.373856E+01  0.132900E+00  0.257257E-01
  0.374084E+01  0.179800E+00  0.256319E-01
  0.374313E+01  0.224600E+00  0.257065E-01
  0.374541E+01  0.199800E+00  0.257031E-01
  0.374769E+01  0.201700E+00  0.258339E-01
  0.374998E+01  0.163800E+00  0.257091E-01
  0.375226E+01  0.175500E+00  0.256648E-01
  0.375454E+01  0.197900E+00  0.257186E-01
  0.375683E+01  0.195500E+00  0.257486E-01
  0.375911E+01  0.196700E+00  0.258099E-01
  0.376140E+01  0.176300E+00  0.257172E-01
  0.376368E+01  0.156800E+00  0.257058E-01
  0.376596E+01  0.167900E+00  0.257409E-01
  0.376825E+01  0.263400E+00  0.258752E-01
  0.377053E+01  0.257500E+00  0.257957E-01
  0.377282E+01  0.225400E+00  0.257610E-01
  0.377510E+01  0.224000E+00  0.257910E-01
  0.377738E+01  0.231100E+00  0.258631E-01
  0.377967E+01  0.180800E+00  0.257623E-01
  0.378195E+01  0.192500E+00  0.257308E-01
  0.378423E+01  0.184700E+00  0.257799E-01
  0.378652E+01  0.205400E+00  0.258360E-01
  0.378880E+01  0.188200E+00  0.258924E-01
  0.379109E+01  0.163900E+00  0.257856E-01
  0.379337E+01  0.133900E+00  0.257982E-01
  0.379565E+01  0.168100E+00  0.258752E-01
  0.379794E+01  0.167100E+00  0.258495E-01
  0.380022E+01  0.159000E+00  0.258131E-01
  0.380251E+01  0.163900E+00  0.258572E-01
  0.380479E+01  0.172300E+00  0.259259E-01
  0.380707E+01  0.135500E+00  0.259706E-01
  0.380936E+01  0.179400E+00  0.258304E-01
  0.381164E+01  0.192800E+00  0.258568E-01
  0.381392E+01  0.177900E+00  0.259179E-01
  0.381621E+01  0.214700E+00  0.259421E-01
  0.381849E+01  0.165600E+00  0.258928E-01
  0.382078E+01  0.172500E+00  0.259094E-01
  0.382306E+01  0.131900E+00  0.258822E-01
  0.382534E+01  0.180200E+00  0.259829E-01
  0.382763E+01  0.179400E+00  0.258666E-01
  0.382991E+01  0.145000E+00  0.258935E-01
  0.383220E+01  0.148000E+00  0.259325E-01
  0.383448E+01  0.189700E+00  0.259594E-01
  0.383676E+01  0.223400E+00  0.260111E-01
  0.383905E+01  0.238100E+00  0.259559E-01
  0.384133E+01  0.178400E+00  0.258932E-01
  0.384361E+01  0.148100E+00  0.260197E-01
  0.384590E+01  0.145700E+00  0.260241E-01
  0.384818E+01  0.185400E+00  0.259606E-01
  0.385047E+01  0.183600E+00  0.259505E-01
  0.385275E+01  0.167800E+00  0.259890E-01
  0.385503E+01  0.142900E+00  0.260042E-01
  0.385732E+01  0.176300E+00  0.260078E-01
  0.385960E+01  0.192900E+00  0.260292E-01
  0.386188E+01  0.186600E+00  0.260928E-01
  0.386417E+01  0.229300E+00  0.260907E-01
  0.386645E+01  0.257900E+00  0.261261E-01
  0.386874E+01  0.201200E+00  0.260699E-01
  0.387102E+01  0.176400E+00  0.260623E-01
  0.387330E+01  0.179400E+00  0.260828E-01
  0.387559E+01  0.180000E+00  0.260899E-01
  0.387787E+01  0.183800E+00  0.261363E-01
  0.388016E+01  0.153400E+00  0.260852E-01
  0.388244E+01  0.121500E+00  0.261208E-01
  0.388472E+01  0.139200E+00  0.261997E-01
  0.388701E+01  0.170400E+00  0.260878E-01
  0.388929E+01  0.167800E+00  0.261833E-01
  0.389157E+01  0.138600E+00  0.261066E-01
  0.389386E+01  0.145500E+00  0.261849E-01
  0.389614E+01  0.139100E+00  0.261362E-01
  0.389843E+01  0.127000E+00  0.261231E-01
  0.390071E+01  0.141300E+00  0.262002E-01
  0.390299E+01  0.137600E+00  0.262338E-01
  0.390528E+01  0.195500E+00  0.262100E-01
  0.390756E+01  0.138200E+00  0.261511E-01
  0.390985E+01  0.147100E+00  0.262317E-01
  0.391213E+01  0.208100E+00  0.262895E-01
  0.391441E+01  0.172700E+00  0.262470E-01
  0.391670E+01  0.172000E+00  0.262010E-01
  0.391898E+01  0.227300E+00  0.263054E-01
  0.392126E+01  0.234400E+00  0.263615E-01
  0.392355E+01  0.172000E+00  0.263184E-01
  0.392583E+01  0.186500E+00  0.262683E-01
  0.392812E+01  0.203500E+00  0.262799E-01
  0.393040E+01  0.197500E+00  0.263504E-01
  0.393268E+01  0.167800E+00  0.264147E-01
  0.393497E+01  0.170700E+00  0.263147E-01
  0.393725E+01  0.188400E+00  0.262873E-01
  0.393954E+01  0.169300E+00  0.263826E-01
  0.394182E+01  0.180500E+00  0.263848E-01
  0.394410E+01  0.161400E+00  0.263752E-01
  0.394639E+01  0.105300E+00  0.263055E-01
  0.394867E+01  0.633000E-01  0.263157E-01
  0.395095E+01  0.114500E+00  0.264126E-01
  0.395324E+01  0.134700E+00  0.264095E-01
  0.395552E+01  0.140500E+00  0.264368E-01
  0.395781E+01  0.173200E+00  0.264567E-01
  0.396009E+01  0.158900E+00  0.265443E-01
  0.396237E+01  0.165400E+00  0.265433E-01
  0.396466E+01  0.172800E+00  0.263917E-01
  0.396694E+01  0.185100E+00  0.264596E-01
  0.396922E+01  0.158700E+00  0.265211E-01
  0.397151E+01  0.163800E+00  0.265120E-01
  0.397379E+01  0.109200E+00  0.266273E-01
  0.397608E+01  0.141400E+00  0.265464E-01
  0.397836E+01  0.151400E+00  0.265688E-01
  0.398064E+01  0.182400E+00  0.265973E-01
  0.398293E+01  0.197900E+00  0.265725E-01
  0.398521E+01  0.162800E+00  0.265432E-01
  0.398750E+01  0.153000E+00  0.266197E-01
  0.398978E+01  0.174100E+00  0.266847E-01
  0.399206E+01  0.119400E+00  0.266062E-01
  0.399435E+01  0.173200E+00  0.265640E-01
  0.399663E+01  0.205700E+00  0.267251E-01
  0.399891E+01  0.226700E+00  0.267774E-01
  0.400120E+01  0.198700E+00  0.266815E-01
  0.400348E+01  0.152700E+00  0.266726E-01
  0.400577E+01  0.142600E+00  0.266835E-01
  0.400805E+01  0.172500E+00  0.267172E-01
  0.401033E+01  0.174200E+00  0.267495E-01
  0.401262E+01  0.153200E+00  0.266935E-01
  0.401490E+01  0.108500E+00  0.267326E-01
  0.401719E+01  0.117800E+00  0.268138E-01
  0.401947E+01  0.138800E+00  0.268327E-01
  0.402175E+01  0.162500E+00  0.267125E-01
  0.402404E+01  0.157300E+00  0.267092E-01
  0.402632E+01  0.163600E+00  0.269035E-01
  0.402860E+01  0.165600E+00  0.268805E-01
  0.403089E+01  0.141900E+00  0.268734E-01
  0.403317E+01  0.186000E+00  0.268059E-01
  0.403546E+01  0.185200E+00  0.268690E-01
  0.403774E+01  0.160300E+00  0.268690E-01
  0.404002E+01  0.146200E+00  0.268684E-01
  0.404231E+01  0.160300E+00  0.268388E-01
  0.404459E+01  0.119800E+00  0.269096E-01
  0.404688E+01  0.130100E+00  0.269395E-01
  0.404916E+01  0.152200E+00  0.270045E-01
  0.405144E+01  0.203800E+00  0.268700E-01
  0.405373E+01  0.231200E+00  0.269228E-01
  0.405601E+01  0.174900E+00  0.269798E-01
  0.405829E+01  0.191800E+00  0.270516E-01
  0.406058E+01  0.172800E+00  0.270084E-01
  0.406286E+01  0.183400E+00  0.269362E-01
  0.406515E+01  0.223400E+00  0.270136E-01
  0.406743E+01  0.193800E+00  0.271957E-01
  0.406971E+01  0.206900E+00  0.271051E-01
  0.407200E+01  0.205700E+00  0.270889E-01
  0.407428E+01  0.161900E+00  0.270793E-01
  0.407657E+01  0.161200E+00  0.271009E-01
  0.407885E+01  0.129500E+00  0.270506E-01
  0.408113E+01  0.182000E+00  0.269989E-01
  0.408342E+01  0.159700E+00  0.272210E-01
  0.408570E+01  0.185100E+00  0.272085E-01
  0.408798E+01  0.158700E+00  0.272409E-01
  0.409027E+01  0.181700E+00  0.271775E-01
  0.409255E+01  0.212200E+00  0.271464E-01
  0.409484E+01  0.233300E+00  0.272715E-01
  0.409712E+01  0.233400E+00  0.273648E-01
  0.409940E+01  0.186800E+00  0.272959E-01
  0.410169E+01  0.182500E+00  0.272766E-01
  0.410397E+01  0.141400E+00  0.272930E-01
  0.410625E+01  0.139800E+00  0.274522E-01
  0.410854E+01  0.159700E+00  0.273556E-01
  0.411082E+01  0.132000E+00  0.273388E-01
  0.411311E+01  0.206200E+00  0.274104E-01
  0.411539E+01  0.161200E+00  0.274804E-01
  0.411767E+01  0.191700E+00  0.273862E-01
  0.411996E+01  0.138400E+00  0.273569E-01
  0.412224E+01  0.176600E+00  0.274679E-01
  0.412453E+01  0.149800E+00  0.275416E-01
  0.412681E+01  0.210800E+00  0.275527E-01
  0.412909E+01  0.244400E+00  0.275087E-01
  0.413138E+01  0.183700E+00  0.275163E-01
  0.413366E+01  0.106700E+00  0.275418E-01
  0.413594E+01  0.135300E+00  0.275271E-01
  0.413823E+01  0.141400E+00  0.275801E-01
  0.414051E+01  0.158200E+00  0.275969E-01
  0.414280E+01  0.160100E+00  0.276840E-01
  0.414508E+01  0.132100E+00  0.277249E-01
  0.414736E+01  0.119600E+00  0.276839E-01
  0.414965E+01  0.164500E+00  0.275509E-01
  0.415193E+01  0.148500E+00  0.277394E-01
  0.415422E+01  0.184100E+00  0.278093E-01
  0.415650E+01  0.190900E+00  0.278557E-01
  0.415878E+01  0.152300E+00  0.277363E-01
  0.416107E+01  0.137400E+00  0.278082E-01
  0.416335E+01  0.161900E+00  0.278310E-01
  0.416563E+01  0.178900E+00  0.279265E-01
  0.416792E+01  0.175800E+00  0.278409E-01
  0.417020E+01  0.126000E+00  0.278530E-01
  0.417249E+01  0.723000E-01  0.279083E-01
  0.417477E+01  0.138500E+00  0.279834E-01
  0.417705E+01  0.177700E+00  0.278749E-01
  0.417934E+01  0.123700E+00  0.278128E-01
  0.418162E+01  0.165400E+00  0.280815E-01
  0.418391E+01  0.171800E+00  0.280959E-01
  0.418619E+01  0.129600E+00  0.280034E-01
  0.418847E+01  0.163300E+00  0.278855E-01
  0.419076E+01  0.172600E+00  0.280396E-01
  0.419304E+01  0.139400E+00  0.280519E-01
  0.419532E+01  0.167000E+00  0.281145E-01
  0.419761E+01  0.195400E+00  0.280608E-01
  0.419989E+01  0.174000E+00  0.282371E-01
  0.420218E+01  0.219700E+00  0.281855E-01
  0.420446E+01  0.172400E+00  0.281967E-01
  0.420674E+01  0.196400E+00  0.281389E-01
  0.420903E+01  0.154700E+00  0.281585E-01
  0.421131E+01  0.200600E+00  0.283395E-01
  0.421359E+01  0.205300E+00  0.283538E-01
  0.421588E+01  0.174900E+00  0.282717E-01
  0.421816E+01  0.170300E+00  0.282512E-01
  0.422045E+01  0.205100E+00  0.283332E-01
  0.422273E+01  0.249500E+00  0.284242E-01
  0.422501E+01  0.234800E+00  0.284329E-01
  0.422730E+01  0.112000E+00  0.282821E-01
  0.422958E+01  0.170100E+00  0.284990E-01
  0.423187E+01  0.187200E+00  0.285070E-01
  0.423415E+01  0.165700E+00  0.284088E-01
  0.423643E+01  0.211300E+00  0.284060E-01
  0.423872E+01  0.240700E+00  0.285571E-01
  0.424100E+01  0.181700E+00  0.285538E-01
  0.424328E+01  0.167600E+00  0.285755E-01
  0.424557E+01  0.196900E+00  0.284866E-01
  0.424785E+01  0.137000E+00  0.285053E-01
  0.425014E+01  0.189700E+00  0.286145E-01
  0.425242E+01  0.229900E+00  0.287610E-01
  0.425470E+01  0.182000E+00  0.287099E-01
  0.425699E+01  0.197700E+00  0.287171E-01
  0.425927E+01  0.167100E+00  0.287073E-01
  0.426156E+01  0.158200E+00  0.287242E-01
  0.426384E+01  0.140100E+00  0.288016E-01
  0.426612E+01  0.110100E+00  0.287878E-01
  0.426841E+01  0.148400E+00  0.287872E-01
  0.427069E+01  0.839000E-01  0.289738E-01
  0.427297E+01  0.611000E-01  0.288432E-01
  0.427526E+01  0.136900E+00  0.288931E-01
  0.427754E+01  0.150700E+00  0.289466E-01
  0.427983E+01  0.171900E+00  0.289859E-01
  0.428211E+01  0.180600E+00  0.290500E-01
  0.428439E+01  0.189600E+00  0.290150E-01
  0.428668E+01  0.158100E+00  0.289856E-01
  0.428896E+01  0.154100E+00  0.290572E-01
  0.429125E+01  0.201700E+00  0.291537E-01
  0.429353E+01  0.148600E+00  0.291661E-01
  0.429581E+01  0.151200E+00  0.291371E-01
  0.429810E+01  0.982000E-01  0.292835E-01
  0.430038E+01  0.123400E+00  0.294295E-01
  0.430266E+01  0.236000E+00  0.294347E-01
  0.430495E+01  0.182200E+00  0.294033E-01
  0.430723E+01  0.160400E+00  0.295154E-01
  0.430952E+01  0.149000E+00  0.295852E-01
  0.431180E+01  0.141700E+00  0.297175E-01
  0.431408E+01  0.183700E+00  0.296555E-01
  0.431637E+01  0.138500E+00  0.296945E-01
  0.431865E+01  0.150200E+00  0.296437E-01
  0.432094E+01  0.113100E+00  0.298778E-01
  0.432322E+01  0.186500E+00  0.298103E-01
  0.432550E+01  0.201300E+00  0.299246E-01
  0.432779E+01  0.136200E+00  0.299792E-01
  0.433007E+01  0.100500E+00  0.299250E-01
  0.433235E+01  0.102200E+00  0.299384E-01
  0.433464E+01  0.108100E+00  0.299696E-01
  0.433692E+01  0.142900E+00  0.300864E-01
  0.433921E+01  0.171500E+00  0.300896E-01
  0.434149E+01  0.157900E+00  0.302158E-01
  0.434377E+01  0.129900E+00  0.302501E-01
  0.434606E+01  0.174400E+00  0.302357E-01
  0.434834E+01  0.214400E+00  0.303699E-01
  0.435062E+01  0.160100E+00  0.303610E-01
  0.435291E+01  0.114800E+00  0.303719E-01
  0.435519E+01  0.109100E+00  0.304383E-01
  0.435748E+01  0.994000E-01  0.303712E-01
  0.435976E+01  0.158700E+00  0.304200E-01
  0.436204E+01  0.146300E+00  0.305006E-01
  0.436433E+01  0.186000E+00  0.305813E-01
  0.436661E+01  0.155500E+00  0.306768E-01
  0.436890E+01  0.126600E+00  0.306616E-01
  0.437118E+01  0.138700E+00  0.306843E-01
  0.437346E+01  0.140700E+00  0.306837E-01
  0.437575E+01  0.143100E+00  0.307054E-01
  0.437803E+01  0.201600E+00  0.309128E-01
  0.438031E+01  0.194600E+00  0.309106E-01
  0.438260E+01  0.149700E+00  0.310209E-01
  0.438488E+01  0.156200E+00  0.310461E-01
  0.438717E+01  0.118900E+00  0.309532E-01
  0.438945E+01  0.132400E+00  0.310276E-01
  0.439173E+01  0.201700E+00  0.311572E-01
  0.439402E+01  0.114100E+00  0.311030E-01
  0.439630E+01  0.150100E+00  0.311357E-01
  0.439859E+01  0.120400E+00  0.311455E-01
  0.440087E+01  0.994000E-01  0.311915E-01
  0.440315E+01  0.131700E+00  0.311630E-01
  0.440544E+01  0.118400E+00  0.312794E-01
  0.440772E+01  0.150700E+00  0.314494E-01
  0.441000E+01  0.182400E+00  0.313993E-01
  0.441229E+01  0.132700E+00  0.314157E-01
  0.441457E+01  0.143500E+00  0.314428E-01
  0.441686E+01  0.136100E+00  0.314360E-01
  0.441914E+01  0.692000E-01  0.315179E-01
  0.442142E+01  0.130400E+00  0.316844E-01
  0.442371E+01  0.120400E+00  0.317047E-01
  0.442599E+01  0.161800E+00  0.317768E-01
  0.442828E+01  0.172300E+00  0.317720E-01
  0.443056E+01  0.164100E+00  0.318405E-01
  0.443284E+01  0.161200E+00  0.318751E-01
  0.443513E+01  0.147800E+00  0.320494E-01
  0.443741E+01  0.133900E+00  0.320736E-01
  0.443969E+01  0.110900E+00  0.321399E-01
  0.444198E+01  0.148700E+00  0.322322E-01
  0.444426E+01  0.158800E+00  0.321357E-01
  0.444655E+01  0.159400E+00  0.323656E-01
  0.444883E+01  0.144100E+00  0.324097E-01
  0.445111E+01  0.109900E+00  0.325255E-01
  0.445340E+01  0.132300E+00  0.327490E-01
  0.445568E+01  0.887000E-01  0.327052E-01
  0.445796E+01  0.108400E+00  0.328221E-01
  0.446025E+01  0.690000E-01  0.327954E-01
  0.446253E+01  0.359000E-01  0.329410E-01
  0.446482E+01  0.246000E-01  0.330655E-01
  0.446710E+01  0.899000E-01  0.330811E-01
  0.446938E+01  0.325000E-01  0.331278E-01
  0.447167E+01  0.629000E-01  0.333329E-01
  0.447395E+01  0.109300E+00  0.332475E-01
  0.447624E+01  0.888000E-01  0.335379E-01
  0.447852E+01  0.576000E-01  0.335609E-01
  0.448080E+01  0.892000E-01  0.336548E-01
  0.448309E+01  0.835000E-01  0.337311E-01
  0.448537E+01  0.987000E-01  0.338712E-01
  0.448765E+01  0.937000E-01  0.338159E-01
  0.448994E+01  0.133900E+00  0.338543E-01
  0.449222E+01  0.152000E+00  0.342153E-01
  0.449451E+01  0.136700E+00  0.340887E-01
  0.449679E+01  0.116400E+00  0.342902E-01
  0.449907E+01  0.104800E+00  0.343857E-01
  0.450136E+01  0.877000E-01  0.343553E-01
  0.450364E+01  0.101200E+00  0.344367E-01
  0.450593E+01  0.557000E-01  0.345565E-01
  0.450821E+01  0.610000E-02  0.345787E-01
  0.451049E+01  0.681000E-01  0.347315E-01
  0.451278E+01  0.469000E-01  0.348962E-01
  0.451506E+01  0.990000E-02  0.348355E-01
  0.451734E+01  0.901000E-01  0.349884E-01
  0.451963E+01  0.677000E-01  0.349773E-01
  0.452191E+01  0.887000E-01  0.351632E-01
  0.452420E+01  0.102400E+00  0.351621E-01
  0.452648E+01  0.122500E+00  0.353978E-01
  0.452876E+01  0.136900E+00  0.355581E-01
  0.453105E+01  0.928000E-01  0.355842E-01
  0.453333E+01  0.121200E+00  0.356360E-01
  0.453562E+01  0.140300E+00  0.358885E-01
  0.453790E+01  0.235000E-01  0.357297E-01
  0.454018E+01  0.309000E-01  0.358514E-01
  0.454247E+01  0.372000E-01  0.359160E-01
  0.454475E+01  0.469000E-01  0.359930E-01
  0.454703E+01  0.699000E-01  0.361396E-01
  0.454932E+01  0.795000E-01  0.363627E-01
  0.455160E+01  0.718000E-01  0.364759E-01
  0.455389E+01  0.728000E-01  0.366487E-01
  0.455617E+01  0.143800E+00  0.367484E-01
  0.455845E+01  0.111600E+00  0.368759E-01
  0.456074E+01  0.587000E-01  0.371240E-01
  0.456302E+01  0.289000E-01  0.371405E-01
  0.456531E+01  0.715000E-01  0.374848E-01
  0.456759E+01  0.568000E-01  0.376136E-01
  0.456987E+01  0.376000E-01  0.378267E-01
  0.457216E+01  0.837000E-01  0.380923E-01
  0.457444E+01  0.471000E-01  0.383244E-01
  0.457672E+01  0.433000E-01  0.384320E-01
  0.457901E+01  0.775000E-01  0.386012E-01
  0.458129E+01  0.169400E+00  0.388001E-01
  0.458358E+01  0.237000E-01  0.389787E-01
  0.458586E+01  0.153000E-01  0.393084E-01
  0.458814E+01  0.870000E-02  0.392682E-01
  0.459043E+01  0.943000E-01  0.396410E-01
  0.459271E+01  0.146600E+00  0.399755E-01
  0.459499E+01  0.259000E+00  0.401390E-01
  0.459728E+01  0.151700E+00  0.402947E-01
  0.459956E+01  0.125600E+00  0.404517E-01
  0.460185E+01  0.528000E-01  0.406366E-01
