 6.025510e-002  1.523900e+002  4.664220e+001
 6.256970e-002  1.367900e+002  2.587311e+001
 6.488420e-002  1.471300e+002  2.011725e+001
 6.719870e-002  1.235100e+002  1.702002e+001
 6.951320e-002  1.088300e+002  1.452650e+001
 7.182780e-002  9.353000e+001  1.242691e+001
 7.414230e-002  8.731000e+001  1.177974e+001
 7.645680e-002  9.291000e+001  1.046725e+001
 7.877140e-002  9.279000e+001  9.365482e+000
 8.108590e-002  1.045300e+002  8.678061e+000
 8.340040e-002  9.848000e+001  7.726196e+000
 8.571500e-002  1.187700e+002  7.433224e+000
 8.802950e-002  1.172200e+002  6.500497e+000
 9.034400e-002  1.041800e+002  6.082740e+000
 9.265850e-002  9.724000e+001  5.751555e+000
 9.497310e-002  9.301000e+001  5.313875e+000
 9.728760e-002  9.106000e+001  5.113017e+000
 9.960210e-002  8.777000e+001  4.472758e+000
 1.019170e-001  9.777000e+001  4.365498e+000
 1.042310e-001  9.883000e+001  4.147255e+000
 1.065460e-001  9.830000e+001  3.810642e+000
 1.088600e-001  9.871000e+001  3.701060e+000
 1.111750e-001  1.021700e+002  3.337364e+000
 1.134890e-001  1.009400e+002  3.231788e+000
 1.158040e-001  1.077060e+002  3.051329e+000
 1.181180e-001  1.024870e+002  2.854694e+000
 1.204330e-001  1.017080e+002  2.703921e+000
 1.227470e-001  1.002030e+002  2.606222e+000
 1.250620e-001  9.668600e+001  2.469740e+000
 1.273760e-001  9.617300e+001  2.323907e+000
 1.296910e-001  9.269000e+001  2.212377e+000
 1.320060e-001  9.510900e+001  2.111367e+000
 1.343200e-001  9.975000e+001  2.040224e+000
 1.366350e-001  1.016690e+002  1.949181e+000
 1.389490e-001  9.976900e+001  1.821513e+000
 1.412640e-001  1.000270e+002  1.757217e+000
 1.435780e-001  9.465200e+001  1.687692e+000
 1.458930e-001  9.941600e+001  1.626831e+000
 1.482070e-001  9.444600e+001  1.543607e+000
 1.505220e-001  9.554600e+001  1.502775e+000
 1.528360e-001  9.658200e+001  1.452811e+000
 1.551510e-001  9.644600e+001  1.368257e+000
 1.574650e-001  9.439900e+001  1.336751e+000
 1.597800e-001  9.399800e+001  1.279926e+000
 1.620940e-001  9.367800e+001  1.278889e+000
 1.644090e-001  9.627300e+001  1.186512e+000
 1.667230e-001  9.399600e+001  1.159061e+000
 1.690380e-001  9.286900e+001  1.124511e+000
 1.713530e-001  9.248500e+001  1.083521e+000
 1.736670e-001  9.234600e+001  1.057657e+000
 1.759820e-001  9.281700e+001  1.033748e+000
 1.782960e-001  9.133400e+001  9.843321e-001
 1.806110e-001  8.967900e+001  9.736526e-001
 1.829250e-001  8.958500e+001  9.310416e-001
 1.852400e-001  9.139000e+001  9.271079e-001
 1.875540e-001  8.945600e+001  8.768986e-001
 1.898690e-001  8.930600e+001  8.763742e-001
 1.921830e-001  8.821600e+001  8.553099e-001
 1.944980e-001  8.767870e+001  8.148824e-001
 1.968120e-001  8.834760e+001  8.131288e-001
 1.991270e-001  8.781110e+001  7.759201e-001
 2.014410e-001  8.814880e+001  7.837330e-001
 2.037560e-001  8.708430e+001  7.623697e-001
 2.060710e-001  8.666540e+001  7.293412e-001
 2.083850e-001  8.528300e+001  7.309427e-001
 2.107000e-001  8.409040e+001  7.111157e-001
 2.130140e-001  8.378140e+001  6.956250e-001
 2.153290e-001  8.416760e+001  6.960124e-001
 2.176430e-001  8.453600e+001  6.659803e-001
 2.199580e-001  8.435320e+001  6.674605e-001
 2.222720e-001  8.263360e+001  6.473105e-001
 2.245870e-001  8.172990e+001  6.373648e-001
 2.269010e-001  8.089710e+001  6.276696e-001
 2.292160e-001  8.121810e+001  6.210858e-001
 2.315300e-001  7.954810e+001  6.156456e-001
 2.338450e-001  8.012510e+001  6.013436e-001
 2.361590e-001  8.074070e+001  5.864088e-001
 2.384740e-001  8.034460e+001  5.937186e-001
 2.407880e-001  7.982490e+001  5.751804e-001
 2.431030e-001  7.846570e+001  5.802452e-001
 2.454180e-001  7.683000e+001  5.615501e-001
 2.477320e-001  7.739450e+001  5.514621e-001
 2.500470e-001  7.821560e+001  5.481510e-001
 2.523610e-001  7.696730e+001  5.448559e-001
 2.546760e-001  7.598410e+001  5.406248e-001
 2.569900e-001  7.580680e+001  5.330482e-001
 2.593050e-001  7.470780e+001  5.263340e-001
 2.616190e-001  7.377060e+001  5.215431e-001
 2.639340e-001  7.276480e+001  5.140482e-001
 2.662480e-001  7.235230e+001  5.080640e-001
 2.685630e-001  7.225810e+001  5.094243e-001
 2.708770e-001  7.177440e+001  4.997629e-001
 2.731920e-001  7.150720e+001  4.955881e-001
 2.755060e-001  7.053570e+001  4.864009e-001
 2.778210e-001  7.070740e+001  4.832933e-001
 2.801350e-001  7.047040e+001  4.864121e-001
 2.824500e-001  6.925730e+001  4.770713e-001
 2.847650e-001  6.878980e+001  4.733266e-001
 2.870790e-001  6.974170e+001  4.673769e-001
 2.893940e-001  6.924880e+001  4.670372e-001
 2.917080e-001  6.899380e+001  4.620915e-001
 2.940230e-001  6.883040e+001  4.579832e-001
 2.963370e-001  6.853480e+001  4.548529e-001
 2.986520e-001  6.690540e+001  4.515103e-001
 3.009660e-001  6.582090e+001  4.448724e-001
 3.032810e-001  6.507510e+001  4.450912e-001
 3.055950e-001  6.482200e+001  4.331559e-001
 3.079100e-001  6.463510e+001  4.389843e-001
 3.102240e-001  6.466870e+001  4.364306e-001
 3.125390e-001  6.404910e+001  4.313872e-001
 3.148530e-001  6.385740e+001  4.266949e-001
 3.171680e-001  6.330500e+001  4.251733e-001
 3.194820e-001  6.288530e+001  4.213111e-001
 3.217970e-001  6.186520e+001  4.205332e-001
 3.241120e-001  6.148120e+001  4.165589e-001
 3.264260e-001  6.120020e+001  4.103787e-001
 3.287410e-001  6.026200e+001  4.107842e-001
 3.310550e-001  6.018180e+001  4.073254e-001
 3.333700e-001  5.974220e+001  4.091330e-001
 3.356840e-001  5.964820e+001  4.033403e-001
 3.379990e-001  5.878750e+001  4.030232e-001
 3.403130e-001  5.699160e+001  3.960875e-001
 3.426280e-001  5.726740e+001  3.927269e-001
 3.449420e-001  5.770360e+001  3.915603e-001
 3.472570e-001  5.745720e+001  3.938871e-001
 3.495710e-001  5.609940e+001  3.864995e-001
 3.518860e-001  5.541590e+001  3.878741e-001
 3.542000e-001  5.574470e+001  3.795299e-001
 3.565150e-001  5.570500e+001  3.815849e-001
 3.588290e-001  5.433550e+001  3.804958e-001
 3.611440e-001  5.429320e+001  3.772044e-001
 3.634590e-001  5.422040e+001  3.719837e-001
 3.657730e-001  5.406150e+001  3.738956e-001
 3.680880e-001  5.297170e+001  3.742807e-001
 3.704020e-001  5.280440e+001  3.680475e-001
 3.727170e-001  5.357930e+001  3.646542e-001
 3.750310e-001  5.212020e+001  3.623904e-001
 3.773460e-001  5.159440e+001  3.624348e-001
 3.796600e-001  5.121140e+001  3.598969e-001
 3.819750e-001  5.077750e+001  3.560326e-001
 3.842890e-001  5.012290e+001  3.524105e-001
 3.866040e-001  5.021880e+001  3.535977e-001
 3.889180e-001  4.983810e+001  3.503296e-001
 3.912330e-001  4.962950e+001  3.493185e-001
 3.935470e-001  4.951720e+001  3.401944e-001
 3.958620e-001  4.875910e+001  3.456012e-001
 3.981760e-001  4.850930e+001  3.408510e-001
 4.004910e-001  4.832790e+001  3.395078e-001
 4.028060e-001  4.844020e+001  3.372509e-001
 4.051200e-001  4.704000e+001  3.346331e-001
 4.074350e-001  4.661010e+001  3.336840e-001
 4.097490e-001  4.657120e+001  3.318309e-001
 4.120640e-001  4.578720e+001  3.266342e-001
 4.143780e-001  4.577200e+001  3.266351e-001
 4.166930e-001  4.561490e+001  3.277441e-001
 4.190070e-001  4.487460e+001  3.252815e-001
 4.213220e-001  4.418970e+001  3.213026e-001
 4.236360e-001  4.383010e+001  3.170589e-001
 4.259510e-001  4.412500e+001  3.194837e-001
 4.282650e-001  4.320430e+001  3.146749e-001
 4.305800e-001  4.317890e+001  3.157787e-001
 4.328940e-001  4.335530e+001  3.129610e-001
 4.352090e-001  4.249840e+001  3.091672e-001
 4.375230e-001  4.247170e+001  3.085825e-001
 4.398380e-001  4.172400e+001  3.061970e-001
 4.421530e-001  4.168930e+001  3.025721e-001
 4.444670e-001  4.114080e+001  3.038127e-001
 4.467820e-001  4.143470e+001  3.019880e-001
 4.490960e-001  4.153110e+001  3.001972e-001
 4.514110e-001  4.056650e+001  2.946446e-001
 4.537250e-001  4.037770e+001  2.936065e-001
 4.560400e-001  3.978380e+001  2.962331e-001
 4.583540e-001  4.003190e+001  2.922962e-001
 4.606690e-001  3.921010e+001  2.916659e-001
 4.629830e-001  3.838350e+001  2.859763e-001
 4.652980e-001  3.857290e+001  2.896452e-001
 4.676120e-001  3.844690e+001  2.876855e-001
 4.699270e-001  3.773260e+001  2.815113e-001
 4.722410e-001  3.802310e+001  2.833883e-001
 4.745560e-001  3.750880e+001  2.818885e-001
 4.768700e-001  3.739940e+001  2.800345e-001
 4.791850e-001  3.760120e+001  2.802977e-001
 4.815000e-001  3.723940e+001  2.745913e-001
 4.838140e-001  3.636540e+001  2.759611e-001
 4.861290e-001  3.652000e+001  2.762653e-001
 4.884430e-001  3.587760e+001  2.714469e-001
 4.907580e-001  3.539460e+001  2.702163e-001
 4.930720e-001  3.551810e+001  2.679129e-001
 4.953870e-001  3.532290e+001  2.700761e-001
 4.977010e-001  3.525690e+001  2.703767e-001
 5.000160e-001  3.483460e+001  2.656482e-001
 5.023300e-001  3.450120e+001  2.629379e-001
 5.046450e-001  3.416440e+001  2.635164e-001
 5.069590e-001  3.351980e+001  2.607966e-001
 5.092740e-001  3.397050e+001  2.618150e-001
 5.115880e-001  3.381530e+001  2.576567e-001
 5.139030e-001  3.392330e+001  2.608236e-001
 5.162180e-001  3.315730e+001  2.559372e-001
 5.185320e-001  3.296130e+001  2.558151e-001
 5.208470e-001  3.242570e+001  2.531456e-001
 5.231610e-001  3.211390e+001  2.525102e-001
 5.254760e-001  3.234060e+001  2.540710e-001
 5.277900e-001  3.242910e+001  2.532716e-001
 5.301050e-001  3.203620e+001  2.487757e-001
 5.324190e-001  3.193490e+001  2.479996e-001
 5.347340e-001  3.152890e+001  2.484375e-001
 5.370480e-001  3.150130e+001  2.467663e-001
 5.393630e-001  3.105160e+001  2.467673e-001
 5.416770e-001  3.114490e+001  2.427697e-001
 5.439920e-001  3.077430e+001  2.432729e-001
 5.463060e-001  3.041930e+001  2.418937e-001
 5.486210e-001  3.013560e+001  2.404322e-001
 5.509350e-001  2.995900e+001  2.400260e-001
 5.532500e-001  2.965240e+001  2.402577e-001
 5.555650e-001  2.896570e+001  2.381728e-001
 5.578790e-001  2.938310e+001  2.374675e-001
 5.601940e-001  2.929710e+001  2.349913e-001
 5.625080e-001  2.908700e+001  2.359676e-001
 5.648230e-001  2.871320e+001  2.348192e-001
 5.671370e-001  2.890270e+001  2.343643e-001
 5.694520e-001  2.858690e+001  2.296905e-001
 5.717660e-001  2.790780e+001  2.297926e-001
 5.740810e-001  2.745050e+001  2.314364e-001
 5.763950e-001  2.774510e+001  2.285960e-001
 5.787100e-001  2.725340e+001  2.269899e-001
 5.810240e-001  2.743060e+001  2.269597e-001
 5.833390e-001  2.736440e+001  2.268668e-001
 5.856530e-001  2.693060e+001  2.256187e-001
 5.879680e-001  2.693070e+001  2.243248e-001
 5.902820e-001  2.681500e+001  2.225838e-001
 5.925970e-001  2.622250e+001  2.232737e-001
 5.949120e-001  2.620260e+001  2.220695e-001
 5.972260e-001  2.589320e+001  2.211432e-001
 5.995410e-001  2.630960e+001  2.193104e-001
 6.018550e-001  2.622680e+001  2.187786e-001
 6.041700e-001  2.568090e+001  2.186727e-001
 6.064840e-001  2.554360e+001  2.172208e-001
 6.087990e-001  2.530390e+001  2.168646e-001
 6.111130e-001  2.500170e+001  2.151885e-001
 6.134280e-001  2.492660e+001  2.163571e-001
 6.157420e-001  2.502540e+001  2.157053e-001
 6.180570e-001  2.452080e+001  2.126490e-001
 6.203710e-001  2.448430e+001  2.137991e-001
 6.226860e-001  2.469510e+001  2.126442e-001
 6.250000e-001  2.428230e+001  2.108655e-001
 6.273150e-001  2.394500e+001  2.099087e-001
 6.296290e-001  2.392640e+001  2.099338e-001
 6.319440e-001  2.363420e+001  2.106899e-001
 6.342590e-001  2.315570e+001  2.082303e-001
 6.365730e-001  2.336960e+001  2.084991e-001
 6.388880e-001  2.314210e+001  2.062887e-001
 6.412020e-001  2.325580e+001  2.068302e-001
 6.435170e-001  2.308280e+001  2.060411e-001
 6.458310e-001  2.316070e+001  2.050464e-001
 6.481460e-001  2.265070e+001  2.043836e-001
 6.504600e-001  2.241860e+001  2.027505e-001
 6.527750e-001  2.218470e+001  2.030853e-001
 6.550890e-001  2.233690e+001  2.024258e-001
 6.574040e-001  2.228370e+001  2.013059e-001
 6.597180e-001  2.190000e+001  2.010240e-001
 6.620330e-001  2.210650e+001  2.021944e-001
 6.643470e-001  2.186250e+001  1.991139e-001
 6.666620e-001  2.161410e+001  1.988535e-001
 6.689760e-001  2.130940e+001  1.964172e-001
 6.712910e-001  2.142100e+001  1.988360e-001
 6.736060e-001  2.119910e+001  1.979024e-001
 6.759200e-001  2.105190e+001  1.971623e-001
 6.782350e-001  2.137900e+001  1.960427e-001
 6.805490e-001  2.097940e+001  1.936211e-001
 6.828640e-001  2.086060e+001  1.952885e-001
 6.851780e-001  2.069320e+001  1.949602e-001
 6.874930e-001  2.065920e+001  1.930621e-001
 6.898070e-001  2.067100e+001  1.939444e-001
 6.921220e-001  2.030020e+001  1.918024e-001
 6.944360e-001  2.025140e+001  1.915502e-001
 6.967510e-001  2.005490e+001  1.919838e-001
 6.990650e-001  1.998260e+001  1.895223e-001
 7.013800e-001  1.958010e+001  1.915727e-001
 7.036940e-001  1.976970e+001  1.890947e-001
 7.060090e-001  1.954130e+001  1.887462e-001
 7.083230e-001  1.930230e+001  1.876848e-001
 7.106380e-001  1.929920e+001  1.878754e-001
 7.129530e-001  1.915620e+001  1.871053e-001
 7.152670e-001  1.893240e+001  1.865124e-001
 7.175820e-001  1.865630e+001  1.861281e-001
 7.198960e-001  1.841970e+001  1.848804e-001
 7.222110e-001  1.847180e+001  1.847997e-001
 7.245250e-001  1.861610e+001  1.846863e-001
 7.268400e-001  1.894770e+001  1.833915e-001
 7.291540e-001  1.856680e+001  1.831447e-001
 7.314690e-001  1.843750e+001  1.838661e-001
 7.337830e-001  1.856220e+001  1.822769e-001
 7.360980e-001  1.836060e+001  1.818013e-001
 7.384120e-001  1.826120e+001  1.808384e-001
 7.407270e-001  1.812340e+001  1.813115e-001
 7.430410e-001  1.803530e+001  1.813027e-001
 7.453560e-001  1.776780e+001  1.788476e-001
 7.476700e-001  1.749810e+001  1.791706e-001
 7.499850e-001  1.764470e+001  1.786400e-001
 7.523000e-001  1.777510e+001  1.790205e-001
 7.546140e-001  1.762300e+001  1.791789e-001
 7.569290e-001  1.760370e+001  1.773465e-001
 7.592430e-001  1.708470e+001  1.771123e-001
 7.615580e-001  1.674970e+001  1.769203e-001
 7.638720e-001  1.706750e+001  1.763411e-001
 7.661870e-001  1.706930e+001  1.752629e-001
 7.685010e-001  1.666100e+001  1.762101e-001
 7.708160e-001  1.673560e+001  1.752629e-001
 7.731300e-001  1.658040e+001  1.753579e-001
 7.754450e-001  1.668260e+001  1.720081e-001
 7.777590e-001  1.637680e+001  1.736460e-001
 7.800740e-001  1.623710e+001  1.742066e-001
 7.823880e-001  1.626490e+001  1.734425e-001
 7.847030e-001  1.616340e+001  1.714342e-001
 7.870170e-001  1.602480e+001  1.703722e-001
 7.893320e-001  1.574250e+001  1.722846e-001
 7.916470e-001  1.581620e+001  1.709718e-001
 7.939610e-001  1.581770e+001  1.702508e-001
 7.962760e-001  1.596580e+001  1.697701e-001
 7.985900e-001  1.576350e+001  1.695395e-001
 8.009050e-001  1.569420e+001  1.691861e-001
 8.032190e-001  1.563490e+001  1.690600e-001
 8.055340e-001  1.561470e+001  1.676999e-001
 8.078480e-001  1.548800e+001  1.680756e-001
 8.101630e-001  1.520790e+001  1.680169e-001
 8.124770e-001  1.472420e+001  1.671024e-001
 8.147920e-001  1.482820e+001  1.654768e-001
 8.171060e-001  1.539220e+001  1.664434e-001
 8.194210e-001  1.494040e+001  1.671205e-001
 8.217350e-001  1.461800e+001  1.654212e-001
 8.240500e-001  1.442950e+001  1.648234e-001
 8.263640e-001  1.474290e+001  1.638838e-001
 8.286790e-001  1.434010e+001  1.647968e-001
 8.309940e-001  1.429390e+001  1.631964e-001
 8.333080e-001  1.467460e+001  1.628167e-001
 8.356230e-001  1.433710e+001  1.626835e-001
 8.379370e-001  1.432100e+001  1.633578e-001
 8.402520e-001  1.415150e+001  1.628407e-001
 8.425660e-001  1.402810e+001  1.611664e-001
 8.448810e-001  1.429000e+001  1.611860e-001
 8.471950e-001  1.418510e+001  1.615454e-001
 8.495100e-001  1.394720e+001  1.609810e-001
 8.518240e-001  1.358600e+001  1.608227e-001
 8.541390e-001  1.382280e+001  1.591110e-001
 8.564530e-001  1.383730e+001  1.593143e-001
 8.587680e-001  1.359690e+001  1.600442e-001
 8.610820e-001  1.351880e+001  1.586774e-001
 8.633970e-001  1.349310e+001  1.585827e-001
 8.657120e-001  1.331020e+001  1.579411e-001
 8.680260e-001  1.361190e+001  1.586402e-001
 8.703410e-001  1.345120e+001  1.578929e-001
 8.726550e-001  1.323260e+001  1.568461e-001
 8.749700e-001  1.330800e+001  1.568371e-001
 8.772840e-001  1.328210e+001  1.572277e-001
 8.795990e-001  1.320070e+001  1.555806e-001
 8.819130e-001  1.312870e+001  1.557546e-001
 8.842280e-001  1.298360e+001  1.552768e-001
 8.865420e-001  1.296540e+001  1.557551e-001
 8.888570e-001  1.262580e+001  1.551502e-001
 8.911710e-001  1.278040e+001  1.550007e-001
 8.934860e-001  1.246700e+001  1.536784e-001
 8.958000e-001  1.278870e+001  1.538627e-001
 8.981150e-001  1.233320e+001  1.538292e-001
 9.004290e-001  1.229470e+001  1.535622e-001
 9.027440e-001  1.208940e+001  1.533243e-001
 9.050590e-001  1.230910e+001  1.533161e-001
 9.073730e-001  1.242190e+001  1.520847e-001
 9.096880e-001  1.192820e+001  1.517257e-001
 9.120020e-001  1.244840e+001  1.511799e-001
 9.143170e-001  1.229960e+001  1.509003e-001
 9.166310e-001  1.215200e+001  1.518420e-001
 9.189460e-001  1.211540e+001  1.513003e-001
 9.212600e-001  1.215970e+001  1.495713e-001
 9.235750e-001  1.205750e+001  1.497261e-001
 9.258890e-001  1.194710e+001  1.495753e-001
 9.282040e-001  1.197970e+001  1.498812e-001
 9.305180e-001  1.164460e+001  1.500250e-001
 9.328330e-001  1.159960e+001  1.485292e-001
 9.351470e-001  1.151040e+001  1.491018e-001
 9.374620e-001  1.125660e+001  1.483918e-001
 9.397760e-001  1.128450e+001  1.478453e-001
 9.420910e-001  1.156380e+001  1.477468e-001
 9.444060e-001  1.169100e+001  1.477097e-001
 9.467200e-001  1.125780e+001  1.476320e-001
 9.490350e-001  1.158680e+001  1.472380e-001
 9.513490e-001  1.138280e+001  1.462442e-001
 9.536640e-001  1.140140e+001  1.460916e-001
 9.559780e-001  1.134520e+001  1.459997e-001
 9.582930e-001  1.102300e+001  1.464140e-001
 9.606070e-001  1.107110e+001  1.459854e-001
 9.629220e-001  1.117860e+001  1.445182e-001
 9.652360e-001  1.111680e+001  1.449216e-001
 9.675510e-001  1.091540e+001  1.452431e-001
 9.698650e-001  1.100490e+001  1.439341e-001
 9.721800e-001  1.076370e+001  1.446555e-001
 9.744940e-001  1.075400e+001  1.432657e-001
 9.768090e-001  1.095250e+001  1.435128e-001
 9.791230e-001  1.078530e+001  1.438258e-001
 9.814380e-001  1.096500e+001  1.430302e-001
 9.837530e-001  1.064210e+001  1.433268e-001
 9.860670e-001  1.061530e+001  1.430759e-001
 9.883820e-001  1.053290e+001  1.427162e-001
 9.906960e-001  1.032460e+001  1.422166e-001
 9.930110e-001  1.017320e+001  1.413399e-001
 9.953250e-001  1.008500e+001  1.421513e-001
 9.976400e-001  1.019770e+001  1.415834e-001
 9.999540e-001  1.010200e+001  1.412113e-001
 1.002270e+000  1.017290e+001  1.407248e-001
 1.004580e+000  1.029700e+001  1.407402e-001
 1.006900e+000  1.013230e+001  1.404052e-001
 1.009210e+000  1.014240e+001  1.402251e-001
 1.011530e+000  1.018710e+001  1.397046e-001
 1.013840e+000  1.009380e+001  1.399773e-001
 1.016160e+000  1.017040e+001  1.395424e-001
 1.018470e+000  1.019120e+001  1.396313e-001
 1.020780e+000  1.006050e+001  1.383582e-001
 1.023100e+000  9.860700e+000  1.383630e-001
 1.025410e+000  9.995600e+000  1.389947e-001
 1.027730e+000  1.014220e+001  1.384112e-001
 1.030040e+000  9.838700e+000  1.377952e-001
 1.032360e+000  9.712800e+000  1.377377e-001
 1.034670e+000  9.714800e+000  1.378122e-001
 1.036990e+000  9.724500e+000  1.378291e-001
 1.039300e+000  9.761700e+000  1.372568e-001
 1.041620e+000  9.733500e+000  1.370827e-001
 1.043930e+000  9.629000e+000  1.369444e-001
 1.046240e+000  9.629100e+000  1.371958e-001
 1.048560e+000  9.408500e+000  1.363262e-001
 1.050870e+000  9.533000e+000  1.365638e-001
 1.053190e+000  9.404500e+000  1.365924e-001
 1.055500e+000  9.287200e+000  1.359331e-001
 1.057820e+000  9.375400e+000  1.353383e-001
 1.060130e+000  8.916200e+000  1.354072e-001
 1.062450e+000  8.990400e+000  1.357844e-001
 1.064760e+000  9.108600e+000  1.355478e-001
 1.067080e+000  9.110900e+000  1.356859e-001
 1.069390e+000  9.169200e+000  1.344805e-001
 1.071700e+000  8.985600e+000  1.347011e-001
 1.074020e+000  9.179800e+000  1.352838e-001
 1.076330e+000  9.125200e+000  1.341130e-001
 1.078650e+000  9.201400e+000  1.344307e-001
 1.080960e+000  9.143300e+000  1.338029e-001
 1.083280e+000  8.793400e+000  1.340999e-001
 1.085590e+000  9.028200e+000  1.341631e-001
 1.087910e+000  8.805700e+000  1.333521e-001
 1.090220e+000  8.441900e+000  1.335076e-001
 1.092540e+000  8.816700e+000  1.334652e-001
 1.094850e+000  8.909800e+000  1.332803e-001
 1.097160e+000  8.875000e+000  1.329067e-001
 1.099480e+000  8.806800e+000  1.320459e-001
 1.101790e+000  8.658300e+000  1.329539e-001
 1.104110e+000  8.532100e+000  1.326457e-001
 1.106420e+000  8.374200e+000  1.325697e-001
 1.108740e+000  8.421700e+000  1.323913e-001
 1.111050e+000  8.507900e+000  1.327318e-001
 1.113370e+000  8.406400e+000  1.320214e-001
 1.115680e+000  8.662300e+000  1.322415e-001
 1.118000e+000  8.564600e+000  1.318247e-001
 1.120310e+000  8.452600e+000  1.315148e-001
 1.122620e+000  8.424600e+000  1.314896e-001
 1.124940e+000  8.468900e+000  1.319219e-001
 1.127250e+000  8.096300e+000  1.308124e-001
 1.129570e+000  8.057800e+000  1.306852e-001
 1.131880e+000  8.287000e+000  1.307036e-001
 1.134200e+000  8.057100e+000  1.310655e-001
 1.136510e+000  8.093600e+000  1.306075e-001
 1.138830e+000  8.190900e+000  1.298419e-001
 1.141140e+000  7.988800e+000  1.309136e-001
 1.143460e+000  7.987000e+000  1.303753e-001
 1.145770e+000  7.858800e+000  1.305873e-001
 1.148080e+000  8.095300e+000  1.300452e-001
 1.150400e+000  8.108500e+000  1.295188e-001
 1.152710e+000  8.026500e+000  1.299554e-001
 1.155030e+000  8.226600e+000  1.298070e-001
 1.157340e+000  8.009200e+000  1.287170e-001
 1.159660e+000  8.117200e+000  1.293109e-001
 1.161970e+000  8.059300e+000  1.293575e-001
 1.164290e+000  8.029200e+000  1.290149e-001
 1.166600e+000  7.872800e+000  1.288936e-001
 1.168910e+000  8.099700e+000  1.281046e-001
 1.171230e+000  7.765300e+000  1.289454e-001
 1.173540e+000  7.709300e+000  1.285976e-001
 1.175860e+000  7.513500e+000  1.283713e-001
 1.178170e+000  7.716500e+000  1.282913e-001
 1.180490e+000  7.534900e+000  1.275033e-001
 1.182800e+000  7.562900e+000  1.284205e-001
 1.185120e+000  7.573000e+000  1.277236e-001
 1.187430e+000  7.712000e+000  1.274789e-001
 1.189750e+000  7.437500e+000  1.277306e-001
 1.192060e+000  7.430800e+000  1.274532e-001
 1.194370e+000  7.403800e+000  1.275167e-001
 1.196690e+000  7.581300e+000  1.262850e-001
 1.199000e+000  7.835800e+000  1.269703e-001
 1.201320e+000  7.566700e+000  1.276521e-001
 1.203630e+000  7.418300e+000  1.264163e-001
 1.205950e+000  7.279800e+000  1.264729e-001
 1.208260e+000  7.426800e+000  1.260089e-001
 1.210580e+000  7.532100e+000  1.267364e-001
 1.212890e+000  7.344500e+000  1.270218e-001
 1.215210e+000  7.345700e+000  1.256540e-001
 1.217520e+000  7.164300e+000  1.258640e-001
 1.219830e+000  7.246200e+000  1.258533e-001
 1.222150e+000  7.274500e+000  1.257854e-001
 1.224460e+000  6.872700e+000  1.261787e-001
 1.226780e+000  7.014500e+000  1.241863e-001
 1.229090e+000  7.056900e+000  1.256800e-001
 1.231410e+000  7.090100e+000  1.259512e-001
 1.233720e+000  7.271700e+000  1.257593e-001
 1.236040e+000  7.177800e+000  1.259509e-001
 1.238350e+000  7.093200e+000  1.258575e-001
 1.240670e+000  7.214700e+000  1.269463e-001
 1.242980e+000  6.986200e+000  1.266512e-001
 1.245290e+000  6.905700e+000  1.259715e-001
 1.247610e+000  7.141200e+000  1.265096e-001
 1.249920e+000  7.074700e+000  1.260895e-001
 1.252240e+000  6.942200e+000  1.268763e-001
 1.254550e+000  6.982900e+000  1.262458e-001
 1.256870e+000  6.718600e+000  1.263449e-001
 1.259180e+000  6.947400e+000  1.268244e-001
 1.261500e+000  6.980800e+000  1.264359e-001
 1.263810e+000  6.775500e+000  1.264412e-001
 1.266130e+000  7.020900e+000  1.265030e-001
 1.268440e+000  6.758500e+000  1.268148e-001
 1.270750e+000  6.779200e+000  1.270913e-001
 1.273070e+000  6.567600e+000  1.267289e-001
 1.275380e+000  6.455600e+000  1.263319e-001
 1.277700e+000  6.619200e+000  1.270046e-001
 1.280010e+000  6.695600e+000  1.270333e-001
 1.282330e+000  6.612700e+000  1.276370e-001
 1.284640e+000  6.574900e+000  1.263183e-001
 1.286960e+000  6.541100e+000  1.268381e-001
 1.289270e+000  6.573900e+000  1.266512e-001
 1.291580e+000  6.480200e+000  1.269787e-001
 1.293900e+000  6.411000e+000  1.267945e-001
 1.296210e+000  6.138100e+000  1.263467e-001
 1.298530e+000  6.204100e+000  1.268932e-001
 1.300840e+000  6.508800e+000  1.265510e-001
 1.303160e+000  6.291000e+000  1.267874e-001
 1.305470e+000  6.048100e+000  1.262549e-001
 1.307790e+000  6.290900e+000  1.269311e-001
 1.310100e+000  6.096400e+000  1.270785e-001
 1.312420e+000  6.539400e+000  1.264818e-001
 1.314730e+000  6.521200e+000  1.260642e-001
 1.317040e+000  6.168700e+000  1.270022e-001
 1.319360e+000  6.276200e+000  1.266570e-001
 1.321670e+000  6.074800e+000  1.266641e-001
 1.323990e+000  6.292400e+000  1.264112e-001
 1.326300e+000  6.310600e+000  1.261898e-001
 1.328620e+000  6.242500e+000  1.269159e-001
 1.330930e+000  6.238400e+000  1.259268e-001
 1.333250e+000  6.391900e+000  1.262705e-001
 1.335560e+000  6.352100e+000  1.264817e-001
 1.337880e+000  6.294500e+000  1.260612e-001
 1.340190e+000  6.165500e+000  1.265941e-001
 1.342500e+000  5.918400e+000  1.262747e-001
 1.344820e+000  5.976700e+000  1.260623e-001
 1.347130e+000  6.002500e+000  1.262439e-001
 1.349450e+000  6.116800e+000  1.262446e-001
 1.351760e+000  5.958800e+000  1.262365e-001
 1.354080e+000  5.862400e+000  1.251781e-001
 1.356390e+000  5.873400e+000  1.262551e-001
 1.358710e+000  5.900100e+000  1.264720e-001
 1.361020e+000  5.929700e+000  1.257086e-001
 1.363340e+000  5.991700e+000  1.265688e-001
 1.365650e+000  5.967500e+000  1.255870e-001
 1.367960e+000  5.885800e+000  1.262266e-001
 1.370280e+000  5.942500e+000  1.256698e-001
 1.372590e+000  6.041600e+000  1.260426e-001
 1.374910e+000  5.951400e+000  1.262254e-001
 1.377220e+000  5.822900e+000  1.255970e-001
 1.379540e+000  5.741400e+000  1.257816e-001
 1.381850e+000  5.766500e+000  1.255175e-001
 1.384170e+000  5.928300e+000  1.253804e-001
 1.386480e+000  5.860400e+000  1.257571e-001
 1.388800e+000  5.624500e+000  1.257147e-001
 1.391110e+000  5.623900e+000  1.260066e-001
 1.393420e+000  5.623300e+000  1.253574e-001
 1.395740e+000  5.772700e+000  1.254551e-001
 1.398050e+000  5.666300e+000  1.255187e-001
 1.400370e+000  5.651800e+000  1.252826e-001
 1.402680e+000  5.602700e+000  1.260452e-001
 1.405000e+000  5.724700e+000  1.250589e-001
 1.407310e+000  5.630200e+000  1.254185e-001
 1.409630e+000  5.653800e+000  1.251643e-001
 1.411940e+000  5.731800e+000  1.248540e-001
 1.414260e+000  5.554800e+000  1.250986e-001
 1.416570e+000  5.680000e+000  1.256440e-001
 1.418880e+000  5.585100e+000  1.249517e-001
 1.421200e+000  5.634400e+000  1.248913e-001
 1.423510e+000  5.716100e+000  1.248823e-001
 1.425830e+000  5.540500e+000  1.246063e-001
 1.428140e+000  5.753500e+000  1.246506e-001
 1.430460e+000  5.635400e+000  1.255107e-001
 1.432770e+000  5.508300e+000  1.248864e-001
 1.435090e+000  5.542000e+000  1.249294e-001
 1.437400e+000  5.561000e+000  1.245749e-001
 1.439710e+000  5.610500e+000  1.250076e-001
 1.442030e+000  5.324300e+000  1.249626e-001
 1.444340e+000  5.351600e+000  1.247406e-001
 1.446660e+000  5.525800e+000  1.251058e-001
 1.448970e+000  5.275200e+000  1.243800e-001
 1.451290e+000  5.277000e+000  1.240520e-001
 1.453600e+000  5.642200e+000  1.242827e-001
 1.455920e+000  5.495500e+000  1.242592e-001
 1.458230e+000  5.291100e+000  1.247899e-001
 1.460550e+000  5.337300e+000  1.241163e-001
 1.462860e+000  5.625900e+000  1.240963e-001
 1.465170e+000  5.766200e+000  1.247252e-001
 1.467490e+000  5.380400e+000  1.242912e-001
 1.469800e+000  5.335400e+000  1.243393e-001
 1.472120e+000  5.112000e+000  1.241840e-001
 1.474430e+000  5.181400e+000  1.240552e-001
 1.476750e+000  5.434600e+000  1.241617e-001
 1.479060e+000  5.285300e+000  1.239889e-001
 1.481380e+000  5.155100e+000  1.232906e-001
 1.483690e+000  5.281300e+000  1.245016e-001
 1.486010e+000  5.272800e+000  1.239327e-001
 1.488320e+000  5.216000e+000  1.241937e-001
 1.490630e+000  5.036000e+000  1.232447e-001
 1.492950e+000  5.156500e+000  1.234477e-001
 1.495260e+000  5.035400e+000  1.237817e-001
 1.497580e+000  5.159900e+000  1.236149e-001
 1.499890e+000  5.238700e+000  1.237871e-001
 1.502210e+000  5.351000e+000  1.231379e-001
 1.504520e+000  5.412300e+000  1.235180e-001
 1.506840e+000  5.346700e+000  1.235905e-001
 1.509150e+000  5.069200e+000  1.230792e-001
 1.511470e+000  5.145400e+000  1.229984e-001
 1.513780e+000  5.337400e+000  1.232398e-001
 1.516090e+000  5.169900e+000  1.231861e-001
 1.518410e+000  5.040000e+000  1.237541e-001
 1.520720e+000  4.837700e+000  1.219768e-001
 1.523040e+000  4.926500e+000  1.235998e-001
 1.525350e+000  5.079600e+000  1.236182e-001
 1.527670e+000  5.178500e+000  1.223627e-001
 1.529980e+000  5.040600e+000  1.227982e-001
 1.532300e+000  4.909600e+000  1.225023e-001
 1.534610e+000  4.856500e+000  1.229777e-001
 1.536930e+000  4.955300e+000  1.227836e-001
 1.539240e+000  4.955600e+000  1.226354e-001
 1.541550e+000  5.088300e+000  1.227592e-001
 1.543870e+000  4.789600e+000  1.225468e-001
 1.546180e+000  4.931800e+000  1.227727e-001
 1.548500e+000  4.884600e+000  1.231320e-001
 1.550810e+000  4.936900e+000  1.215762e-001
 1.553130e+000  4.835500e+000  1.229839e-001
 1.555440e+000  4.683600e+000  1.225459e-001
 1.557760e+000  4.673400e+000  1.225836e-001
 1.560070e+000  4.705200e+000  1.221509e-001
 1.562380e+000  4.745800e+000  1.221159e-001
 1.564700e+000  4.741300e+000  1.226110e-001
 1.567010e+000  4.614500e+000  1.216208e-001
 1.569330e+000  4.522500e+000  1.214488e-001
 1.571640e+000  4.536900e+000  1.221164e-001
 1.573960e+000  4.758400e+000  1.224417e-001
 1.576270e+000  4.740000e+000  1.217581e-001
 1.578590e+000  4.809400e+000  1.220846e-001
 1.580900e+000  4.626200e+000  1.218110e-001
 1.583220e+000  4.556800e+000  1.221475e-001
 1.585530e+000  4.631300e+000  1.216230e-001
 1.587840e+000  4.552500e+000  1.225363e-001
 1.590160e+000  4.592900e+000  1.214149e-001
 1.592470e+000  4.558400e+000  1.218657e-001
 1.594790e+000  4.455600e+000  1.216648e-001
 1.597100e+000  4.619800e+000  1.217574e-001
 1.599420e+000  4.604100e+000  1.212014e-001
 1.601730e+000  4.707200e+000  1.216130e-001
 1.604050e+000  4.485300e+000  1.216689e-001
 1.606360e+000  4.601400e+000  1.221885e-001
 1.608680e+000  4.443300e+000  1.205619e-001
 1.610990e+000  4.347200e+000  1.211865e-001
 1.613300e+000  4.262800e+000  1.217480e-001
 1.615620e+000  4.185400e+000  1.212014e-001
 1.617930e+000  4.237900e+000  1.211030e-001
 1.620250e+000  4.109800e+000  1.206317e-001
 1.622560e+000  4.316700e+000  1.217928e-001
 1.624880e+000  4.334400e+000  1.212575e-001
 1.627190e+000  4.756600e+000  1.212295e-001
 1.629510e+000  4.417600e+000  1.210863e-001
 1.631820e+000  4.574900e+000  1.210122e-001
 1.634140e+000  4.586400e+000  1.207712e-001
 1.636450e+000  4.442100e+000  1.212296e-001
 1.638760e+000  4.562000e+000  1.200518e-001
 1.641080e+000  4.491500e+000  1.210719e-001
 1.643390e+000  4.091600e+000  1.208212e-001
 1.645710e+000  4.143300e+000  1.209944e-001
 1.648020e+000  3.823100e+000  1.202428e-001
 1.650340e+000  4.299800e+000  1.202524e-001
 1.652650e+000  4.206700e+000  1.205744e-001
 1.654970e+000  4.481000e+000  1.206077e-001
 1.657280e+000  4.317200e+000  1.203418e-001
 1.659600e+000  4.586700e+000  1.205217e-001
 1.661910e+000  4.260100e+000  1.202870e-001
 1.664220e+000  4.310600e+000  1.203387e-001
 1.666540e+000  4.401100e+000  1.201986e-001
 1.668850e+000  4.352400e+000  1.198742e-001
 1.671170e+000  4.432200e+000  1.206980e-001
 1.673480e+000  4.342400e+000  1.202083e-001
 1.675800e+000  3.961000e+000  1.202273e-001
 1.678110e+000  4.141600e+000  1.189745e-001
 1.680430e+000  4.268500e+000  1.203850e-001
 1.682740e+000  4.176400e+000  1.198672e-001
 1.685060e+000  4.407200e+000  1.200102e-001
 1.687370e+000  4.196900e+000  1.202060e-001
 1.689680e+000  4.196300e+000  1.193752e-001
 1.692000e+000  4.028600e+000  1.196738e-001
 1.694310e+000  4.105900e+000  1.197452e-001
 1.696630e+000  4.150800e+000  1.192578e-001
 1.698940e+000  4.068200e+000  1.195941e-001
 1.701260e+000  4.222300e+000  1.202881e-001
 1.703570e+000  4.191900e+000  1.194089e-001
 1.705890e+000  4.070500e+000  1.200927e-001
 1.708200e+000  4.197800e+000  1.190117e-001
 1.710510e+000  4.180700e+000  1.197368e-001
 1.712830e+000  4.016300e+000  1.198221e-001
 1.715140e+000  4.239000e+000  1.193562e-001
 1.717460e+000  4.289800e+000  1.193133e-001
 1.719770e+000  4.070100e+000  1.187918e-001
 1.722090e+000  4.080000e+000  1.195772e-001
 1.724400e+000  3.773800e+000  1.197059e-001
 1.726720e+000  3.808000e+000  1.185536e-001
 1.729030e+000  3.782800e+000  1.199731e-001
 1.731350e+000  3.862800e+000  1.183022e-001
 1.733660e+000  3.881500e+000  1.183980e-001
 1.735970e+000  3.865500e+000  1.186135e-001
 1.738290e+000  3.676800e+000  1.188598e-001
 1.740600e+000  3.856400e+000  1.194852e-001
 1.742920e+000  4.059900e+000  1.185588e-001
 1.745230e+000  3.920500e+000  1.190686e-001
 1.747550e+000  3.853800e+000  1.186080e-001
 1.749860e+000  3.896900e+000  1.185029e-001
 1.752180e+000  3.791000e+000  1.189014e-001
 1.754490e+000  3.844000e+000  1.178422e-001
 1.756810e+000  3.922400e+000  1.188327e-001
 1.759120e+000  3.890300e+000  1.186674e-001
 1.761430e+000  3.784500e+000  1.187024e-001
 1.763750e+000  3.980700e+000  1.187059e-001
 1.766060e+000  3.869000e+000  1.177699e-001
 1.768380e+000  3.769000e+000  1.186520e-001
 1.770690e+000  3.795000e+000  1.182606e-001
 1.773010e+000  3.752000e+000  1.184593e-001
 1.775320e+000  4.035800e+000  1.179142e-001
 1.777640e+000  4.068100e+000  1.179536e-001
 1.779950e+000  3.900500e+000  1.184932e-001
 1.782270e+000  4.027300e+000  1.179821e-001
 1.784580e+000  3.771800e+000  1.184148e-001
 1.786890e+000  3.654000e+000  1.181734e-001
 1.789210e+000  3.680700e+000  1.184619e-001
 1.791520e+000  3.600000e+000  1.172250e-001
 1.793840e+000  3.784100e+000  1.182462e-001
 1.796150e+000  3.414900e+000  1.177592e-001
 1.798470e+000  3.585000e+000  1.175882e-001
 1.800780e+000  3.759500e+000  1.178084e-001
 1.803100e+000  3.717400e+000  1.174219e-001
 1.805410e+000  3.781200e+000  1.182149e-001
 1.807730e+000  3.784300e+000  1.176634e-001
 1.810040e+000  3.872900e+000  1.174412e-001
 1.812350e+000  3.921700e+000  1.180644e-001
 1.814670e+000  4.088700e+000  1.170702e-001
 1.816980e+000  4.023000e+000  1.178367e-001
 1.819300e+000  3.804200e+000  1.171809e-001
 1.821610e+000  3.789800e+000  1.172826e-001
 1.823930e+000  3.743300e+000  1.175138e-001
 1.826240e+000  3.865500e+000  1.161871e-001
 1.828560e+000  3.947500e+000  1.179227e-001
 1.830870e+000  3.782100e+000  1.168773e-001
 1.833180e+000  3.790400e+000  1.169777e-001
 1.835500e+000  3.644200e+000  1.178290e-001
 1.837810e+000  3.564700e+000  1.165936e-001
 1.840130e+000  3.609700e+000  1.171387e-001
 1.842440e+000  3.713100e+000  1.168071e-001
 1.844760e+000  3.652000e+000  1.171550e-001
 1.847070e+000  3.702700e+000  1.171725e-001
 1.849390e+000  3.643100e+000  1.165055e-001
 1.851700e+000  3.695000e+000  1.175450e-001
 1.854020e+000  3.562900e+000  1.164204e-001
 1.856330e+000  3.618700e+000  1.172004e-001
 1.858640e+000  3.535100e+000  1.171078e-001
 1.860960e+000  3.465500e+000  1.163552e-001
 1.863270e+000  3.502300e+000  1.171302e-001
 1.865590e+000  3.555300e+000  1.154971e-001
 1.867900e+000  3.616300e+000  1.168010e-001
 1.870220e+000  3.545600e+000  1.164848e-001
 1.872530e+000  3.226900e+000  1.166235e-001
 1.874850e+000  3.347000e+000  1.166218e-001
 1.877160e+000  3.547900e+000  1.160281e-001
 1.879480e+000  3.228400e+000  1.166024e-001
 1.881790e+000  3.128300e+000  1.159109e-001
 1.884100e+000  3.064400e+000  1.162766e-001
 1.886420e+000  3.163400e+000  1.168565e-001
 1.888730e+000  3.466500e+000  1.162642e-001
 1.891050e+000  3.342400e+000  1.161784e-001
 1.893360e+000  3.459200e+000  1.155600e-001
 1.895680e+000  3.363800e+000  1.161931e-001
 1.897990e+000  3.581800e+000  1.159533e-001
 1.900310e+000  3.599400e+000  1.160054e-001
 1.902620e+000  3.421400e+000  1.163022e-001
 1.904940e+000  3.423700e+000  1.151053e-001
 1.907250e+000  3.512000e+000  1.164481e-001
 1.909560e+000  3.624700e+000  1.155178e-001
 1.911880e+000  3.378200e+000  1.161809e-001
 1.914190e+000  3.535600e+000  1.154293e-001
 1.916510e+000  3.550000e+000  1.165146e-001
 1.918820e+000  3.470900e+000  1.158148e-001
 1.921140e+000  3.221100e+000  1.157429e-001
 1.923450e+000  3.565700e+000  1.155947e-001
 1.925770e+000  3.307100e+000  1.148803e-001
 1.928080e+000  3.381400e+000  1.163444e-001
 1.930400e+000  3.456500e+000  1.162640e-001
 1.932710e+000  3.287000e+000  1.144509e-001
 1.935020e+000  3.333000e+000  1.160142e-001
 1.937340e+000  3.314000e+000  1.151809e-001
 1.939650e+000  3.379300e+000  1.159249e-001
 1.941970e+000  3.182000e+000  1.155261e-001
 1.944280e+000  3.250400e+000  1.147892e-001
 1.946600e+000  3.296400e+000  1.162005e-001
 1.948910e+000  3.333000e+000  1.143730e-001
 1.951230e+000  3.638900e+000  1.156631e-001
 1.953540e+000  3.297700e+000  1.146871e-001
 1.955860e+000  3.349800e+000  1.152636e-001
 1.958170e+000  3.280200e+000  1.156916e-001
 1.960480e+000  3.052400e+000  1.141949e-001
 1.962800e+000  3.084000e+000  1.152676e-001
 1.965110e+000  3.186500e+000  1.150247e-001
 1.967430e+000  3.244700e+000  1.150227e-001
 1.969740e+000  3.328100e+000  1.154241e-001
 1.972060e+000  3.181300e+000  1.139683e-001
 1.974370e+000  3.232800e+000  1.154742e-001
 1.976690e+000  3.093500e+000  1.150313e-001
 1.979000e+000  3.131400e+000  1.149501e-001
 1.981310e+000  3.127900e+000  1.148652e-001
 1.983630e+000  3.150900e+000  1.142877e-001
 1.985940e+000  3.252900e+000  1.152208e-001
 1.988260e+000  3.126000e+000  1.142045e-001
 1.990570e+000  3.251100e+000  1.144137e-001
 1.992890e+000  3.120900e+000  1.145432e-001
 1.995200e+000  3.266800e+000  1.146541e-001
 1.997520e+000  3.352400e+000  1.148326e-001
 1.999830e+000  3.214300e+000  1.139132e-001
 2.002150e+000  3.124800e+000  1.139291e-001
 2.004460e+000  3.184800e+000  1.141359e-001
 2.006770e+000  3.197600e+000  1.139182e-001
 2.009090e+000  3.290500e+000  1.144783e-001
 2.011400e+000  3.254100e+000  1.142266e-001
 2.013720e+000  3.081400e+000  1.138739e-001
 2.016030e+000  3.287300e+000  1.144657e-001
 2.018350e+000  3.337200e+000  1.142628e-001
 2.020660e+000  3.277100e+000  1.139986e-001
 2.022980e+000  3.230600e+000  1.142334e-001
 2.025290e+000  3.055400e+000  1.141228e-001
 2.027610e+000  3.077700e+000  1.137273e-001
 2.029920e+000  3.250500e+000  1.138753e-001
 2.032230e+000  3.151400e+000  1.127771e-001
 2.034550e+000  2.897700e+000  1.143022e-001
 2.036860e+000  2.988500e+000  1.137650e-001
 2.039180e+000  2.990700e+000  1.131682e-001
 2.041490e+000  2.787300e+000  1.137721e-001
 2.043810e+000  2.928400e+000  1.136545e-001
 2.046120e+000  3.101500e+000  1.143143e-001
 2.048440e+000  2.964100e+000  1.135847e-001
 2.050750e+000  3.051100e+000  1.136519e-001
 2.053070e+000  2.880200e+000  1.142413e-001
 2.055380e+000  2.903200e+000  1.127209e-001
 2.057690e+000  2.907400e+000  1.137385e-001
 2.060010e+000  3.091800e+000  1.128272e-001
 2.062320e+000  3.244800e+000  1.133178e-001
 2.064640e+000  3.195800e+000  1.140303e-001
 2.066950e+000  2.941000e+000  1.128141e-001
 2.069270e+000  2.874900e+000  1.134315e-001
 2.071580e+000  3.160200e+000  1.126786e-001
 2.073900e+000  2.936600e+000  1.134535e-001
 2.076210e+000  2.926300e+000  1.136846e-001
 2.078530e+000  2.884700e+000  1.132948e-001
 2.080840e+000  2.906900e+000  1.131565e-001
 2.083150e+000  3.045800e+000  1.126620e-001
 2.085470e+000  2.789100e+000  1.132275e-001
 2.087780e+000  2.863300e+000  1.129774e-001
 2.090100e+000  3.132400e+000  1.129280e-001
 2.092410e+000  2.885900e+000  1.133266e-001
 2.094730e+000  2.966500e+000  1.128105e-001
 2.097040e+000  2.919900e+000  1.134813e-001
 2.099360e+000  2.827600e+000  1.128243e-001
 2.101670e+000  2.849300e+000  1.130833e-001
 2.103980e+000  2.886800e+000  1.132560e-001
 2.106300e+000  2.950300e+000  1.125882e-001
 2.108610e+000  2.909700e+000  1.133194e-001
 2.110930e+000  2.878100e+000  1.118172e-001
 2.113240e+000  3.045700e+000  1.129125e-001
 2.115560e+000  3.044300e+000  1.127584e-001
 2.117870e+000  3.039500e+000  1.127280e-001
 2.120190e+000  2.962600e+000  1.130104e-001
 2.122500e+000  3.051800e+000  1.122338e-001
 2.124820e+000  2.883300e+000  1.125205e-001
 2.127130e+000  2.828300e+000  1.124394e-001
 2.129440e+000  3.030100e+000  1.122321e-001
 2.131760e+000  2.977000e+000  1.128199e-001
 2.134070e+000  3.041400e+000  1.122204e-001
 2.136390e+000  2.734500e+000  1.132674e-001
 2.138700e+000  3.076000e+000  1.121137e-001
 2.141020e+000  2.904800e+000  1.125862e-001
 2.143330e+000  2.790600e+000  1.125625e-001
 2.145650e+000  2.939000e+000  1.118626e-001
 2.147960e+000  2.776300e+000  1.125914e-001
 2.150280e+000  2.676100e+000  1.117320e-001
 2.152590e+000  2.803600e+000  1.128437e-001
 2.154900e+000  2.938600e+000  1.119178e-001
 2.157220e+000  2.850200e+000  1.122426e-001
 2.159530e+000  2.673900e+000  1.120383e-001
 2.161850e+000  2.604200e+000  1.118273e-001
 2.164160e+000  2.616800e+000  1.123759e-001
 2.166480e+000  2.804400e+000  1.112959e-001
 2.168790e+000  2.701900e+000  1.121369e-001
 2.171110e+000  2.766100e+000  1.124469e-001
 2.173420e+000  2.883600e+000  1.115181e-001
 2.175740e+000  2.875300e+000  1.124890e-001
 2.178050e+000  2.766100e+000  1.110653e-001
 2.180360e+000  2.737100e+000  1.121272e-001
 2.182680e+000  2.857700e+000  1.119848e-001
 2.184990e+000  2.863500e+000  1.124253e-001
 2.187310e+000  2.672600e+000  1.126120e-001
 2.189620e+000  2.592000e+000  1.111722e-001
 2.191940e+000  2.796000e+000  1.125826e-001
 2.194250e+000  2.884100e+000  1.117771e-001
 2.196570e+000  2.738100e+000  1.113006e-001
 2.198880e+000  2.386000e+000  1.124604e-001
 2.201200e+000  2.872700e+000  1.114454e-001
 2.203510e+000  2.915000e+000  1.118104e-001
 2.205820e+000  2.790800e+000  1.115846e-001
 2.208140e+000  2.825000e+000  1.113614e-001
 2.210450e+000  2.900500e+000  1.120466e-001
 2.212770e+000  2.915400e+000  1.113700e-001
 2.215080e+000  2.836200e+000  1.118775e-001
 2.217400e+000  2.759100e+000  1.114111e-001
 2.219710e+000  2.769200e+000  1.115120e-001
 2.222030e+000  2.690100e+000  1.116331e-001
 2.224340e+000  2.844000e+000  1.112469e-001
 2.226660e+000  2.801700e+000  1.117440e-001
 2.228970e+000  2.728800e+000  1.112849e-001
 2.231280e+000  2.755300e+000  1.116699e-001
 2.233600e+000  2.526600e+000  1.110813e-001
 2.235910e+000  2.538900e+000  1.113806e-001
 2.238230e+000  2.836300e+000  1.108493e-001
 2.240540e+000  2.577900e+000  1.116473e-001
 2.242860e+000  2.544400e+000  1.117137e-001
 2.245170e+000  2.662800e+000  1.110291e-001
 2.247490e+000  2.619400e+000  1.116148e-001
 2.249800e+000  2.485200e+000  1.112629e-001
 2.252110e+000  2.593900e+000  1.116165e-001
 2.254430e+000  2.754600e+000  1.111477e-001
 2.256740e+000  2.732600e+000  1.109812e-001
 2.259060e+000  2.595400e+000  1.114383e-001
 2.261370e+000  2.375700e+000  1.109565e-001
 2.263690e+000  2.292600e+000  1.118552e-001
 2.266000e+000  2.316900e+000  1.110899e-001
 2.268320e+000  2.600700e+000  1.113080e-001
 2.270630e+000  2.799800e+000  1.118163e-001
 2.272950e+000  2.583500e+000  1.108058e-001
 2.275260e+000  2.498100e+000  1.121051e-001
 2.277570e+000  2.364700e+000  1.124064e-001
 2.279890e+000  2.527900e+000  1.132768e-001
 2.282200e+000  2.595500e+000  1.133478e-001
 2.284520e+000  2.479000e+000  1.130411e-001
 2.286830e+000  2.435200e+000  1.140571e-001
 2.289150e+000  2.514600e+000  1.130271e-001
 2.291460e+000  2.490900e+000  1.138998e-001
 2.293780e+000  2.591500e+000  1.142121e-001
 2.296090e+000  2.674800e+000  1.131241e-001
 2.298410e+000  2.771900e+000  1.149671e-001
 2.300720e+000  2.710900e+000  1.141557e-001
 2.303030e+000  2.740300e+000  1.141383e-001
 2.305350e+000  2.658200e+000  1.141607e-001
 2.307660e+000  2.537600e+000  1.144316e-001
 2.309980e+000  2.623400e+000  1.150860e-001
 2.312290e+000  2.685000e+000  1.141676e-001
 2.314610e+000  2.644400e+000  1.149222e-001
 2.316920e+000  2.544500e+000  1.142881e-001
 2.319240e+000  2.397600e+000  1.148952e-001
 2.321550e+000  2.334800e+000  1.155255e-001
 2.323870e+000  2.219000e+000  1.138046e-001
 2.326180e+000  2.368800e+000  1.150627e-001
 2.328490e+000  2.446300e+000  1.150485e-001
 2.330810e+000  2.458300e+000  1.152875e-001
 2.333120e+000  2.428200e+000  1.150229e-001
 2.335440e+000  2.610800e+000  1.144802e-001
 2.337750e+000  2.341900e+000  1.153354e-001
 2.340070e+000  2.322500e+000  1.148850e-001
 2.342380e+000  2.551000e+000  1.152454e-001
 2.344700e+000  2.304500e+000  1.145413e-001
 2.347010e+000  2.479600e+000  1.150378e-001
 2.349330e+000  2.489300e+000  1.157086e-001
 2.351640e+000  2.608900e+000  1.147608e-001
 2.353950e+000  2.613500e+000  1.151809e-001
 2.356270e+000  2.629400e+000  1.153074e-001
 2.358580e+000  2.559100e+000  1.156120e-001
 2.360900e+000  2.540700e+000  1.159691e-001
 2.363210e+000  2.685100e+000  1.147131e-001
 2.365530e+000  2.510100e+000  1.155436e-001
 2.367840e+000  2.576400e+000  1.155088e-001
 2.370160e+000  2.622400e+000  1.156593e-001
 2.372470e+000  2.835500e+000  1.161721e-001
 2.374780e+000  2.548300e+000  1.151767e-001
 2.377100e+000  2.496500e+000  1.157621e-001
 2.379410e+000  2.347100e+000  1.156483e-001
 2.381730e+000  2.387000e+000  1.155604e-001
 2.384040e+000  2.265200e+000  1.154094e-001
 2.386360e+000  2.327900e+000  1.158326e-001
 2.388670e+000  2.451000e+000  1.156878e-001
 2.390990e+000  2.357700e+000  1.154027e-001
 2.393300e+000  2.364000e+000  1.158319e-001
 2.395620e+000  2.345400e+000  1.152559e-001
 2.397930e+000  2.268900e+000  1.159033e-001
 2.400240e+000  2.375700e+000  1.156321e-001
 2.402560e+000  2.469300e+000  1.153262e-001
 2.404870e+000  2.373800e+000  1.159127e-001
 2.407190e+000  2.431900e+000  1.155723e-001
 2.409500e+000  2.812600e+000  1.160001e-001
 2.411820e+000  2.693700e+000  1.151467e-001
 2.414130e+000  2.501400e+000  1.155808e-001
 2.416450e+000  2.416100e+000  1.163962e-001
 2.418760e+000  2.322400e+000  1.148152e-001
 2.421080e+000  2.157400e+000  1.158880e-001
 2.423390e+000  2.105300e+000  1.148920e-001
 2.425700e+000  2.312200e+000  1.157189e-001
 2.428020e+000  2.245500e+000  1.159130e-001
 2.430330e+000  2.310100e+000  1.155543e-001
 2.432650e+000  2.327200e+000  1.162190e-001
 2.434960e+000  2.345600e+000  1.154374e-001
 2.437280e+000  2.201100e+000  1.163278e-001
 2.439590e+000  2.339700e+000  1.155117e-001
 2.441910e+000  2.257500e+000  1.156891e-001
 2.444220e+000  2.421600e+000  1.159160e-001
 2.446540e+000  2.311300e+000  1.151244e-001
 2.448850e+000  2.374800e+000  1.156127e-001
 2.451160e+000  2.188300e+000  1.155546e-001
 2.453480e+000  2.297300e+000  1.153456e-001
 2.455790e+000  2.395100e+000  1.166585e-001
 2.458110e+000  2.101600e+000  1.153705e-001
 2.460420e+000  2.228100e+000  1.157317e-001
 2.462740e+000  2.260500e+000  1.153379e-001
 2.465050e+000  2.446100e+000  1.156405e-001
 2.467370e+000  2.379600e+000  1.156028e-001
 2.469680e+000  2.179100e+000  1.153679e-001
 2.472000e+000  2.268200e+000  1.154588e-001
 2.474310e+000  2.191600e+000  1.152513e-001
 2.476620e+000  2.453700e+000  1.157281e-001
 2.478940e+000  2.128900e+000  1.155135e-001
 2.481250e+000  2.160500e+000  1.154205e-001
 2.483570e+000  2.240300e+000  1.151921e-001
 2.485880e+000  2.313900e+000  1.152669e-001
 2.488200e+000  2.271000e+000  1.154971e-001
 2.490510e+000  2.110200e+000  1.149331e-001
 2.492830e+000  2.269100e+000  1.154471e-001
 2.495140e+000  2.052200e+000  1.153655e-001
 2.497460e+000  2.188000e+000  1.153476e-001
 2.499770e+000  2.386200e+000  1.159203e-001
 2.502080e+000  2.335400e+000  1.142084e-001
 2.504400e+000  2.456900e+000  1.160322e-001
 2.506710e+000  2.310500e+000  1.148403e-001
 2.509030e+000  2.062900e+000  1.151301e-001
 2.511340e+000  2.013900e+000  1.155904e-001
 2.513660e+000  2.106900e+000  1.146454e-001
 2.515970e+000  2.349100e+000  1.159721e-001
 2.518290e+000  2.211400e+000  1.145670e-001
 2.520600e+000  2.390900e+000  1.152153e-001
 2.522910e+000  2.222000e+000  1.155293e-001
 2.525230e+000  2.304400e+000  1.145792e-001
 2.527540e+000  2.319300e+000  1.158923e-001
 2.529860e+000  2.094200e+000  1.145473e-001
 2.532170e+000  2.045900e+000  1.152446e-001
 2.534490e+000  2.058500e+000  1.152180e-001
 2.536800e+000  2.188700e+000  1.147007e-001
 2.539120e+000  2.009600e+000  1.157141e-001
 2.541430e+000  2.266100e+000  1.143034e-001
 2.543750e+000  2.292700e+000  1.154379e-001
 2.546060e+000  2.080600e+000  1.145982e-001
 2.548370e+000  2.230900e+000  1.148422e-001
 2.550690e+000  1.935600e+000  1.158373e-001
 2.553000e+000  2.029500e+000  1.141593e-001
 2.555320e+000  2.088300e+000  1.146088e-001
 2.557630e+000  2.039300e+000  1.148515e-001
 2.559950e+000  2.144300e+000  1.140744e-001
 2.562260e+000  2.083500e+000  1.148314e-001
 2.564580e+000  2.319700e+000  1.150459e-001
 2.566890e+000  2.019300e+000  1.144140e-001
 2.569210e+000  2.149600e+000  1.141266e-001
 2.571520e+000  2.172500e+000  1.140420e-001
 2.573830e+000  2.067500e+000  1.145300e-001
 2.576150e+000  2.060000e+000  1.139823e-001
 2.578460e+000  2.136600e+000  1.148520e-001
 2.580780e+000  1.982900e+000  1.133790e-001
 2.583090e+000  2.140100e+000  1.148483e-001
 2.585410e+000  2.042800e+000  1.141903e-001
 2.587720e+000  1.965700e+000  1.141506e-001
 2.590040e+000  2.173300e+000  1.140837e-001
 2.592350e+000  2.291400e+000  1.139478e-001
 2.594670e+000  2.189600e+000  1.145445e-001
 2.596980e+000  2.138100e+000  1.136707e-001
 2.599290e+000  2.020000e+000  1.138317e-001
 2.601610e+000  1.950200e+000  1.133755e-001
 2.603920e+000  2.020500e+000  1.142556e-001
 2.606240e+000  2.201400e+000  1.138727e-001
 2.608550e+000  2.191100e+000  1.130459e-001
 2.610870e+000  2.201800e+000  1.136154e-001
 2.613180e+000  2.035900e+000  1.138487e-001
 2.615500e+000  2.148700e+000  1.138892e-001
 2.617810e+000  2.080500e+000  1.138411e-001
 2.620130e+000  2.449800e+000  1.129122e-001
 2.622440e+000  2.272000e+000  1.143135e-001
 2.624750e+000  2.087900e+000  1.130118e-001
 2.627070e+000  2.070800e+000  1.137630e-001
 2.629380e+000  2.016200e+000  1.132373e-001
 2.631700e+000  2.022200e+000  1.136583e-001
 2.634010e+000  2.127200e+000  1.134933e-001
 2.636330e+000  2.359100e+000  1.131819e-001
 2.638640e+000  2.168000e+000  1.129275e-001
 2.640960e+000  2.458700e+000  1.128437e-001
 2.643270e+000  2.191800e+000  1.134531e-001
 2.645580e+000  2.301700e+000  1.128391e-001
 2.647900e+000  2.128300e+000  1.125428e-001
 2.650210e+000  2.053200e+000  1.131399e-001
 2.652530e+000  1.879800e+000  1.125034e-001
 2.654840e+000  1.862700e+000  1.126034e-001
 2.657160e+000  1.799600e+000  1.126344e-001
 2.659470e+000  1.875900e+000  1.119104e-001
 2.661790e+000  1.957900e+000  1.131536e-001
 2.664100e+000  1.962100e+000  1.117742e-001
 2.666420e+000  1.998800e+000  1.130594e-001
 2.668730e+000  2.075800e+000  1.116341e-001
 2.671040e+000  1.742400e+000  1.117837e-001
 2.673360e+000  1.960300e+000  1.122240e-001
 2.675670e+000  1.848300e+000  1.110432e-001
 2.677990e+000  2.121900e+000  1.121708e-001
 2.680300e+000  1.988900e+000  1.115560e-001
 2.682620e+000  1.853000e+000  1.112267e-001
 2.684930e+000  1.716400e+000  1.117283e-001
 2.687250e+000  1.834100e+000  1.104911e-001
 2.689560e+000  1.779300e+000  1.113317e-001
 2.691880e+000  1.810100e+000  1.109905e-001
 2.694190e+000  2.131800e+000  1.103514e-001
 2.696500e+000  2.016000e+000  1.110252e-001
 2.698820e+000  1.924200e+000  1.100357e-001
 2.701130e+000  1.843300e+000  1.106099e-001
 2.703450e+000  1.766900e+000  1.095005e-001
 2.705760e+000  2.034400e+000  1.099772e-001
 2.708080e+000  1.940900e+000  1.094074e-001
 2.710390e+000  1.933300e+000  1.097627e-001
 2.712710e+000  2.029300e+000  1.100732e-001
 2.715020e+000  1.945600e+000  1.090720e-001
 2.717340e+000  1.977500e+000  1.090632e-001
 2.719650e+000  1.777200e+000  1.094570e-001
 2.721960e+000  1.811700e+000  1.093598e-001
 2.724280e+000  1.882300e+000  1.083500e-001
 2.726590e+000  2.178700e+000  1.083940e-001
 2.728910e+000  1.936700e+000  1.082942e-001
 2.731220e+000  1.962400e+000  1.079641e-001
 2.733540e+000  1.930400e+000  1.085338e-001
 2.735850e+000  1.953300e+000  1.077265e-001
 2.738170e+000  2.034700e+000  1.077368e-001
 2.740480e+000  2.036200e+000  1.080033e-001
 2.742800e+000  1.870200e+000  1.070385e-001
 2.745110e+000  1.992600e+000  1.075418e-001
 2.747420e+000  1.911800e+000  1.064118e-001
 2.749740e+000  1.950200e+000  1.066326e-001
 2.752050e+000  1.833300e+000  1.062654e-001
 2.754370e+000  1.977900e+000  1.061262e-001
 2.756680e+000  1.983900e+000  1.064161e-001
 2.759000e+000  1.840200e+000  1.054448e-001
 2.761310e+000  1.960100e+000  1.064892e-001
 2.763630e+000  1.785000e+000  1.063154e-001
 2.765940e+000  1.795600e+000  1.053774e-001
 2.768260e+000  1.805200e+000  1.065363e-001
 2.770570e+000  2.040600e+000  1.059021e-001
 2.772880e+000  1.848800e+000  1.065567e-001
 2.775200e+000  1.956800e+000  1.062371e-001
 2.777510e+000  1.782900e+000  1.057063e-001
 2.779830e+000  1.848500e+000  1.068068e-001
 2.782140e+000  1.796700e+000  1.054379e-001
 2.784460e+000  2.016000e+000  1.066166e-001
 2.786770e+000  2.008600e+000  1.057143e-001
 2.789090e+000  1.968400e+000  1.055535e-001
 2.791400e+000  2.013500e+000  1.061149e-001
 2.793710e+000  1.953600e+000  1.056056e-001
 2.796030e+000  1.878600e+000  1.053052e-001
 2.798340e+000  1.851500e+000  1.049966e-001
 2.800660e+000  1.675000e+000  1.060408e-001
 2.802970e+000  1.880400e+000  1.057799e-001
 2.805290e+000  1.727100e+000  1.060346e-001
 2.807600e+000  1.849700e+000  1.054876e-001
 2.809920e+000  1.807700e+000  1.051722e-001
 2.812230e+000  1.816700e+000  1.058840e-001
 2.814550e+000  1.804000e+000  1.056066e-001
 2.816860e+000  2.070300e+000  1.054679e-001
 2.819170e+000  1.985800e+000  1.055090e-001
 2.821490e+000  1.649600e+000  1.055912e-001
 2.823800e+000  1.791300e+000  1.060182e-001
 2.826120e+000  1.734000e+000  1.048523e-001
 2.828430e+000  1.798200e+000  1.058065e-001
 2.830750e+000  1.734000e+000  1.050241e-001
 2.833060e+000  1.868200e+000  1.058043e-001
 2.835380e+000  1.917500e+000  1.055198e-001
 2.837690e+000  1.802100e+000  1.048208e-001
 2.840010e+000  1.762800e+000  1.055475e-001
 2.842320e+000  1.794400e+000  1.052655e-001
 2.844630e+000  1.758800e+000  1.054781e-001
 2.846950e+000  1.989900e+000  1.058695e-001
 2.849260e+000  2.032600e+000  1.050464e-001
 2.851580e+000  2.047400e+000  1.050137e-001
 2.853890e+000  1.724100e+000  1.048159e-001
 2.856210e+000  1.739300e+000  1.054675e-001
 2.858520e+000  1.963100e+000  1.052671e-001
 2.860840e+000  1.766600e+000  1.050289e-001
 2.863150e+000  1.770300e+000  1.058267e-001
 2.865470e+000  1.844800e+000  1.044962e-001
 2.867780e+000  1.841800e+000  1.057608e-001
 2.870090e+000  1.667800e+000  1.052052e-001
 2.872410e+000  1.589600e+000  1.049019e-001
 2.874720e+000  1.708800e+000  1.051005e-001
 2.877040e+000  1.890700e+000  1.045776e-001
 2.879350e+000  1.987500e+000  1.051748e-001
 2.881670e+000  1.883600e+000  1.048328e-001
 2.883980e+000  1.882700e+000  1.044561e-001
 2.886300e+000  2.072700e+000  1.051163e-001
 2.888610e+000  1.712800e+000  1.047793e-001
 2.890930e+000  1.742700e+000  1.052365e-001
 2.893240e+000  1.726100e+000  1.047412e-001
 2.895550e+000  1.640700e+000  1.049014e-001
 2.897870e+000  1.799800e+000  1.046938e-001
 2.900180e+000  1.777900e+000  1.049125e-001
 2.902500e+000  1.816700e+000  1.052483e-001
 2.904810e+000  2.006600e+000  1.041898e-001
 2.907130e+000  1.751800e+000  1.050282e-001
 2.909440e+000  1.820300e+000  1.046998e-001
 2.911760e+000  1.738900e+000  1.049462e-001
 2.914070e+000  1.782600e+000  1.047814e-001
 2.916380e+000  1.824200e+000  1.041291e-001
 2.918700e+000  1.779300e+000  1.049906e-001
 2.921010e+000  1.754000e+000  1.046544e-001
 2.923330e+000  1.701100e+000  1.043701e-001
 2.925640e+000  1.767200e+000  1.051266e-001
 2.927960e+000  1.908600e+000  1.045297e-001
 2.930270e+000  1.704800e+000  1.049006e-001
 2.932590e+000  1.510300e+000  1.044872e-001
 2.934900e+000  1.616300e+000  1.045688e-001
 2.937220e+000  1.751900e+000  1.044567e-001
 2.939530e+000  1.774600e+000  1.042666e-001
 2.941840e+000  1.688700e+000  1.049275e-001
 2.944160e+000  1.868400e+000  1.039454e-001
 2.946470e+000  1.812400e+000  1.046079e-001
 2.948790e+000  1.663200e+000  1.041534e-001
 2.951100e+000  1.746600e+000  1.049322e-001
 2.953420e+000  1.755700e+000  1.042747e-001
 2.955730e+000  1.824400e+000  1.044477e-001
 2.958050e+000  1.822600e+000  1.042927e-001
 2.960360e+000  1.524200e+000  1.040798e-001
 2.962680e+000  1.731300e+000  1.051732e-001
 2.964990e+000  1.701000e+000  1.040890e-001
 2.967300e+000  1.550000e+000  1.046844e-001
 2.969620e+000  1.722300e+000  1.046622e-001
 2.971930e+000  1.689200e+000  1.037187e-001
 2.974250e+000  1.496600e+000  1.048442e-001
 2.976560e+000  1.572200e+000  1.038707e-001
 2.978880e+000  1.884000e+000  1.048319e-001
 2.981190e+000  1.690700e+000  1.045722e-001
 2.983510e+000  1.762200e+000  1.039485e-001
 2.985820e+000  1.715100e+000  1.053667e-001
 2.988140e+000  1.524000e+000  1.038021e-001
 2.990450e+000  1.785400e+000  1.051763e-001
 2.992760e+000  1.751700e+000  1.043370e-001
 2.995080e+000  1.818300e+000  1.039132e-001
 2.997390e+000  1.701600e+000  1.050001e-001
 2.999710e+000  1.632900e+000  1.036572e-001
 3.002020e+000  1.740600e+000  1.048159e-001
 3.004340e+000  1.636900e+000  1.039829e-001
 3.006650e+000  1.478700e+000  1.041611e-001
 3.008970e+000  1.444500e+000  1.049432e-001
 3.011280e+000  1.631800e+000  1.033858e-001
 3.013600e+000  1.699900e+000  1.045127e-001
 3.015910e+000  1.598600e+000  1.041658e-001
 3.018220e+000  1.735900e+000  1.042455e-001
 3.020540e+000  1.691100e+000  1.043788e-001
 3.022850e+000  1.576300e+000  1.034132e-001
 3.025170e+000  1.517100e+000  1.048168e-001
 3.027480e+000  1.731800e+000  1.041922e-001
 3.029800e+000  1.596100e+000  1.040847e-001
 3.032110e+000  1.564400e+000  1.043906e-001
 3.034430e+000  1.568900e+000  1.040641e-001
 3.036740e+000  1.733400e+000  1.046157e-001
 3.039050e+000  1.742500e+000  1.036787e-001
 3.041370e+000  1.578600e+000  1.036862e-001
 3.043680e+000  1.663100e+000  1.042215e-001
 3.046000e+000  1.653600e+000  1.043289e-001
 3.048310e+000  1.481500e+000  1.046864e-001
 3.050630e+000  1.698900e+000  1.036994e-001
 3.052940e+000  1.776200e+000  1.043779e-001
 3.055260e+000  1.794400e+000  1.043002e-001
 3.057570e+000  1.733900e+000  1.043531e-001
 3.059890e+000  1.748800e+000  1.038639e-001
 3.062200e+000  1.566800e+000  1.039551e-001
 3.064510e+000  1.456000e+000  1.043632e-001
 3.066830e+000  1.504300e+000  1.037513e-001
 3.069140e+000  1.594800e+000  1.041980e-001
 3.071460e+000  1.653400e+000  1.034892e-001
 3.073770e+000  1.526000e+000  1.042471e-001
 3.076090e+000  1.398300e+000  1.045841e-001
 3.078400e+000  1.676800e+000  1.038804e-001
 3.080720e+000  1.639000e+000  1.036930e-001
 3.083030e+000  1.576300e+000  1.034571e-001
 3.085350e+000  1.677400e+000  1.048555e-001
 3.087660e+000  1.606900e+000  1.041485e-001
 3.089970e+000  1.673200e+000  1.039762e-001
 3.092290e+000  1.726300e+000  1.040607e-001
 3.094600e+000  1.733200e+000  1.034017e-001
 3.096920e+000  1.517600e+000  1.043273e-001
 3.099230e+000  1.635900e+000  1.040572e-001
 3.101550e+000  1.581800e+000  1.040870e-001
 3.103860e+000  1.556400e+000  1.043489e-001
 3.106180e+000  1.636500e+000  1.033016e-001
 3.108490e+000  1.543000e+000  1.042421e-001
 3.110810e+000  1.784600e+000  1.035907e-001
 3.113120e+000  1.695200e+000  1.042098e-001
 3.115430e+000  1.700400e+000  1.035437e-001
 3.117750e+000  1.750800e+000  1.038200e-001
 3.120060e+000  1.830400e+000  1.039211e-001
 3.122380e+000  1.780800e+000  1.035041e-001
 3.124690e+000  1.716300e+000  1.044517e-001
 3.127010e+000  1.531200e+000  1.037284e-001
 3.129320e+000  1.661100e+000  1.038011e-001
 3.131640e+000  1.681000e+000  1.039748e-001
 3.133950e+000  1.579600e+000  1.032296e-001
 3.136270e+000  1.677800e+000  1.041563e-001
 3.138580e+000  1.488900e+000  1.031186e-001
 3.140890e+000  1.601800e+000  1.038634e-001
 3.143210e+000  1.583300e+000  1.043935e-001
 3.145520e+000  1.588800e+000  1.030653e-001
 3.147840e+000  1.622600e+000  1.041883e-001
 3.150150e+000  1.534400e+000  1.032409e-001
 3.152470e+000  1.810300e+000  1.044126e-001
 3.154780e+000  1.545500e+000  1.038001e-001
 3.157100e+000  1.457800e+000  1.037093e-001
 3.159410e+000  1.619600e+000  1.042565e-001
 3.161730e+000  1.719600e+000  1.032349e-001
 3.164040e+000  1.845400e+000  1.042209e-001
 3.166350e+000  1.716600e+000  1.035169e-001
 3.168670e+000  1.561200e+000  1.033158e-001
 3.170980e+000  1.923400e+000  1.043526e-001
 3.173300e+000  1.684400e+000  1.029883e-001
 3.175610e+000  1.601400e+000  1.043764e-001
 3.177930e+000  1.582600e+000  1.035994e-001
 3.180240e+000  1.550100e+000  1.035670e-001
 3.182560e+000  1.614800e+000  1.041781e-001
 3.184870e+000  1.622300e+000  1.034361e-001
 3.187180e+000  1.570000e+000  1.040194e-001
 3.189500e+000  1.738500e+000  1.029984e-001
 3.191810e+000  1.683000e+000  1.038634e-001
 3.194130e+000  1.528800e+000  1.038490e-001
 3.196440e+000  1.595600e+000  1.039800e-001
 3.198760e+000  1.579200e+000  1.039435e-001
 3.201070e+000  1.590700e+000  1.032724e-001
 3.203390e+000  1.740700e+000  1.037485e-001
 3.205700e+000  1.758900e+000  1.038133e-001
 3.208020e+000  1.615000e+000  1.035689e-001
 3.210330e+000  1.647000e+000  1.034098e-001
 3.212640e+000  1.642800e+000  1.036910e-001
 3.214960e+000  1.871000e+000  1.040121e-001
 3.217270e+000  1.751600e+000  1.036248e-001
 3.219590e+000  1.615400e+000  1.033824e-001
 3.221900e+000  1.574600e+000  1.035765e-001
 3.224220e+000  1.526400e+000  1.039658e-001
 3.226530e+000  1.395100e+000  1.042027e-001
 3.228850e+000  1.535200e+000  1.027681e-001
 3.231160e+000  1.504900e+000  1.039121e-001
 3.233480e+000  1.463000e+000  1.034720e-001
 3.235790e+000  1.521600e+000  1.038166e-001
 3.238100e+000  1.587800e+000  1.036228e-001
 3.240420e+000  1.638800e+000  1.026848e-001
 3.242730e+000  1.573600e+000  1.043421e-001
 3.245050e+000  1.624100e+000  1.031564e-001
 3.247360e+000  1.780000e+000  1.035339e-001
 3.249680e+000  1.694000e+000  1.033518e-001
 3.251990e+000  1.490000e+000  1.030721e-001
 3.254310e+000  1.578400e+000  1.036190e-001
 3.256620e+000  1.453200e+000  1.031736e-001
 3.258940e+000  1.618600e+000  1.032709e-001
 3.261250e+000  1.768200e+000  1.033721e-001
 3.263560e+000  1.487700e+000  1.036256e-001
 3.265880e+000  1.539500e+000  1.038432e-001
 3.268190e+000  1.535100e+000  1.028227e-001
 3.270510e+000  1.422100e+000  1.037009e-001
 3.272820e+000  1.449000e+000  1.030674e-001
 3.275140e+000  1.394600e+000  1.034073e-001
 3.277450e+000  1.285800e+000  1.030854e-001
 3.279770e+000  1.601300e+000  1.031823e-001
 3.282080e+000  1.425600e+000  1.035067e-001
 3.284400e+000  1.648900e+000  1.034787e-001
 3.286710e+000  1.439500e+000  1.029719e-001
 3.289020e+000  1.537400e+000  1.031298e-001
 3.291340e+000  1.388400e+000  1.034224e-001
 3.293650e+000  1.680900e+000  1.037024e-001
 3.295970e+000  1.766200e+000  1.029448e-001
 3.298280e+000  1.419500e+000  1.035440e-001
 3.300600e+000  1.502100e+000  1.030934e-001
 3.302910e+000  1.403800e+000  1.035430e-001
 3.305230e+000  1.611800e+000  1.035386e-001
 3.307540e+000  1.553300e+000  1.029289e-001
 3.309850e+000  1.427900e+000  1.037175e-001
 3.312170e+000  1.474500e+000  1.031898e-001
 3.314480e+000  1.529100e+000  1.033190e-001
 3.316800e+000  1.522100e+000  1.027773e-001
 3.319110e+000  1.744800e+000  1.031873e-001
 3.321430e+000  1.630100e+000  1.037646e-001
 3.323740e+000  1.434400e+000  1.029247e-001
 3.326060e+000  1.403000e+000  1.032570e-001
 3.328370e+000  1.455700e+000  1.029602e-001
 3.330690e+000  1.527400e+000  1.035016e-001
 3.333000e+000  1.361900e+000  1.040755e-001
 3.335310e+000  1.381300e+000  1.023340e-001
 3.337630e+000  1.541100e+000  1.032910e-001
 3.339940e+000  1.612500e+000  1.030474e-001
 3.342260e+000  1.683300e+000  1.035516e-001
 3.344570e+000  1.457800e+000  1.029428e-001
 3.346890e+000  1.381500e+000  1.024668e-001
 3.349200e+000  1.425000e+000  1.039003e-001
 3.351520e+000  1.388200e+000  1.027251e-001
 3.353830e+000  1.277500e+000  1.037818e-001
 3.356150e+000  1.539000e+000  1.028957e-001
 3.358460e+000  1.524000e+000  1.030758e-001
 3.360770e+000  1.466700e+000  1.033484e-001
 3.363090e+000  1.408800e+000  1.030363e-001
 3.365400e+000  1.241400e+000  1.033005e-001
 3.367720e+000  1.392700e+000  1.025763e-001
 3.370030e+000  1.593900e+000  1.032742e-001
 3.372350e+000  1.478700e+000  1.033571e-001
 3.374660e+000  1.533800e+000  1.027260e-001
 3.376980e+000  1.415800e+000  1.033669e-001
 3.379290e+000  1.210900e+000  1.025957e-001
 3.381610e+000  1.137100e+000  1.036386e-001
 3.383920e+000  1.207000e+000  1.031405e-001
 3.386230e+000  1.449000e+000  1.027431e-001
 3.388550e+000  1.443900e+000  1.032367e-001
 3.390860e+000  1.300700e+000  1.025811e-001
 3.393180e+000  1.340800e+000  1.033841e-001
 3.395490e+000  1.276100e+000  1.028474e-001
 3.397810e+000  1.442900e+000  1.031612e-001
 3.400120e+000  1.492500e+000  1.038149e-001
 3.402440e+000  1.564500e+000  1.026949e-001
 3.404750e+000  1.323800e+000  1.031497e-001
 3.407070e+000  1.253600e+000  1.031418e-001
 3.409380e+000  1.317600e+000  1.030736e-001
 3.411690e+000  1.232500e+000  1.031654e-001
 3.414010e+000  1.368600e+000  1.026258e-001
 3.416320e+000  1.455100e+000  1.033121e-001
 3.418640e+000  1.534000e+000  1.025198e-001
 3.420950e+000  1.638200e+000  1.031601e-001
 3.423270e+000  1.454100e+000  1.029123e-001
 3.425580e+000  1.385500e+000  1.033352e-001
 3.427900e+000  1.320800e+000  1.033661e-001
 3.430210e+000  1.400900e+000  1.026245e-001
 3.432530e+000  1.616100e+000  1.030935e-001
 3.434840e+000  1.606200e+000  1.024371e-001
 3.437150e+000  1.562900e+000  1.030466e-001
 3.439470e+000  1.451900e+000  1.031766e-001
 3.441780e+000  1.507800e+000  1.029341e-001
 3.444100e+000  1.474500e+000  1.028305e-001
 3.446410e+000  1.622100e+000  1.027322e-001
 3.448730e+000  1.508400e+000  1.038431e-001
 3.451040e+000  1.443200e+000  1.024385e-001
 3.453360e+000  1.462100e+000  1.029113e-001
 3.455670e+000  1.474500e+000  1.033406e-001
 3.457980e+000  1.464600e+000  1.028492e-001
 3.460300e+000  1.572800e+000  1.034683e-001
 3.462610e+000  1.492700e+000  1.026086e-001
 3.464930e+000  1.374200e+000  1.030447e-001
 3.467240e+000  1.439000e+000  1.033999e-001
 3.469560e+000  1.567100e+000  1.028766e-001
 3.471870e+000  1.586300e+000  1.034589e-001
 3.474190e+000  1.517800e+000  1.024309e-001
 3.476500e+000  1.378700e+000  1.033535e-001
 3.478820e+000  1.335900e+000  1.031631e-001
 3.481130e+000  1.440900e+000  1.026840e-001
 3.483440e+000  1.262500e+000  1.030831e-001
 3.485760e+000  1.388100e+000  1.019213e-001
 3.488070e+000  1.414500e+000  1.033100e-001
 3.490390e+000  1.398300e+000  1.031194e-001
 3.492700e+000  1.485600e+000  1.028101e-001
 3.495020e+000  1.445600e+000  1.035573e-001
 3.497330e+000  1.437600e+000  1.025275e-001
 3.499650e+000  1.378000e+000  1.035144e-001
 3.501960e+000  1.376900e+000  1.025516e-001
 3.504280e+000  1.343500e+000  1.030194e-001
 3.506590e+000  1.513700e+000  1.034695e-001
 3.508900e+000  1.459200e+000  1.025567e-001
 3.511220e+000  1.281800e+000  1.032965e-001
 3.513530e+000  1.321700e+000  1.029462e-001
 3.515850e+000  1.459000e+000  1.028440e-001
 3.518160e+000  1.491100e+000  1.033357e-001
 3.520480e+000  1.444000e+000  1.029360e-001
 3.522790e+000  1.517800e+000  1.027864e-001
 3.525110e+000  1.485300e+000  1.024943e-001
 3.527420e+000  1.400700e+000  1.030815e-001
 3.529740e+000  1.386800e+000  1.027115e-001
 3.532050e+000  1.468300e+000  1.026526e-001
 3.534360e+000  1.338300e+000  1.028720e-001
 3.536680e+000  1.205200e+000  1.029427e-001
 3.538990e+000  1.214300e+000  1.035043e-001
 3.541310e+000  1.395100e+000  1.021940e-001
 3.543620e+000  1.365000e+000  1.028552e-001
 3.545940e+000  1.450400e+000  1.025403e-001
 3.548250e+000  1.378000e+000  1.032243e-001
 3.550570e+000  1.228700e+000  1.031645e-001
 3.552880e+000  1.326300e+000  1.026193e-001
 3.555200e+000  1.334200e+000  1.035796e-001
 3.557510e+000  1.461600e+000  1.025777e-001
 3.559820e+000  1.381400e+000  1.029504e-001
 3.562140e+000  1.611600e+000  1.031718e-001
 3.564450e+000  1.321200e+000  1.022577e-001
 3.566770e+000  1.447700e+000  1.035437e-001
 3.569080e+000  1.266300e+000  1.023948e-001
 3.571400e+000  1.343300e+000  1.030640e-001
 3.573710e+000  1.409000e+000  1.031033e-001
 3.576030e+000  1.407900e+000  1.028236e-001
 3.578340e+000  1.199000e+000  1.033252e-001
 3.580650e+000  1.340100e+000  1.020996e-001
 3.582970e+000  1.624600e+000  1.033056e-001
 3.585280e+000  1.494700e+000  1.025955e-001
 3.587600e+000  1.307800e+000  1.029259e-001
 3.589910e+000  1.391600e+000  1.033620e-001
 3.592230e+000  1.440200e+000  1.022748e-001
 3.594540e+000  1.365400e+000  1.033229e-001
 3.596860e+000  1.589100e+000  1.026290e-001
 3.599170e+000  1.344900e+000  1.030829e-001
 3.601490e+000  1.386800e+000  1.027821e-001
 3.603800e+000  1.333200e+000  1.026614e-001
 3.606110e+000  1.424000e+000  1.039077e-001
 3.608430e+000  1.228300e+000  1.021682e-001
 3.610740e+000  1.316900e+000  1.031496e-001
 3.613060e+000  1.408600e+000  1.031104e-001
 3.615370e+000  1.534300e+000  1.030108e-001
 3.617690e+000  1.391200e+000  1.035060e-001
 3.620000e+000  1.443600e+000  1.019918e-001
 3.622320e+000  1.438000e+000  1.028020e-001
 3.624630e+000  1.431300e+000  1.026285e-001
 3.626950e+000  1.412600e+000  1.028827e-001
 3.629260e+000  1.323900e+000  1.034220e-001
 3.631570e+000  1.220500e+000  1.025054e-001
 3.633890e+000  1.068200e+000  1.036764e-001
 3.636200e+000  1.331000e+000  1.028756e-001
 3.638520e+000  1.405100e+000  1.029214e-001
 3.640830e+000  1.398100e+000  1.028431e-001
 3.643150e+000  1.160100e+000  1.022893e-001
 3.645460e+000  1.407000e+000  1.035477e-001
 3.647780e+000  1.433800e+000  1.029786e-001
 3.650090e+000  1.165900e+000  1.024822e-001
 3.652410e+000  1.318100e+000  1.031430e-001
 3.654720e+000  1.536800e+000  1.030852e-001
 3.657030e+000  1.513300e+000  1.036388e-001
 3.659350e+000  1.322200e+000  1.023801e-001
 3.661660e+000  1.329600e+000  1.031610e-001
 3.663980e+000  1.349100e+000  1.030421e-001
 3.666290e+000  1.351000e+000  1.032703e-001
 3.668610e+000  1.562700e+000  1.032596e-001
 3.670920e+000  1.542000e+000  1.034008e-001
 3.673240e+000  1.419600e+000  1.031724e-001
 3.675550e+000  1.288600e+000  1.026866e-001
 3.677870e+000  1.341500e+000  1.030894e-001
 3.680180e+000  1.432100e+000  1.029631e-001
 3.682490e+000  1.303300e+000  1.034772e-001
 3.684810e+000  1.360400e+000  1.031621e-001
 3.687120e+000  1.286600e+000  1.028854e-001
 3.689440e+000  1.233200e+000  1.032431e-001
 3.691750e+000  1.299800e+000  1.025443e-001
 3.694070e+000  1.135100e+000  1.032512e-001
 3.696380e+000  1.122800e+000  1.029781e-001
 3.698700e+000  1.067500e+000  1.023578e-001
 3.701010e+000  1.110800e+000  1.033586e-001
 3.703330e+000  1.089500e+000  1.028491e-001
 3.705640e+000  1.214100e+000  1.034986e-001
 3.707950e+000  1.233000e+000  1.024572e-001
 3.710270e+000  1.299400e+000  1.026606e-001
 3.712580e+000  1.441000e+000  1.035486e-001
 3.714900e+000  1.303200e+000  1.023553e-001
 3.717210e+000  1.259400e+000  1.036347e-001
 3.719530e+000  1.280300e+000  1.026145e-001
 3.721840e+000  1.414700e+000  1.033997e-001
 3.724160e+000  1.421400e+000  1.037598e-001
 3.726470e+000  1.431200e+000  1.028022e-001
 3.728780e+000  1.110800e+000  1.028318e-001
 3.731100e+000  1.228500e+000  1.027640e-001
 3.733410e+000  1.346800e+000  1.032181e-001
 3.735730e+000  1.393600e+000  1.034605e-001
 3.738040e+000  1.151300e+000  1.024482e-001
 3.740360e+000  1.233100e+000  1.032297e-001
 3.742670e+000  1.400200e+000  1.027710e-001
 3.744990e+000  1.333500e+000  1.035298e-001
 3.747300e+000  1.289300e+000  1.031413e-001
 3.749620e+000  1.259600e+000  1.026700e-001
 3.751930e+000  1.293700e+000  1.035839e-001
 3.754240e+000  1.434900e+000  1.030374e-001
 3.756560e+000  1.445900e+000  1.033268e-001
 3.758870e+000  1.376600e+000  1.031383e-001
 3.761190e+000  1.476400e+000  1.030986e-001
 3.763500e+000  1.216500e+000  1.036884e-001
 3.765820e+000  1.332000e+000  1.027578e-001
 3.768130e+000  1.629900e+000  1.034825e-001
 3.770450e+000  1.460100e+000  1.029186e-001
 3.772760e+000  1.383900e+000  1.034293e-001
 3.775080e+000  1.415900e+000  1.031520e-001
 3.777390e+000  1.437600e+000  1.027455e-001
 3.779700e+000  1.286100e+000  1.036245e-001
 3.782020e+000  1.334500e+000  1.027630e-001
 3.784330e+000  1.316400e+000  1.038783e-001
 3.786650e+000  1.272600e+000  1.026431e-001
 3.788960e+000  1.284500e+000  1.035272e-001
 3.791280e+000  1.312000e+000  1.037710e-001
 3.793590e+000  1.096900e+000  1.027293e-001
 3.795910e+000  1.329100e+000  1.035773e-001
 3.798220e+000  1.389900e+000  1.030186e-001
 3.800540e+000  1.313700e+000  1.039959e-001
 3.802850e+000  1.265400e+000  1.034056e-001
 3.805160e+000  1.363500e+000  1.033329e-001
 3.807480e+000  1.306000e+000  1.032145e-001
 3.809790e+000  1.440300e+000  1.030141e-001
 3.812110e+000  1.379800e+000  1.035333e-001
 3.814420e+000  1.326200e+000  1.032623e-001
 3.816740e+000  1.131900e+000  1.027029e-001
 3.819050e+000  1.225200e+000  1.038184e-001
 3.821370e+000  1.239400e+000  1.027059e-001
 3.823680e+000  1.379700e+000  1.031636e-001
 3.826000e+000  1.180600e+000  1.027648e-001
 3.828310e+000  1.264000e+000  1.033844e-001
 3.830620e+000  1.334000e+000  1.038841e-001
 3.832940e+000  1.346200e+000  1.032204e-001
 3.835250e+000  1.221100e+000  1.030641e-001
 3.837570e+000  1.392000e+000  1.035515e-001
 3.839880e+000  1.296100e+000  1.032472e-001
 3.842200e+000  1.254800e+000  1.035256e-001
 3.844510e+000  1.301500e+000  1.033985e-001
 3.846830e+000  1.299200e+000  1.032974e-001
 3.849140e+000  1.144200e+000  1.030513e-001
 3.851450e+000  9.736000e-001  1.034395e-001
 3.853770e+000  1.055400e+000  1.035883e-001
 3.856080e+000  1.080300e+000  1.030386e-001
 3.858400e+000  1.114700e+000  1.034929e-001
 3.860710e+000  1.019000e+000  1.031640e-001
 3.863030e+000  1.286900e+000  1.035523e-001
 3.865340e+000  1.269400e+000  1.028742e-001
 3.867660e+000  1.431800e+000  1.035387e-001
 3.869970e+000  1.316200e+000  1.040547e-001
 3.872290e+000  1.442000e+000  1.032630e-001
 3.874600e+000  1.170500e+000  1.033558e-001
 3.876910e+000  1.179400e+000  1.034268e-001
 3.879230e+000  1.119100e+000  1.030238e-001
 3.881540e+000  1.308000e+000  1.039872e-001
 3.883860e+000  1.499900e+000  1.031786e-001
 3.886170e+000  1.406600e+000  1.034482e-001
 3.888490e+000  1.344500e+000  1.033912e-001
 3.890800e+000  1.257500e+000  1.034417e-001
 3.893120e+000  1.179200e+000  1.035678e-001
 3.895430e+000  1.078200e+000  1.030870e-001
 3.897750e+000  1.060800e+000  1.031535e-001
 3.900060e+000  1.088700e+000  1.035173e-001
 3.902370e+000  1.090500e+000  1.037217e-001
 3.904690e+000  1.303300e+000  1.032071e-001
 3.907000e+000  1.303100e+000  1.033599e-001
 3.909320e+000  1.002100e+000  1.036402e-001
 3.911630e+000  1.046000e+000  1.042532e-001
 3.913950e+000  1.243000e+000  1.034041e-001
 3.916260e+000  1.214300e+000  1.037180e-001
 3.918580e+000  1.132800e+000  1.038490e-001
 3.920890e+000  9.656000e-001  1.035713e-001
 3.923210e+000  1.090700e+000  1.036512e-001
 3.925520e+000  1.041700e+000  1.035726e-001
 3.927830e+000  1.093700e+000  1.039767e-001
 3.930150e+000  1.043000e+000  1.037844e-001
 3.932460e+000  1.096600e+000  1.036194e-001
 3.934780e+000  1.120300e+000  1.036398e-001
 3.937090e+000  1.373100e+000  1.035799e-001
 3.939410e+000  1.349900e+000  1.037553e-001
 3.941720e+000  1.330800e+000  1.039950e-001
 3.944040e+000  1.314500e+000  1.031249e-001
 3.946350e+000  1.323000e+000  1.043245e-001
 3.948670e+000  1.262500e+000  1.036333e-001
 3.950980e+000  1.115600e+000  1.043116e-001
 3.953290e+000  1.275900e+000  1.036592e-001
 3.955610e+000  1.325200e+000  1.035627e-001
 3.957920e+000  1.327700e+000  1.037551e-001
 3.960240e+000  1.210400e+000  1.039742e-001
 3.962550e+000  1.196600e+000  1.036222e-001
 3.964870e+000  1.209900e+000  1.035978e-001
 3.967180e+000  1.071400e+000  1.036040e-001
 3.969500e+000  1.070700e+000  1.037160e-001
 3.971810e+000  1.211400e+000  1.035854e-001
 3.974130e+000  1.024100e+000  1.037369e-001
 3.976440e+000  1.098500e+000  1.041911e-001
 3.978750e+000  9.246000e-001  1.038371e-001
 3.981070e+000  1.161200e+000  1.038983e-001
 3.983380e+000  9.693000e-001  1.036317e-001
 3.985700e+000  1.087600e+000  1.039796e-001
 3.988010e+000  1.298900e+000  1.039194e-001
 3.990330e+000  1.236700e+000  1.041375e-001
 3.992640e+000  1.199500e+000  1.034382e-001
 3.994960e+000  1.200400e+000  1.040816e-001
 3.997270e+000  1.040600e+000  1.039620e-001
 3.999580e+000  1.052700e+000  1.041446e-001
 4.001900e+000  1.184300e+000  1.038724e-001
 4.004210e+000  1.145600e+000  1.041015e-001
 4.006530e+000  1.125900e+000  1.044925e-001
 4.008840e+000  9.452000e-001  1.042374e-001
 4.011160e+000  8.582000e-001  1.038566e-001
 4.013470e+000  1.148600e+000  1.038211e-001
 4.015790e+000  1.072900e+000  1.039394e-001
 4.018100e+000  9.742000e-001  1.043389e-001
 4.020420e+000  1.114300e+000  1.039954e-001
 4.022730e+000  9.969000e-001  1.034543e-001
 4.025040e+000  1.123000e+000  1.044418e-001
 4.027360e+000  1.063000e+000  1.043824e-001
 4.029670e+000  1.231500e+000  1.047661e-001
 4.031990e+000  1.154700e+000  1.038361e-001
 4.034300e+000  9.979000e-001  1.041780e-001
 4.036620e+000  9.278000e-001  1.042644e-001
 4.038930e+000  9.698000e-001  1.040352e-001
 4.041250e+000  1.099900e+000  1.043570e-001
 4.043560e+000  1.176600e+000  1.045935e-001
 4.045880e+000  1.319400e+000  1.042842e-001
 4.048190e+000  1.314500e+000  1.047026e-001
 4.050500e+000  1.272200e+000  1.042365e-001
 4.052820e+000  1.043100e+000  1.044979e-001
 4.055130e+000  1.008700e+000  1.042613e-001
 4.057450e+000  9.306000e-001  1.044374e-001
 4.059760e+000  9.893000e-001  1.046705e-001
 4.062080e+000  1.118900e+000  1.041854e-001
 4.064390e+000  1.062200e+000  1.042917e-001
 4.066710e+000  1.141500e+000  1.042325e-001
 4.069020e+000  1.159500e+000  1.044371e-001
 4.071340e+000  1.349000e+000  1.043842e-001
 4.073650e+000  1.345500e+000  1.048968e-001
 4.075960e+000  1.178400e+000  1.046235e-001
 4.078280e+000  1.369100e+000  1.049038e-001
 4.080590e+000  1.379800e+000  1.039099e-001
 4.082910e+000  1.334000e+000  1.044208e-001
 4.085220e+000  1.145800e+000  1.043324e-001
 4.087540e+000  1.251200e+000  1.049475e-001
 4.089850e+000  1.260700e+000  1.044360e-001
 4.092170e+000  1.162600e+000  1.043576e-001
 4.094480e+000  1.162700e+000  1.045721e-001
 4.096800e+000  1.194200e+000  1.045615e-001
 4.099110e+000  1.127700e+000  1.047774e-001
 4.101420e+000  1.224300e+000  1.045580e-001
 4.103740e+000  1.249400e+000  1.044906e-001
 4.106050e+000  1.358500e+000  1.046091e-001
 4.108370e+000  1.060500e+000  1.046604e-001
 4.110680e+000  1.042900e+000  1.042206e-001
 4.113000e+000  1.221800e+000  1.043178e-001
 4.115310e+000  1.071900e+000  1.047475e-001
 4.117630e+000  1.115900e+000  1.049459e-001
 4.119940e+000  1.128700e+000  1.045495e-001
 4.122250e+000  1.062100e+000  1.045027e-001
 4.124570e+000  1.128100e+000  1.049164e-001
 4.126880e+000  1.006300e+000  1.051687e-001
 4.129200e+000  9.654000e-001  1.045036e-001
 4.131510e+000  9.068000e-001  1.045379e-001
 4.133830e+000  1.129100e+000  1.049287e-001
 4.136140e+000  1.150100e+000  1.046900e-001
 4.138460e+000  1.009400e+000  1.045967e-001
 4.140770e+000  8.712000e-001  1.045798e-001
 4.143090e+000  1.018000e+000  1.048092e-001
 4.145400e+000  8.888000e-001  1.048964e-001
 4.147710e+000  1.047100e+000  1.049862e-001
 4.150030e+000  1.178500e+000  1.045429e-001
 4.152340e+000  1.281800e+000  1.049744e-001
 4.154660e+000  9.626000e-001  1.050148e-001
 4.156970e+000  1.102300e+000  1.058080e-001
 4.159290e+000  9.944000e-001  1.049492e-001
 4.161600e+000  1.208700e+000  1.048752e-001
 4.163920e+000  1.213800e+000  1.053467e-001
 4.166230e+000  1.010600e+000  1.052483e-001
 4.168550e+000  1.000900e+000  1.049130e-001
 4.170860e+000  8.442000e-001  1.053127e-001
 4.173170e+000  9.645000e-001  1.052665e-001
 4.175490e+000  1.072800e+000  1.059957e-001
 4.177800e+000  1.119700e+000  1.048267e-001
 4.180120e+000  1.043100e+000  1.048124e-001
 4.182430e+000  1.045000e+000  1.057934e-001
 4.184750e+000  9.404000e-001  1.055666e-001
 4.187060e+000  9.689000e-001  1.056128e-001
 4.189380e+000  9.694000e-001  1.048809e-001
 4.191690e+000  1.056900e+000  1.053130e-001
 4.194010e+000  1.078500e+000  1.058298e-001
 4.196320e+000  1.196100e+000  1.053072e-001
 4.198630e+000  1.329300e+000  1.047265e-001
 4.200950e+000  1.333300e+000  1.054204e-001
 4.203260e+000  1.240700e+000  1.056241e-001
 4.205580e+000  1.300600e+000  1.059289e-001
 4.207890e+000  1.092200e+000  1.047546e-001
 4.210210e+000  9.805000e-001  1.053660e-001
 4.212520e+000  9.367000e-001  1.052252e-001
 4.214840e+000  8.257000e-001  1.056772e-001
 4.217150e+000  9.659000e-001  1.057957e-001
 4.219470e+000  1.006300e+000  1.056203e-001
 4.221780e+000  9.610000e-001  1.055840e-001
 4.224090e+000  1.005300e+000  1.059422e-001
 4.226410e+000  1.184600e+000  1.058483e-001
 4.228720e+000  1.181800e+000  1.056993e-001
 4.231040e+000  1.108600e+000  1.059114e-001
 4.233350e+000  1.164400e+000  1.060743e-001
 4.235670e+000  1.200800e+000  1.057784e-001
 4.237980e+000  1.245100e+000  1.055862e-001
 4.240300e+000  1.285100e+000  1.059708e-001
 4.242610e+000  1.153200e+000  1.058006e-001
 4.244930e+000  1.270300e+000  1.060090e-001
 4.247240e+000  1.080200e+000  1.059449e-001
 4.249550e+000  1.166100e+000  1.056311e-001
 4.251870e+000  1.326200e+000  1.059971e-001
 4.254180e+000  1.242600e+000  1.056478e-001
 4.256500e+000  1.067300e+000  1.054938e-001
 4.258810e+000  1.113000e+000  1.060172e-001
 4.261130e+000  1.073200e+000  1.062445e-001
 4.263440e+000  1.090400e+000  1.058850e-001
 4.265760e+000  1.096900e+000  1.061978e-001
 4.268070e+000  1.171400e+000  1.055462e-001
 4.270380e+000  9.733000e-001  1.063144e-001
 4.272700e+000  9.813000e-001  1.062016e-001
 4.275010e+000  9.676000e-001  1.063320e-001
 4.277330e+000  1.051100e+000  1.056029e-001
 4.279640e+000  9.883000e-001  1.059919e-001
 4.281960e+000  9.694000e-001  1.064965e-001
 4.284270e+000  1.041100e+000  1.064763e-001
 4.286590e+000  1.142400e+000  1.059585e-001
 4.288900e+000  1.172800e+000  1.065778e-001
 4.291220e+000  8.925000e-001  1.067883e-001
 4.293530e+000  9.932000e-001  1.061370e-001
 4.295840e+000  9.713000e-001  1.060787e-001
 4.298160e+000  1.036100e+000  1.062344e-001
 4.300470e+000  1.154200e+000  1.066575e-001
 4.302790e+000  1.153800e+000  1.062017e-001
 4.305100e+000  9.558000e-001  1.066369e-001
 4.307420e+000  9.322000e-001  1.061519e-001
 4.309730e+000  1.014000e+000  1.063175e-001
 4.312050e+000  1.001600e+000  1.066060e-001
 4.314360e+000  7.878000e-001  1.067374e-001
 4.316680e+000  8.187000e-001  1.065355e-001
 4.318990e+000  9.318000e-001  1.063551e-001
 4.321300e+000  1.136800e+000  1.063650e-001
 4.323620e+000  1.113300e+000  1.068947e-001
 4.325930e+000  1.204200e+000  1.065374e-001
 4.328250e+000  9.033000e-001  1.065045e-001
 4.330560e+000  1.083100e+000  1.067680e-001
 4.332880e+000  9.766000e-001  1.069922e-001
 4.335190e+000  8.903000e-001  1.065973e-001
 4.337510e+000  9.344000e-001  1.067906e-001
 4.339820e+000  1.003100e+000  1.068942e-001
 4.342140e+000  8.876000e-001  1.071360e-001
 4.344450e+000  1.260500e+000  1.069141e-001
 4.346760e+000  1.076900e+000  1.071078e-001
 4.349080e+000  1.207500e+000  1.068812e-001
 4.351390e+000  1.041900e+000  1.070254e-001
 4.353710e+000  1.160800e+000  1.072656e-001
 4.356020e+000  1.304100e+000  1.069426e-001
 4.358340e+000  1.046500e+000  1.074092e-001
 4.360650e+000  1.122600e+000  1.075795e-001
 4.362970e+000  1.073600e+000  1.076715e-001
 4.365280e+000  9.834000e-001  1.070898e-001
 4.367600e+000  1.150300e+000  1.075724e-001
 4.369910e+000  1.147100e+000  1.079355e-001
 4.372220e+000  1.059700e+000  1.073087e-001
 4.374540e+000  1.059800e+000  1.075772e-001
 4.376850e+000  1.025400e+000  1.070343e-001
 4.379170e+000  9.448000e-001  1.073565e-001
 4.381480e+000  1.044600e+000  1.076860e-001
 4.383800e+000  9.203000e-001  1.074757e-001
 4.386110e+000  1.028900e+000  1.072056e-001
 4.388430e+000  1.032400e+000  1.075680e-001
 4.390740e+000  1.120300e+000  1.074757e-001
 4.393050e+000  1.185600e+000  1.077418e-001
 4.395370e+000  1.069400e+000  1.070371e-001
 4.397680e+000  9.911000e-001  1.071214e-001
 4.400000e+000  8.535000e-001  1.075240e-001
 4.402310e+000  8.028000e-001  1.079084e-001
 4.404630e+000  7.845000e-001  1.072764e-001
 4.406940e+000  8.251000e-001  1.078097e-001
 4.409260e+000  9.175000e-001  1.078944e-001
 4.411570e+000  8.297000e-001  1.075582e-001
 4.413890e+000  9.453000e-001  1.075988e-001
 4.416200e+000  7.985000e-001  1.081564e-001
 4.418510e+000  9.519000e-001  1.081316e-001
 4.420830e+000  8.149000e-001  1.083747e-001
 4.423140e+000  9.669000e-001  1.084365e-001
 4.425460e+000  1.001500e+000  1.082063e-001
 4.427770e+000  1.040900e+000  1.086748e-001
 4.430090e+000  1.025200e+000  1.085030e-001
 4.432400e+000  6.627000e-001  1.082515e-001
 4.434720e+000  8.091000e-001  1.077454e-001
 4.437030e+000  8.252000e-001  1.087127e-001
 4.439350e+000  7.768000e-001  1.085901e-001
 4.441660e+000  8.073000e-001  1.090546e-001
 4.443970e+000  8.723000e-001  1.082362e-001
 4.446290e+000  8.392000e-001  1.087911e-001
 4.448600e+000  1.016200e+000  1.089375e-001
 4.450920e+000  8.968000e-001  1.086912e-001
 4.453230e+000  8.701000e-001  1.083007e-001
 4.455550e+000  6.689000e-001  1.083318e-001
 4.457860e+000  7.684000e-001  1.094628e-001
 4.460180e+000  1.075800e+000  1.090372e-001
 4.462490e+000  1.059200e+000  1.086356e-001
 4.464810e+000  9.591000e-001  1.089292e-001
 4.467120e+000  1.040000e+000  1.089148e-001
 4.469430e+000  9.387000e-001  1.092085e-001
 4.471750e+000  9.003000e-001  1.089072e-001
 4.474060e+000  9.932000e-001  1.088582e-001
 4.476380e+000  9.737000e-001  1.087941e-001
 4.478690e+000  9.182000e-001  1.088574e-001
 4.481010e+000  1.032600e+000  1.090131e-001
 4.483320e+000  1.006000e+000  1.087227e-001
 4.485640e+000  9.889000e-001  1.093912e-001
 4.487950e+000  1.113900e+000  1.095585e-001
 4.490270e+000  1.024900e+000  1.096002e-001
 4.492580e+000  1.032000e+000  1.088666e-001
 4.494890e+000  9.843000e-001  1.095565e-001
 4.497210e+000  1.105500e+000  1.095219e-001
 4.499520e+000  9.828000e-001  1.099463e-001
 4.501840e+000  8.792000e-001  1.094212e-001
 4.504150e+000  1.067800e+000  1.096179e-001
 4.506470e+000  9.867000e-001  1.093167e-001
 4.508780e+000  9.590000e-001  1.094659e-001
 4.511100e+000  8.265000e-001  1.098008e-001
 4.513410e+000  6.688000e-001  1.095569e-001
 4.515730e+000  8.416000e-001  1.097747e-001
 4.518040e+000  6.057000e-001  1.100941e-001
 4.520350e+000  9.387000e-001  1.097560e-001
 4.522670e+000  9.276000e-001  1.095778e-001
 4.524980e+000  8.668000e-001  1.101677e-001
 4.527300e+000  7.017000e-001  1.095969e-001
 4.529610e+000  9.020000e-001  1.105023e-001
 4.531930e+000  8.343000e-001  1.092962e-001
 4.534240e+000  7.905000e-001  1.100183e-001
 4.536560e+000  8.550000e-001  1.103063e-001
 4.538870e+000  7.475000e-001  1.101876e-001
 4.541180e+000  7.915000e-001  1.101653e-001
 4.543500e+000  7.706000e-001  1.101480e-001
 4.545810e+000  7.904000e-001  1.104204e-001
 4.548130e+000  7.787000e-001  1.106714e-001
 4.550440e+000  9.254000e-001  1.102077e-001
 4.552760e+000  9.729000e-001  1.103630e-001
 4.555070e+000  1.134800e+000  1.103770e-001
 4.557390e+000  1.077800e+000  1.107750e-001
 4.559700e+000  1.015300e+000  1.111538e-001
 4.562020e+000  9.419000e-001  1.104916e-001
 4.564330e+000  8.277000e-001  1.109408e-001
 4.566640e+000  1.000500e+000  1.112656e-001
 4.568960e+000  1.046300e+000  1.114300e-001
 4.571270e+000  8.275000e-001  1.105528e-001
 4.573590e+000  7.972000e-001  1.108518e-001
 4.575900e+000  9.044000e-001  1.110983e-001
 4.578220e+000  8.093000e-001  1.109667e-001
 4.580530e+000  1.020200e+000  1.110487e-001
 4.582850e+000  9.632000e-001  1.108121e-001
 4.585160e+000  7.346000e-001  1.110576e-001
 4.587480e+000  7.841000e-001  1.111282e-001
 4.589790e+000  7.788000e-001  1.112181e-001
 4.592100e+000  9.858000e-001  1.110457e-001
 4.594420e+000  8.624000e-001  1.113791e-001
 4.596730e+000  9.588000e-001  1.115606e-001
 4.599050e+000  9.831000e-001  1.116024e-001
 4.601360e+000  7.615000e-001  1.111522e-001
 4.603680e+000  8.192000e-001  1.116484e-001
 4.605990e+000  9.005000e-001  1.115982e-001
 4.608310e+000  7.764000e-001  1.119488e-001
 4.610620e+000  1.004900e+000  1.110477e-001
 4.612940e+000  9.072000e-001  1.115165e-001
 4.615250e+000  8.963000e-001  1.115796e-001
 4.617560e+000  9.780000e-001  1.124175e-001
 4.619880e+000  8.679000e-001  1.116468e-001
 4.622190e+000  8.478000e-001  1.115557e-001
 4.624510e+000  7.892000e-001  1.125060e-001
 4.626820e+000  7.475000e-001  1.134929e-001
 4.629140e+000  8.147000e-001  1.135800e-001
 4.631450e+000  7.965000e-001  1.140272e-001
 4.633770e+000  8.807000e-001  1.141139e-001
 4.636080e+000  7.860000e-001  1.148094e-001
 4.638400e+000  7.562000e-001  1.143015e-001
 4.640710e+000  8.530000e-001  1.129154e-001
 4.643020e+000  7.726000e-001  1.132509e-001
 4.645340e+000  7.124000e-001  1.132115e-001
 4.647650e+000  9.046000e-001  1.129496e-001
 4.649970e+000  7.902000e-001  1.118437e-001
 4.652280e+000  9.866000e-001  1.125693e-001
 4.654600e+000  1.008400e+000  1.124064e-001
 4.656910e+000  9.352000e-001  1.128720e-001
 4.659230e+000  8.603000e-001  1.124773e-001
 4.661540e+000  8.866000e-001  1.131444e-001
 4.663850e+000  8.813000e-001  1.127812e-001
 4.666170e+000  8.715000e-001  1.131780e-001
 4.668480e+000  7.439000e-001  1.128029e-001
 4.670800e+000  1.003600e+000  1.128754e-001
 4.673110e+000  8.803000e-001  1.133625e-001
 4.675430e+000  1.215100e+000  1.135642e-001
 4.677740e+000  9.434000e-001  1.129206e-001
 4.680060e+000  9.037000e-001  1.133882e-001
 4.682370e+000  1.099100e+000  1.139141e-001
 4.684690e+000  9.534000e-001  1.142353e-001
 4.687000e+000  8.941000e-001  1.136887e-001
 4.689310e+000  8.897000e-001  1.131544e-001
 4.691630e+000  7.680000e-001  1.137312e-001
 4.693940e+000  6.055000e-001  1.139376e-001
 4.696260e+000  6.361000e-001  1.139499e-001
 4.698570e+000  7.735000e-001  1.138213e-001
 4.700890e+000  6.035000e-001  1.140275e-001
 4.703200e+000  6.087000e-001  1.140214e-001
 4.705520e+000  7.484000e-001  1.139391e-001
 4.707830e+000  8.460000e-001  1.140808e-001
 4.710150e+000  1.018500e+000  1.143418e-001
 4.712460e+000  7.170000e-001  1.142986e-001
 4.714770e+000  6.873000e-001  1.145133e-001
 4.717090e+000  7.246000e-001  1.145151e-001
 4.719400e+000  8.065000e-001  1.147295e-001
 4.721720e+000  9.356000e-001  1.147474e-001
 4.724030e+000  9.203000e-001  1.146686e-001
 4.726350e+000  7.591000e-001  1.146421e-001
 4.728660e+000  6.000000e-001  1.151754e-001
 4.730980e+000  5.004000e-001  1.154711e-001
 4.733290e+000  6.596000e-001  1.152680e-001
 4.735610e+000  6.700000e-001  1.148076e-001
 4.737920e+000  9.203000e-001  1.151762e-001
 4.740230e+000  8.867000e-001  1.154543e-001
 4.742550e+000  8.428000e-001  1.154834e-001
 4.744860e+000  8.077000e-001  1.160132e-001
 4.747180e+000  8.490000e-001  1.162712e-001
 4.749490e+000  8.655000e-001  1.157481e-001
 4.751810e+000  7.850000e-001  1.155901e-001
 4.754120e+000  7.160000e-001  1.158931e-001
 4.756440e+000  7.643000e-001  1.162251e-001
 4.758750e+000  6.393000e-001  1.166108e-001
 4.761070e+000  7.527000e-001  1.165923e-001
 4.763380e+000  8.755000e-001  1.166211e-001
 4.765690e+000  8.400000e-001  1.163360e-001
 4.768010e+000  9.268000e-001  1.166207e-001
 4.770320e+000  8.349000e-001  1.164311e-001
 4.772640e+000  6.772000e-001  1.167427e-001
 4.774950e+000  7.726000e-001  1.165855e-001
 4.777270e+000  6.677000e-001  1.169720e-001
 4.779580e+000  6.518000e-001  1.171536e-001
 4.781900e+000  8.009000e-001  1.170106e-001
 4.784210e+000  8.746000e-001  1.170058e-001
 4.786530e+000  8.970000e-001  1.173508e-001
 4.788840e+000  7.517000e-001  1.171652e-001
 4.791150e+000  5.903000e-001  1.170707e-001
 4.793470e+000  4.630000e-001  1.182757e-001
 4.795780e+000  5.725000e-001  1.179730e-001
 4.798100e+000  6.866000e-001  1.182297e-001
 4.800410e+000  7.902000e-001  1.179446e-001
 4.802730e+000  7.355000e-001  1.178524e-001
 4.805040e+000  6.831000e-001  1.180195e-001
 4.807360e+000  7.848000e-001  1.187697e-001
 4.809670e+000  7.356000e-001  1.184237e-001
 4.811980e+000  8.476000e-001  1.186489e-001
 4.814300e+000  6.694000e-001  1.189052e-001
 4.816610e+000  8.769000e-001  1.191068e-001
 4.818930e+000  8.076000e-001  1.191155e-001
 4.821240e+000  6.634000e-001  1.189549e-001
 4.823560e+000  5.844000e-001  1.191112e-001
 4.825870e+000  5.760000e-001  1.192662e-001
 4.828190e+000  6.156000e-001  1.194069e-001
 4.830500e+000  6.196000e-001  1.191223e-001
 4.832820e+000  5.615000e-001  1.195547e-001
 4.835130e+000  4.803000e-001  1.196768e-001
 4.837440e+000  5.481000e-001  1.194534e-001
 4.839760e+000  6.078000e-001  1.198289e-001
 4.842070e+000  6.877000e-001  1.197716e-001
 4.844390e+000  8.139000e-001  1.201590e-001
 4.846700e+000  8.445000e-001  1.197629e-001
 4.849020e+000  7.924000e-001  1.201962e-001
 4.851330e+000  9.321000e-001  1.203586e-001
 4.853650e+000  1.012900e+000  1.206844e-001
 4.855960e+000  8.614000e-001  1.207394e-001
 4.858280e+000  1.017100e+000  1.210269e-001
 4.860590e+000  8.873000e-001  1.207675e-001
 4.862900e+000  8.800000e-001  1.210179e-001
 4.865220e+000  1.084300e+000  1.206512e-001
 4.867530e+000  1.196400e+000  1.212187e-001
 4.869850e+000  9.525000e-001  1.218359e-001
 4.872160e+000  9.790000e-001  1.217181e-001
 4.874480e+000  7.769000e-001  1.218744e-001
 4.876790e+000  8.507000e-001  1.210760e-001
 4.879110e+000  8.486000e-001  1.218318e-001
 4.881420e+000  7.563000e-001  1.220835e-001
 4.883740e+000  7.013000e-001  1.223156e-001
 4.886050e+000  8.568000e-001  1.224445e-001
 4.888360e+000  8.785000e-001  1.227148e-001
 4.890680e+000  1.001700e+000  1.226899e-001
 4.892990e+000  8.237000e-001  1.228673e-001
 4.895310e+000  9.156000e-001  1.233448e-001
 4.897620e+000  7.351000e-001  1.234482e-001
 4.899940e+000  7.163000e-001  1.234149e-001
 4.902250e+000  8.774000e-001  1.232347e-001
 4.904570e+000  9.539000e-001  1.229757e-001
 4.906880e+000  7.096000e-001  1.232920e-001
 4.909200e+000  9.151000e-001  1.239134e-001
 4.911510e+000  9.786000e-001  1.239264e-001
 4.913820e+000  8.561000e-001  1.243967e-001
 4.916140e+000  8.209000e-001  1.243630e-001
 4.918450e+000  8.562000e-001  1.244019e-001
 4.920770e+000  7.994000e-001  1.239266e-001
 4.923080e+000  7.659000e-001  1.244703e-001
 4.925400e+000  7.762000e-001  1.251925e-001
 4.927710e+000  6.289000e-001  1.250208e-001
 4.930030e+000  6.164000e-001  1.254853e-001
 4.932340e+000  7.173000e-001  1.254268e-001
 4.934650e+000  8.404000e-001  1.248931e-001
 4.936970e+000  6.748000e-001  1.256626e-001
 4.939280e+000  7.481000e-001  1.259200e-001
 4.941600e+000  8.728000e-001  1.265825e-001
 4.943910e+000  5.639000e-001  1.265280e-001
 4.946230e+000  7.756000e-001  1.262713e-001
 4.948540e+000  7.071000e-001  1.267198e-001
 4.950860e+000  7.689000e-001  1.266138e-001
 4.953170e+000  8.220000e-001  1.281605e-001
 4.955490e+000  7.487000e-001  1.274856e-001
 4.957800e+000  6.745000e-001  1.280935e-001
 4.960110e+000  6.957000e-001  1.279510e-001
 4.962430e+000  7.759000e-001  1.281526e-001
 4.964740e+000  7.462000e-001  1.282913e-001
 4.967060e+000  8.151000e-001  1.287408e-001
 4.969370e+000  9.346000e-001  1.282070e-001
 4.971690e+000  9.410000e-001  1.290487e-001
 4.974000e+000  6.460000e-001  1.293232e-001
 4.976320e+000  4.460000e-001  1.292142e-001
 4.978630e+000  6.447000e-001  1.293536e-001
 4.980950e+000  9.987000e-001  1.289937e-001
 4.983260e+000  9.795000e-001  1.299299e-001
 4.985570e+000  7.817000e-001  1.300051e-001
 4.987890e+000  7.041000e-001  1.307102e-001
 4.990200e+000  7.829000e-001  1.303693e-001
 4.992520e+000  9.350000e-001  1.305970e-001
 4.994830e+000  9.761000e-001  1.308749e-001
 4.997150e+000  7.230000e-001  1.314753e-001
 4.999460e+000  6.926000e-001  1.314270e-001
