0.0476754 950.3839285712456 186.46575415590675
0.0506427 851.8053571429482 123.21657987679134
0.0536101 609.3720238095557 91.53125479988013
0.0565774 648.0482142856636 80.38557603713089
0.0595448 616.4958333333198 67.0957291708045
0.0625121 509.8995238095449 62.278793956848226
0.0654794 632.6629166667044 53.70484997684052
0.0684468 651.0218452380468 48.97475656583709
0.0714141 607.5697023809516 44.51641995741565
0.0743815 593.4742261904648 38.98799540530682
0.0773488 533.8904761904723 37.11155598685218
0.0803162 570.1258333333226 32.701664354518634
0.0832835 580.7304761904743 30.1107388003495
0.0862509 522.770357142872 27.91965835807225
0.0892182 562.0204166666645 25.1864266256339
0.0921856 550.4214285714397 23.81148040283461
0.0951529 590.929345238078 21.37676755002505
0.0981202 587.3247619047652 20.20956536095321
0.101088 565.2257738095159 18.500292073125802
0.104055 530.7685119047619 17.512013016850705
0.107022 540.2083928571483 16.56390879578154
0.10999 531.8568452380941 15.063706775321013
0.112957 521.5360952381002 14.408970202926515
0.115924 554.0772619047607 13.412211452788094
0.118892 528.4024940476183 13.138273244874362
0.121859 514.02369047619 12.267335963171535
0.124826 530.0525178571434 11.761918944861133
0.127794 537.9898273809522 11.360763017943274
0.130761 528.8914642857139 10.553165888132165
0.133728 513.6014107142864 10.285192941308622
0.136696 512.6134345238097 9.728198503672498
0.139663 519.5153333333349 9.480628416050234
0.14263 495.43673809523625 9.146291319824824
0.145598 507.6390595238081 8.540555750405204
0.148565 498.5659761904776 8.589970811399674
0.151532 498.36699404762044 8.01193244335234
0.1545 501.9099166666672 7.895330132105908
0.157467 490.7435119047625 7.55588278976358
0.160435 475.71725595238036 7.239849062513684
0.163402 476.43677976190475 7.205010193273131
0.166369 489.98908928571325 6.733973856906818
0.169337 465.8392500000002 6.772657140504115
0.172304 468.1579880952381 6.461343523885537
0.175271 457.1590357142867 6.298272533039912
0.178239 450.5512797619042 6.2330406117484705
0.181206 456.4607857142863 5.939786436944155
0.184173 440.3024940476189 5.871322358945061
0.187141 443.9613273809533 5.705669175963068
0.190108 445.79718452380916 5.641977702056562
0.193075 432.7266130952387 5.478881057574921
0.196043 430.69677380952385 5.266127665438494
0.19901 427.97427976190477 5.319279501743104
0.201977 426.9920892857135 5.13461740085231
0.204945 423.81922619047657 5.04259799432281
0.207912 417.3797559523814 4.933326803056098
0.210879 407.6740119047611 4.820392120356726
0.213847 408.94733333333306 4.809100175714226
0.216814 395.5325714285709 4.637057171189581
0.219781 402.5667440476201 4.628161510166081
0.222749 394.8236666666665 4.51250067842757
0.225716 390.6614047619047 4.475629915691324
0.228683 389.6837738095235 4.386585911707469
0.231651 377.8622083333332 4.283535040938044
0.234618 381.5322797619041 4.28490320641469
0.237586 379.7197976190472 4.143641010262868
0.240553 366.3000238095242 4.163332188023462
0.24352 370.3726607142855 4.1016883955916015
0.246488 363.06659523809515 4.007778506656068
0.249455 351.39226785714243 4.005809086327438
0.252422 354.70148154761887 3.8797260202532833
0.25539 353.95415595238063 3.886236710617143
0.258357 352.86911785714324 3.799230525959665
0.261324 337.89149761904696 3.7924647582757203
0.264292 340.1368511904758 3.7479303240953614
0.267259 336.25059702380923 3.6788567002649226
0.270226 331.8986678571426 3.682357640771407
0.273194 328.4751523809521 3.595122622287137
0.276161 321.6681440476188 3.5679010595495564
0.279128 320.65344761904726 3.63743970906882
0.282096 313.0616595238095 3.6525068395225224
0.285063 315.95618690476243 3.716861714234244
0.28803 310.98730357142813 3.6508497962607533
0.290998 311.23510833333256 3.708298647866932
0.293965 311.8386351190472 3.71867656893898
0.296932 300.14908214285754 3.7216095088835304
0.2999 304.750631547619 3.722864585675836
0.302867 288.6519124999998 3.6202514198332505
0.305834 295.4391023809521 3.6779706499720937
0.308802 287.66206309523795 3.5981950034510097
0.311769 287.2139178571422 3.7247982263802704
0.314737 285.5664803571429 3.841444370530802
0.317704 267.4778011904755 3.8491898969859815
0.320671 274.77290178571366 3.9738538414135975
0.323639 274.4989589285714 3.8779470881652225
0.326606 263.1138565476189 4.027874094673047
0.329573 264.66905119047595 3.965459945526862
0.332541 270.5938005952376 4.002102290658083
0.335508 259.22452857142815 4.062286235546553
0.338475 252.34757380952345 3.9527305284000507
0.341443 250.58345238095228 4.022566047681805
0.34441 252.83353630952348 3.955762061198995
0.347377 247.71485654761847 4.017541242434183
0.350345 250.65632559523834 4.0275746793830605
0.353312 242.48798869047647 3.9284379315615543
0.356279 237.20036607142873 4.089489018918461
0.359247 235.29407202380924 3.960407600942306
0.362214 233.37667142857185 3.7800028460932245
0.365181 237.08576666666687 3.71318984172398
0.368149 236.09321488095304 3.582945989263377
0.371116 232.88453392857178 3.6267577395396837
0.374083 224.22015535714223 3.4299574212056965
0.377051 220.40496666666684 3.4504776503261514
0.380018 221.8302684523809 3.386476605729528
0.382985 216.0953511904762 3.4330455361224126
0.385953 214.41185535714283 3.3926670175059783
0.38892 205.51330059523792 3.340093063738196
0.391888 211.8902065476192 3.377904513811388
0.394855 203.76373333333305 3.307248393188199
0.397822 208.53694821428547 3.3047022011082507
0.40079 205.7851988095237 3.290147555768651
0.403757 203.06887261904762 3.272600030708867
0.406724 197.68513095238092 3.2767510827176265
0.409692 201.85482500000006 3.2452294941701147
0.412659 187.73878750000023 3.2270013994486564
0.415626 197.2972714285723 3.176741251498739
0.418594 185.06383690476184 3.219895742602973
0.421561 191.50621904761977 3.199696580589355
0.424528 188.73800952380947 3.1667525157175276
0.427496 182.728124404762 3.1596919007302953
0.430463 184.9534232142858 3.1122822555719907
0.43343 178.00197440476182 3.148906762865776
0.436398 175.44401011904768 3.098093313534575
0.439365 176.10744761904783 3.1032697408906795
0.442332 178.61772916666695 3.0946106272763867
0.4453 169.5561994047614 3.085060999529075
0.448267 171.07769345238125 3.0707782512690773
0.451234 172.8115363095236 3.0406107944296417
0.454202 165.28275535714243 3.0389685603580037
0.457169 166.37422380952358 3.0429958711467497
0.460136 162.94545773809574 3.0208610624676755
0.463104 164.75361369047647 3.0070662119971727
0.466071 164.32298214285652 2.988937724797394
0.469039 153.70016666666686 2.9940498560828352
0.472006 155.6003369047619 2.98797040215823
0.474973 156.02281190476162 2.9615537119212902
0.477941 153.85764702380953 2.98312405308853
0.480908 156.12855357142848 2.9422403132202746
0.483875 148.78955892857135 2.9501814712509224
0.486843 148.2810184523811 2.939341893895842
0.48981 150.18077142857123 2.8805478050894107
0.492777 151.70579761904747 2.904447724752202
0.495745 147.40284642857162 2.9195941979317013
0.498712 144.63229761904728 2.903742681506403
0.501679 138.2803041666665 2.872268620712495
0.504647 140.99642619047629 2.8469952529735214
0.507614 140.74453690476162 2.8814624241525206
0.510581 139.14970833333328 2.86045464352167
0.513549 136.02249166666653 2.8565197998195586
0.516516 135.08028869047607 2.827324153350903
0.519483 135.15757440476165 2.837117796914703
0.522451 130.7870595238093 2.818368839542782
0.525418 127.91025119047617 2.7941989384368764
0.528385 131.4804440476192 2.8155670474503376
0.531353 127.36898392857086 2.786862852363177
0.53432 125.06467857142852 2.8179689210871213
0.537287 124.57286369047594 2.779978066231771
0.540255 125.1380904761902 2.773220221927984
0.543222 120.36266071428557 2.7537555113026677
0.546189 119.69333749999976 2.7453729856043916
0.549157 121.1542297619043 2.7704585039961476
0.552124 117.64449523809546 2.726289187246404
0.555092 118.51668809523773 2.7228919107778577
0.558059 124.5401404761904 2.7103793136400234
0.561026 116.66002380952378 2.723082772229097
0.563994 116.18297857142892 2.709247349725647
0.566961 115.44681964285715 2.6784858539872536
0.569928 116.02925833333288 2.7026186696512067
0.572896 109.84177797619097 2.699566259565356
0.575863 109.71893988095218 2.649409568166432
0.57883 111.00504285714308 2.676287530759389
0.581798 106.9119315476189 2.6407575109394186
0.584765 106.05486130952357 2.665415633071025
0.587732 107.83703511904761 2.633697055033714
0.5907 109.15742738095219 2.647632664366596
0.593667 108.94314523809498 2.619923162877607
0.596634 105.94257380952385 2.6141778457804845
0.599602 105.66258511904792 2.619631066923642
0.602569 100.18890119047612 2.591841457218097
0.605536 99.95729285714248 2.616457430209196
0.608504 99.35179226190499 2.5972111648710787
0.611471 98.74203214285728 2.603610427205619
0.614438 97.52694523809524 2.58208934090585
0.617406 95.29875178571473 2.5574999410298718
0.620373 99.92504345238075 2.582558896070753
0.62334 97.0432863095239 2.554230100119253
0.626308 93.31009642857154 2.56950903368633
0.629275 93.91506785714284 2.5578127141411593
0.632243 94.14479285714307 2.538025257275507
0.63521 94.0514726190473 2.552228904003952
0.638177 92.77470059523822 2.5132648904541894
0.641145 92.2591374999999 2.5368660222562567
0.644112 88.35144583333317 2.512297931338212
0.647079 83.61039940476161 2.5325933786243415
0.650047 87.24483869047603 2.509875708159948
0.653014 84.13242142857115 2.492916079761372
0.655981 89.70501369047639 2.500448127821188
0.658949 89.84632083333338 2.490585741859994
0.661916 87.6653505952379 2.4886555769861047
0.664883 85.44268630952374 2.5123279169743276
0.667851 85.92532380952392 2.446610342353202
0.670818 82.90317499999986 2.4687887965690267
0.673785 84.4326738095235 2.451683254699668
0.676753 83.6914035714284 2.473377228990829
0.67972 83.17532857142837 2.4638157064416957
0.682687 83.00936190476193 2.444876898283233
0.685655 81.43283273809487 2.4676949879721874
0.688622 75.38983452380904 2.413878166505178
0.691589 78.56354880952367 2.439822244621171
0.694557 75.42138571428552 2.417748108793014
0.697524 79.85348749999972 2.4294197576661327
0.700491 74.22489880952384 2.448452520009773
0.703459 77.42625178571444 2.392550287192127
0.706426 76.77310357142844 2.407637416028522
0.709394 72.22966428571482 2.3961499204569536
0.712361 74.3963922619048 2.3970116431227293
0.715328 74.20375297619046 2.4038844058943183
0.718296 70.85262619047597 2.38509883870724
0.721263 74.82659166666636 2.393063675800123
0.72423 75.80773452380981 2.3711211332482405
0.727198 64.81997678571432 2.3803659371226695
0.730165 69.54568571428581 2.3609741951958734
0.733132 69.84822559523764 2.3637694157882234
0.7361 69.63562142857114 2.3680188019747472
0.739067 71.41845952380933 2.3535137364820127
0.742034 69.42466845238073 2.356519605503827
0.745002 70.90940297619042 2.3148401027040846
0.747969 69.89471488095248 2.344704471823395
0.750936 65.54289166666635 2.3603516827649313
0.753904 69.43500952380973 2.3374178016926987
0.756871 65.0052500000001 2.33833411448509
0.759838 63.948166666666566 2.3027904263177974
0.762806 64.70427619047669 2.3244266132226783
0.765773 64.4674928571429 2.319786974602544
0.76874 63.47654761904778 2.2940177353577886
0.771708 66.54732500000009 2.3253529642482524
0.774675 67.03985535714281 2.2940185391903904
0.777642 60.16095654761884 2.3098556933674357
0.78061 58.28994642857111 2.2854472599362174
0.783577 64.3875107142857 2.2843185936042136
0.786545 61.87010595238078 2.297172908229508
0.789512 59.21911250000008 2.2682663212413168
0.792479 61.56665714285694 2.3055209890239077
0.795447 58.392702380952386 2.244883257603379
0.798414 59.298526785714216 2.2671736355813947
0.801381 57.05255416666617 2.2708059869609496
0.804349 61.5854035714284 2.266004806304622
0.807316 60.196254166666705 2.25792736504979
0.810283 56.906306547618755 2.2544457591445224
0.813251 56.45305059523835 2.241895246743049
0.816218 57.180922619047294 2.2422066143426163
0.819185 57.46461726190432 2.2355435728559323
0.822153 56.57286309523812 2.25024274553188
0.82512 55.33309523809507 2.2183025130620204
0.828087 53.52782738095243 2.243813391527806
0.831055 51.580191071428345 2.2214709151148893
0.834022 53.6852047619044 2.2231602065775062
0.836989 51.615894642857114 2.2160968703184714
0.839957 54.77361369047628 2.1948114437350874
0.842924 51.215157142857066 2.2277519351427832
0.845891 59.646580952381356 2.194253816565254
0.848859 50.408901785714164 2.218797684134378
0.851826 49.729179166666455 2.1743371523277175
0.854793 49.49965595238098 2.1940854142375836
0.857761 48.96248988095223 2.196625414824468
0.860728 48.96704761904786 2.180532155150741
0.863696 49.01686904761917 2.19814305493631
0.866663 45.64692023809499 2.1761025396366733
0.86963 45.78265476190481 2.1671189337024246
0.872598 49.78045357142875 2.183736757823662
0.875565 49.15065238095238 2.1595757644042863
0.878532 49.70592380952411 2.1820846025361598
0.8815 48.51108392857128 2.1482760109428547
0.884467 54.564052976190425 2.157350511116926
0.887434 48.70352440476182 2.147033011720855
0.890402 47.14749642857129 2.142460197603066
0.893369 49.06463749999986 2.157167763503817
0.896336 45.388269047618905 2.129399633540327
0.899304 44.67283154761901 2.1627157833110147
0.902271 46.07743630952356 2.134786507868647
0.905238 44.37341130952376 2.1266354371580287
0.908206 47.43376190476198 2.1361544871222216
0.911173 44.895689880952716 2.1113790706752993
0.91414 51.077357142857096 2.1244605461353365
0.917108 46.021854761904706 2.123753902300206
0.920075 48.73721130952404 2.1193219171863715
0.923042 42.740971428571584 2.120176579755684
0.92601 46.41551488095217 2.0879723313514837
0.928977 45.562097619047535 2.11450410340517
0.931944 40.469214880952364 2.0970584023437584
0.934912 42.39067678571416 2.1044692955984914
0.937879 43.157330357142456 2.09496382061512
0.940847 39.77095059523819 2.1612416145090214
0.943814 45.60608392857162 2.2185309912890547
0.946781 45.16896666666668 2.221509278272097
0.949749 41.205757738095485 2.266003556353277
0.952716 42.945655357143266 2.2503449562109146
0.955683 38.50492202380934 2.2746164426024067
0.958651 39.55963571428569 2.2857438160931354
0.961618 41.0803416666667 2.266240846018644
0.964585 40.50835178571404 2.299377171774337
0.967553 38.571408333333466 2.2870176403690325
0.97052 37.12387261904752 2.3179004029029966
0.973487 38.931933928571425 2.314595301746494
0.976455 39.39691190476182 2.3040314237635102
0.979422 37.89407261904728 2.32089235448476
0.982389 39.14949523809483 2.294675769527853
0.985357 41.11466369047619 2.3590707369698043
0.988324 41.11245119047595 2.315933736155974
0.991291 39.74539047619018 2.2502466053400143
0.994259 36.03756011904764 2.204962257796968
0.997226 37.22234702380973 2.1518916956386565
1.00019 39.07481547619042 2.1719970023720574
1.00316 34.799070833333445 2.128502517491524
1.00613 35.46273452380959 2.1404529396610537
1.0091 34.81386309523813 2.1271857464466217
1.01206 34.59578750000006 2.113978310458533
1.01503 34.529397619047586 2.1221733200479616
1.018 36.67643988095236 2.101451225274766
1.02096 35.42485833333302 2.102811813661178
1.02393 36.87766904761929 2.0913837760504834
1.0269 33.42123511904745 2.0717188975893945
1.02987 32.64307023809522 2.100954045538327
1.03283 35.726624999999785 2.0558324042856655
1.0358 32.78441369047627 2.0814085566263745
1.03877 33.88057321428548 2.071060552760999
1.04174 32.696046428571606 2.0595749460792425
1.0447 36.97631964285691 2.067844470264733
1.04767 33.40739642857159 2.0527428471220723
1.05064 32.25144404761892 2.0589635607778107
1.05361 29.963039285713933 2.034332325447153
1.05657 35.6847732142856 2.0494488782549936
1.05954 31.677177380952486 2.034755251537386
1.06251 34.207448809523555 2.042777726337361
1.06548 31.981613095238117 2.028743513261805
1.06844 29.289411309523672 2.0095137545437725
1.07141 31.170513690476014 2.0333071476324824
1.07438 31.869699404761462 2.028119378339718
1.07734 27.59522142857122 2.012128520177744
1.08031 33.122350595238146 2.02272842179718
1.08328 31.951580952381136 1.9960028525602571
1.08625 31.629939880952378 2.0212338534365264
1.08921 29.143820833333507 1.9915141957889944
1.09218 30.798547619047696 2.0016573966518387
1.09515 31.330154166666944 1.9971484592681532
1.09812 33.37794285714267 1.9803749528789316
1.10108 33.62941011904766 2.0050591659629258
1.10405 28.968713690476164 1.972554280683119
1.10702 31.124091666666658 1.9819845508959202
1.10999 31.76729345238087 1.9774244712445022
1.11295 32.38932142857152 1.9778702467365474
1.11592 28.101624404761907 1.9858613143199015
1.11889 29.731689880952388 1.960417156686142
1.12185 31.47375535714275 1.9647451396606952
1.12482 27.55334702380935 1.9619594546464896
1.12779 30.58972083333316 1.9505423309918937
1.13076 24.54375238095224 1.9587772328328088
1.13372 31.04479999999981 1.9506782071862119
1.13669 30.510089285713917 1.954756932422096
1.13966 27.40196369047638 1.9415374502884897
1.14263 26.248372619047018 1.9566173720867084
1.14559 26.407740476190327 1.929155227529513
1.14856 25.949750595238044 1.9400328153876465
1.15153 27.055176190476118 1.943939751109618
1.1545 28.606769642857017 1.9189728771791916
1.15746 24.934916071428574 1.9409777374538895
1.16043 26.229262499999493 1.9121578287145435
1.1634 27.7197166666663 1.9358609609453192
1.16636 28.62494821428598 1.9268288709375234
1.16933 29.000310119047583 1.906596898573044
1.1723 25.205127380952064 1.921207163668808
1.17527 25.735664880952385 1.9062635124232308
1.17823 26.365678571428504 1.9112442055490626
1.1812 23.716615476190555 1.9041302600904795
1.18417 24.068838095238192 1.89723468236326
1.18714 27.339894047618714 1.9188666985654539
1.1901 29.186555357143078 1.8845869555188377
1.19307 27.7181035714284 1.908581802413412
1.19604 24.891323809523414 1.8915244604739594
1.19901 27.11928035714294 1.8896466796316311
1.20197 24.850437500000027 1.8973492798823666
1.20494 25.44105654761907 1.8675977939307353
1.20791 27.400356547618827 1.8889307794440489
1.21088 27.871118452381012 1.8792039875870994
1.21384 27.38142678571407 1.890372026969448
1.21681 24.662516071428087 1.8692410328842133
1.21978 22.907756547618874 1.8650622064444853
1.22274 27.28487202380947 1.8735185939607097
1.22571 29.636329761904392 1.8671598265804494
1.22868 25.730844047619144 1.8683618069609351
1.23165 24.140676785714277 1.8730834983606115
1.23461 24.642227976190583 1.851784117608108
1.23758 22.800957738095065 1.869736349459563
1.24055 25.387086904761986 1.8395686175745685
1.24352 21.08034523809522 1.8616503212040911
1.24648 23.482298214285606 1.847514488702807
1.24945 21.678802976190212 1.8537330789786421
1.25242 22.79504285714239 1.8457442348194664
1.25539 23.753031547618804 1.8345710756943165
1.25835 23.209063690476057 1.8462693861044424
1.26132 22.55813154761867 1.8327129932590014
1.26429 24.272773214285763 1.8460367108764462
1.26725 25.194782142856695 1.8324095126117477
1.27022 23.487695833333078 1.8321919743358819
1.27319 22.78855238095261 1.8325299315050296
1.27616 19.914188095237932 1.8111096019751625
1.27912 21.059297619047612 1.8315595016455761
1.28209 18.582295833333262 1.8237347184400157
1.28506 21.583643452380983 1.818605037021688
1.28803 20.18427797619026 1.838562298134042
1.29099 18.6457321428567 1.7990897241987234
1.29396 21.819806547618867 1.8200156581876494
1.29693 24.336494642856792 1.8017718884537905
1.2999 19.707138095237724 1.8132688723347066
1.30286 21.80384702380934 1.8148389150826558
1.30583 18.919594047619057 1.8021924176773862
1.3088 24.114462499999973 1.7990461594098706
1.31176 20.935069047618953 1.7969254934607393
1.31473 19.70088749999988 1.8016705706286529
1.3177 23.097808333333347 1.7938426889356958
1.32067 20.50764166666653 1.7996809846973876
1.32363 21.511971428571144 1.7971140158918677
1.3266 19.798148214285476 1.7812954023091834
1.32957 19.5250023809524 1.782082723412525
1.33254 19.475189285713554 1.784654171902024
1.3355 19.759229761904606 1.7858835827502677
1.33847 20.893527976190285 1.7845051864926884
1.34144 21.63897499999962 1.7812650666548049
1.34441 21.986000595237982 1.7848865461790384
1.34737 20.797712500000074 1.8400442313113972
1.35034 18.873932738094936 1.867149952963609
1.35331 17.79322023809499 1.8882412229353094
1.35627 19.325094642857152 1.920021384258219
1.35924 19.17078154761853 1.9187348796077308
1.36221 18.19429642857159 1.934383204574426
1.36518 19.777533928571387 1.9369001711599174
1.36814 19.71666488095238 1.8859971801317648
1.37111 21.00396785714281 1.8674853872665056
1.37408 19.88495357142881 1.8465194455393523
1.37705 18.459626190475973 1.8301364583474533
1.38001 23.61658809523817 1.8089490863158986
1.38298 18.874455357142637 1.7964293097999202
1.38595 21.17262380952397 1.7827444998506183
1.38892 19.29930595238133 1.7721619688179873
1.39188 14.105241666666757 1.755903046821432
1.39485 19.077133928571186 1.7597872815939515
1.39782 17.12572976190458 1.740038870270755
1.40079 17.692385714285876 1.749090253077576
1.40375 18.730876190476096 1.7502246316769379
1.40672 19.639819642857077 1.7552548617393038
1.40969 21.024994642856996 1.766268082806972
1.41265 19.371761309523805 1.7495901844544801
1.41562 19.03420535714247 1.7542566240913042
1.41859 14.293105952380643 1.7378241771850347
1.42156 19.586714285714066 1.7441345098274335
1.42452 17.67801666666685 1.754502366824098
1.42749 17.336773214285728 1.7350884377919809
1.43046 19.29452916666648 1.7455003046806734
1.43343 17.632428571428704 1.7298691364368854
1.43639 16.20060119047608 1.7329105150902027
1.43936 15.51544761904779 1.7356428667468693
1.44233 15.10157619047618 1.7292685624789141
1.4453 17.136594047618985 1.7344725817337845
1.44826 14.716814285714435 1.711075443999803
1.45123 17.13819821428544 1.7316111965074485
1.4542 18.02253214285713 1.7119573389247225
1.45716 15.878416071428916 1.7205517910139159
1.46013 19.52012619047622 1.7240477020616127
1.4631 17.86484345238094 1.7031744915842908
1.46607 18.492380952380785 1.7195768865391703
1.46903 16.426745833333314 1.7065009148075572
1.472 19.42312380952373 1.708659237689688
1.47497 17.375036904761743 1.701833928129839
1.47794 15.839260119047651 1.7049089761071399
1.4809 16.735863095237846 1.7037111416769803
1.48387 20.17151309523811 1.696433673585867
1.48684 15.8962065476193 1.6940963039290502
1.48981 17.689727976190426 1.695721860947663
1.49277 15.190012499999881 1.6835019280405743
1.49574 14.945701190476228 1.7063669543574793
1.49871 12.862125000000049 1.6788421161016298
1.50167 18.159420833333115 1.6909830428345474
1.50464 17.749476785714364 1.6863024894167196
1.50761 18.06691726190465 1.6791234739899052
1.51058 14.79566071428593 1.6770721901934695
1.51354 16.34482738095258 1.680950010416228
1.51651 14.307519047619195 1.6828881008648633
1.51948 16.319355357143053 1.6688953680681307
1.52245 13.533472619047302 1.6749976217027456
1.52541 17.129194642857186 1.675214814919734
1.52838 13.069394642857048 1.6670901538829974
1.53135 14.613888095237968 1.6733820573423752
1.53432 16.42169642857141 1.6595571533341968
1.53728 15.134402976190131 1.666828390677584
1.54025 10.799308333333215 1.6631207356841577
1.54322 15.917194642857169 1.6593637127591352
1.54619 15.112363095238095 1.6618174003109996
1.54915 16.01054999999988 1.6519712646647378
1.55212 19.1629988095238 1.664471360692511
1.55509 16.317161309523698 1.6449659304359439
1.55805 13.838281547618863 1.6579187216320557
1.56102 15.360452976190686 1.646651143475935
1.56399 15.82856845238112 1.645530716736436
1.56696 15.701205357142811 1.6522074600044887
1.56992 14.232232142857129 1.6813971332068882
1.57289 15.367857142856991 1.728535555609063
1.57586 15.86615000000009 1.7305623290087737
1.57883 12.817811309523535 1.7499325959660503
1.58179 15.986928571428223 1.756025149838252
1.58476 11.409266071428306 1.741065698230893
1.58773 15.403834523809508 1.7708427126220774
1.5907 15.490605357143181 1.7592832679664254
1.59366 17.14294107142834 1.7703460189084665
1.59663 11.67850119047614 1.787870576815724
1.5996 11.965311904761933 1.767025592990461
1.60256 12.817801190476246 1.7949979626076806
1.60553 10.574561904761879 1.7775411267544359
1.6085 14.272020238095422 1.7963030556661674
1.61147 14.795579761904634 1.786770168279914
1.61443 14.219108928571131 1.7999487124849116
1.6174 17.533967857142585 1.816526617910813
1.62037 13.639133333333433 1.7323130645782134
1.62334 13.758032142857246 1.7173087682898043
1.6263 12.548555357142988 1.704668776561353
1.62927 14.768496428571325 1.7028215820472083
1.63224 14.005573809523497 1.6929692672031176
1.63521 11.534891071428603 1.6828926747858497
1.63817 15.569824404762045 1.6833356751103492
1.64114 13.588667857142696 1.66733578539082
1.64411 13.99308928571429 1.665419050108499
1.64707 12.884845238095153 1.6645472711388956
1.65004 11.6989773809523 1.6541622257250688
1.65301 12.768915476190728 1.6586594096259382
1.65598 13.86717321428577 1.633561731382506
1.65894 15.664330952381107 1.647231515460167
1.66191 12.840511904761769 1.6306311660636723
1.66488 14.42256785714278 1.6442154881138626
1.66785 14.274917857142242 1.6400409237857034
1.67081 10.98376726190466 1.6263273060204537
1.67378 13.162335714285689 1.6336390293974583
1.67675 11.962414880952394 1.6258351659570498
1.67972 13.194627976190674 1.6354613041209016
1.68268 12.202786904761922 1.6286609930456317
1.68565 14.200566666666532 1.6199719149442213
1.68862 10.14731249999997 1.6381384884743089
1.69159 12.79535059523809 1.614660185316228
1.69455 13.061122023809446 1.6243925794293927
1.69752 11.338070833333234 1.6134901736502028
1.70049 10.530126785714202 1.6147950028368108
1.70345 11.704855952380626 1.6293135909094523
1.70642 11.642340476190327 1.6037494729090223
1.70939 12.201701785714079 1.6150140174313845
1.71236 13.286958333333132 1.594976386515587
1.71532 13.504182142857104 1.6093744069567424
1.71829 12.886995833333259 1.607263307943769
1.72126 9.908330952380737 1.6017385340031858
1.72423 16.97697857142856 1.6088439930641023
1.72719 11.460682738094903 1.5928811287267395
1.73016 12.189363095237695 1.589657586468848
1.73313 15.337600000000009 1.5930868234019937
1.7361 12.971555952381095 1.5906061882991978
1.73906 13.158295833333256 1.5954704467544831
1.74203 12.170894047618788 1.5880894025361538
1.745 12.632977380952326 1.5831520126997223
1.74796 11.25769583333323 1.576902672452449
1.75093 11.060142857142381 1.584656504169237
1.7539 9.668058333333391 1.5891626415779514
1.75687 11.466289285714168 1.5705640989078553
1.75983 8.189490476190286 1.5859252697098398
1.7628 9.634506547619281 1.572454663858296
1.76577 13.886712500000158 1.5788307697490909
1.76874 11.3215398809524 1.5624732132897423
1.7717 12.535927976190635 1.5685191277210015
1.77467 11.858717261904701 1.5835425580400533
1.77764 11.820670833333224 1.5635641872271884
1.78061 11.574492857142786 1.5709328290902813
1.78357 10.900437500000066 1.544130837151543
1.78654 13.276192857143059 1.5626206901438056
1.78951 10.870361309523702 1.5713350308155472
1.79247 10.251762499999728 1.5499032396647197
1.79544 11.84127499999974 1.5634891948227136
1.79841 10.748638690476184 1.549508970487448
1.80138 10.66187321428572 1.5534142163165063
1.80434 11.88981130952385 1.5555246110724572
1.80731 11.063555357142576 1.5401592115097955
1.81028 10.234554761904917 1.5575741865913686
1.81325 11.733120238095296 1.5388306675189178
1.81621 10.441454761904367 1.5538638435230685
1.81918 12.401385119047603 1.538505626284381
1.82215 10.365594642857161 1.5379154292726147
1.82512 12.320454761904784 1.5442056939225124
1.82808 10.802660714285963 1.5387270502899555
1.83105 8.460062500000163 1.5410992871412206
1.83402 10.673672023809644 1.5373662439804545
1.83699 10.646880357142834 1.5305733672489077
1.83995 9.729909523809397 1.534461503463054
1.84292 9.67982857142843 1.5246628435702725
1.84589 11.449194642856781 1.5369066730254521
1.84885 10.675805357143133 1.5242977844187857
1.85182 10.595767857142704 1.529728859062343
1.85479 11.590978571428394 1.5214902760673812
1.85776 10.77077142857135 1.5188431853696551
1.86072 8.45613809523826 1.5353201140604165
1.86369 9.131726190476002 1.510358809101486
1.86666 12.946161904762192 1.522077261302881
1.86963 12.769123214285827 1.5129938302494432
1.87259 8.921095238095091 1.5219770741302807
1.87556 12.643831547619016 1.5119901268879126
1.87853 11.794532142856724 1.5072112754471614
1.8815 11.928350595237873 1.5151447410081829
1.88446 9.527751785714003 1.5080731471100783
1.88743 10.951582142857177 1.5113294442708127
1.8904 12.311264880952564 1.5107208927862854
1.89336 8.709797619047492 1.4968501638484977
1.89633 14.794578571428616 1.5098016746822063
1.8993 8.45973630952372 1.4936841176595879
1.90227 11.845479761904869 1.508680310830341
1.90523 11.91968035714254 1.503342032067418
1.9082 10.72926785714273 1.4970194935258339
1.91117 7.397052976190253 1.5023035929340833
1.91414 9.055387500000336 1.4870535145489747
1.9171 12.631799404762063 1.5039095204235595
1.92007 8.396464285714274 1.4881389115674584
1.92304 10.970054166666472 1.4909663797358625
1.92601 11.19124523809532 1.4931462246543905
1.92897 7.4048101190476245 1.4823109612158458
1.93194 10.230115476190349 1.4873922070537626
1.93491 12.040331547618877 1.4846514650806042
1.93787 10.910804166666423 1.4881530966648149
1.94084 9.627276785714258 1.4836196611014532
1.94381 11.29829761904773 1.4820239801968382
1.94678 11.508645238095312 1.486112147968115
1.94974 10.84709047619043 1.4698151241515136
1.95271 10.644443452381154 1.4791431081175412
1.95568 10.142252976190349 1.4759049336191408
1.95865 10.453959523809004 1.4762009394556683
1.96161 9.481294047619002 1.4796893183907183
1.96458 6.675003571428277 1.463399912418564
1.96755 8.876467857142671 1.4787130534971977
1.97052 9.83829761904758 1.4616108798216292
1.97348 6.986986309523644 1.4729741440196924
1.97645 11.66769107142855 1.464415002683269
1.97942 9.578570238095239 1.4663613826768962
1.98238 10.728435714285638 1.4732105854552597
1.98535 9.353257142857103 1.4495048766113914
1.98832 9.058255357142855 1.466590289481894
1.99129 10.61276726190485 1.4576678385240458
1.99425 8.339998214285629 1.4570056590119516
1.99722 10.195263095237834 1.4715291354233964
2.00019 8.830137500000035 1.446541481679045
2.00316 10.04914523809532 1.4588617314805519
2.00612 10.724323809523924 1.450209249517977
2.00909 10.747019642857225 1.4505817771800222
2.01206 9.067132142857162 1.4575276633881473
2.01503 7.065897619047519 1.44598590359081
2.01799 8.444006547618983 1.4589446127896433
2.02096 9.013429761904916 1.440696614709918
2.02393 7.659064880952258 1.4451839504870967
2.0269 8.744750595238031 1.4432092379443464
2.02986 7.6226970238097636 1.4450035155212722
2.03283 8.26229642857129 1.4526503227350387
2.0358 8.033263690475962 1.4393755090934948
2.03876 11.009514285714204 1.4402442466842993
2.04173 11.493135119047224 1.4389514299033836
2.0447 8.273434523809442 1.4347430700627841
2.04767 11.06791785714293 1.4403905810137272
2.05063 9.845572023809268 1.4316706326065716
2.0536 12.301302380952421 1.441119865956043
2.05657 7.0022220238094235 1.432349959033517
2.05954 8.677233333333305 1.4334815009245578
2.0625 9.72883809523779 1.4244213971756223
2.06547 10.23339166666645 1.4327625828373853
2.06844 12.411829166666593 1.4314736055719182
2.07141 13.075469047618924 1.4182146542336915
2.07437 9.41143809523794 1.4320768932597474
2.07734 10.41206666666639 1.4061522847252028
2.08031 4.926202380952276 1.4214589168349459
2.08327 9.29727559523812 1.4210272956543486
2.08624 8.579752380952073 1.412354893035412
2.08921 10.555979761904979 1.4226925364824972
2.09218 10.290419047618826 1.4059084382910947
2.09514 10.39510654761898 1.41241920533282
2.09811 5.411033333333535 1.4145641368517903
2.10108 8.074342857142796 1.4026085565112605
2.10405 5.821149404761883 1.4181179960022394
2.10701 7.117022023809625 1.4013320827608702
2.10998 8.48531488095233 1.417925239382427
2.11295 7.8229660714282545 1.4030844087569712
2.11592 11.572687499999859 1.4074358313683661
2.11888 6.805172619047397 1.4156226602432724
2.12185 10.818269642857388 1.3986210017197602
2.12482 9.447743452380735 1.4158300872938103
2.12778 9.484681547618692 1.4001137319221746
2.13075 5.839339880952394 1.4034302155147875
2.13372 12.436580357142475 1.4031188267256516
2.13669 7.233119642856991 1.395478505694021
2.13965 7.625538095237943 1.4002601492466886
2.14262 9.625553571428469 1.3958071611094538
2.14559 9.508658928571236 1.401155451912959
2.14856 5.979780357142772 1.3965952546697142
2.15152 9.906224404761588 1.385363552614292
2.15449 9.133479166666802 1.4038818735526326
2.15746 9.864220833333519 1.3861354597879874
2.16043 7.2987059523809705 1.4015086958675904
2.16339 9.953138095238216 1.3825295168763025
2.16636 6.167655952380784 1.387561202830447
2.16933 6.810535119047358 1.392762835739527
2.1723 8.33024404761943 1.3782824771275788
2.17526 9.88424345238073 1.3932454494046929
2.17823 6.001082142857399 1.375679361838329
2.1812 7.7106124999997405 1.3897793751654508
2.18416 10.569089285714313 1.3830304269982716
2.18713 7.899170238095508 1.3768648965600325
2.1901 7.804175595238121 1.3816384148419862
2.19307 7.732361904761831 1.37893095698504
2.19603 9.533507142857047 1.3807261235810822
2.199 7.178432142857218 1.414216614906441
2.20197 7.926114880952326 1.4254533395295748
2.20494 8.430974404761571 1.4332590055817862
2.2079 7.16147797619044 1.4376406351967617
2.21087 8.129941666666554 1.4548324580120922
2.21384 7.080845238095179 1.4524572967835756
2.21681 8.013638095238349 1.4573265439465308
2.21977 6.156411309523975 1.4616293976737857
2.22274 11.347037499999999 1.463112645096631
2.22571 6.202014880952333 1.4671156400480423
2.22867 7.243580952380739 1.468990506229462
2.23164 12.305010714285771 1.4708467100919378
2.23461 7.827938690475946 1.4779317794191849
2.23758 7.859747023809831 1.4813768772501161
2.24054 8.221386904761658 1.4725823729517926
2.24351 7.167819642857722 1.4843247064656184
2.24648 8.335753571428484 1.4847078738260082
2.24945 7.313315476190496 1.4702147925971776
2.25241 11.049037499999912 1.4465213714581058
2.25538 9.957319642857385 1.4430972064682146
2.25835 7.74007083333359 1.4309335126267306
2.26132 7.854037500000288 1.4339749319892792
2.26428 7.6120160714286556 1.427159795761791
2.26725 8.683417261904793 1.43312819575222
2.27022 6.355673809523665 1.4222753183564816
2.27318 7.2028559523811 1.4268334422420794
2.27615 7.360008333333212 1.419747396713304
2.27912 10.945428571428693 1.409834680020786
2.28209 6.518432738095328 1.422294208061864
2.28505 8.252424404761882 1.4086980122691997
2.28802 8.993623809523541 1.4167362793389793
2.29099 7.9997910714284615 1.409811470696014
2.29396 8.572417261904803 1.406602068765481
2.29692 2.748666071428545 1.4309563004897121
2.29989 8.586285119047261 1.4012144720987583
2.30286 9.12345119047643 1.4067393813725595
2.30583 5.887353571428378 1.40658914643532
2.30879 5.534516071428186 1.40132132432817
2.31176 8.578439285714126 1.411077150981299
2.31473 6.086895238095167 1.3898897749450199
2.3177 8.53248333333326 1.4071030039646348
2.32066 7.1291351190477315 1.3990611965618813
2.32363 7.823675595238058 1.3987102888191514
2.3266 8.88004642857112 1.402379244285127
2.32956 6.857994047618945 1.3962426066351528
2.33253 7.111615476190423 1.4045780107113284
2.3355 9.14528214285724 1.3852017130994319
2.33847 7.664220833333104 1.4009109410239615
2.34143 7.656794642857108 1.3959043780764357
2.3444 8.007245238095066 1.388766650104706
2.34737 7.089826785714166 1.4000922178369195
2.35034 7.902924404762075 1.3815498417678023
2.3533 6.149468452380802 1.3934508260094034
2.35627 5.876609523809435 1.3917986882343778
2.35924 5.61051785714298 1.382350161693191
2.36221 7.049470238095381 1.4017087407804563
2.36517 5.0070351190477425 1.3822074611998145
2.36814 6.720739880952635 1.3931389872790698
2.37111 7.656727380952333 1.3867318723271453
2.37407 8.151575595237972 1.3923036384263041
2.37704 8.192370833332916 1.3945392060930644
2.38001 9.570593452380791 1.3789297194396897
2.38298 5.724129761904777 1.3916011081954192
2.38594 7.6329511904761205 1.37771739288883
2.38891 7.372683928571604 1.3876420301962067
2.39188 5.551116071428481 1.3855007306677063
2.39485 6.572623809523748 1.3856766768080382
2.39781 8.278084523809355 1.3864927648002465
2.40078 6.542151785714196 1.3797437904858643
2.40375 8.169371428571566 1.384761657583983
2.40672 7.950585714286262 1.3752158407397492
2.40968 7.207645833333487 1.3806163575969075
2.41265 8.456656547618877 1.389300319770763
2.41562 5.2532619047615015 1.3729332047541996
2.41858 7.814032738095591 1.3860152960368863
2.42155 7.490633333333392 1.3761516420617275
2.42452 7.229087499999736 1.3761440367958702
2.42749 8.215236309523846 1.3783420935994715
2.43045 6.355323214285562 1.3745410486789222
2.43342 8.68733988095201 1.3810434276320895
2.43639 8.879764285714202 1.3713782446797484
2.43936 7.530350595237962 1.3789365612557725
2.44232 8.184484523809346 1.3741862077553022
2.44529 7.161716666666678 1.380138217172648
2.44826 6.302160119047642 1.3728848259098014
2.45123 6.002789285714272 1.370858759405941
2.45419 7.6678404761908325 1.375735743201714
2.45716 8.44414702380945 1.3744480810964554
2.46013 6.873544642857041 1.3705357970389596
2.4631 5.082658333333399 1.3725265940628082
2.46606 6.584775000000036 1.3671454393431817
2.46903 7.266105952380855 1.3778509182047394
2.472 6.72964404761899 1.3607717944768898
2.47496 6.491204166666478 1.374389969476604
2.47793 8.86581130952365 1.3658954515094703
2.4809 5.5661464285712725 1.3662820394449773
2.48387 7.996336309523997 1.3782134051063097
2.48683 6.112176785714354 1.3566689559625753
2.4898 7.45236428571431 1.375280013587123
2.49277 5.034724404761732 1.3668436546371265
2.49574 7.915116071428656 1.3715638967664265
2.4987 3.88459404761889 1.3609407021256454
2.50167 3.8868398809525218 1.3562353012530384
2.50464 8.535577380952475 1.3682409042163588
2.50761 7.177219047619019 1.3683919093844596
2.51057 4.4482922619044984 1.370363177807845
2.51354 8.918759523809285 1.3659525132191899
2.51651 9.02207559523788 1.3538287666619673
2.51947 7.451018452380822 1.374589133622848
2.52244 7.2481232142855845 1.3576232195326394
2.52541 8.423024999999882 1.3644708865160549
2.52838 8.663081547618816 1.3580568684723717
2.53134 7.61546726190474 1.3635544931985053
2.53431 6.010685119047707 1.3663964768113255
2.53728 6.298493452380569 1.3542811989417851
2.54025 5.837527380952281 1.3686744432612326
2.54321 5.621409523809433 1.3510177991995982
2.54618 5.973098809523947 1.369893880171405
2.54915 8.879142857142597 1.3649316587689535
2.55212 5.7929916666667225 1.351598389747636
2.55508 4.059069642857196 1.3594267241198423
2.55805 5.935953571428456 1.3525614857003947
2.56102 4.964441666666772 1.36522670248997
2.56398 4.981495238095448 1.3675563111213713
2.56695 4.0002916666664134 1.349956054806655
2.56992 7.39188154761905 1.3634988522022153
2.57289 6.922691666666481 1.3489130754819652
2.57585 7.667386904762026 1.3629243635168393
2.57882 5.518494047618958 1.3510602372836231
2.58179 7.565586309524122 1.354801173591472
2.58476 5.010229761904981 1.36433701092544
2.58772 7.433248214285442 1.3405833375017182
2.59069 6.701981547619056 1.3540756238797547
2.59366 6.1512333333330105 1.3461724238043713
2.59663 7.063148809523341 1.3499859400332326
2.59959 5.794535119047595 1.3559563169872804
2.60256 5.461773214285444 1.3476678965024513
2.60553 7.9254928571427286 1.3522522298162973
2.60849 6.96098690476191 1.348129968994636
2.61146 6.443972619047571 1.3501375604862111
2.61443 6.222730357143007 1.3504113421731225
2.6174 5.280941666666479 1.345737234296819
2.62036 7.638748809523577 1.3599543410945294
2.62333 6.005497023809454 1.3475798936821342
2.6263 7.05234583333322 1.3552890610771229
2.62927 7.588151190476253 1.346579846950902
2.63223 6.388502976190296 1.3562643835967512
2.6352 7.447829761904359 1.3576164097985133
2.63817 4.5125958333332505 1.3561123629374716
2.64114 8.988336309523959 1.3532979453951575
2.6441 8.4086077380951 1.3449214791836137
2.64707 6.8804773809520725 1.3578248849825156
2.65004 4.869299999999868 1.3433263818889285
2.65301 3.790274999999923 1.356936532828512
2.65597 8.399342261904508 1.3596106707333306
2.65894 5.608879166666867 1.3492413122897193
2.66191 4.818929166666663 1.3501214331759441
2.66487 5.049714880952649 1.3504117410528902
2.66784 8.959878571428419 1.3536237814363272
2.67081 5.160149404761967 1.3593902271651466
2.67378 4.858976190475772 1.3422841672727415
2.67674 5.612259523809513 1.3657278599802927
2.67971 6.30067916666647 1.3356333759426608
2.68268 8.413167857143122 1.3546949794019083
2.68565 4.432325595237927 1.3567289252648653
2.68861 4.73321488095209 1.3503923641449558
2.69158 3.8988398809523517 1.3560616977694084
2.69455 5.893080357142821 1.339915108801334
2.69752 5.862211309523957 1.3541798385947657
2.70048 6.4545559523809 1.3428604015883234
2.70345 5.414308333333366 1.3503457145250255
2.70642 4.209129166666656 1.3589167873898562
2.70938 5.026626785714257 1.3460597250708912
2.71235 5.183986309523618 1.353186951285066
2.71532 7.104817261904657 1.3436734478891321
2.71829 4.0514982142858 1.3423793685452767
2.72125 2.915763690476041 1.3546211808728168
2.72422 5.705523809523783 1.3468480768063227
2.72719 5.947081547618893 1.354650961208066
2.73016 7.0302845238093425 1.3410046328025684
2.73312 5.9032511904761975 1.350124339012269
2.73609 6.492113095238068 1.3392031892921596
2.73906 10.35296964285692 1.3501805098138093
2.74203 5.109360714285742 1.3528361187737388
2.74499 5.0077005952380205 1.3406726421314636
2.74796 5.9086464285717 1.348752210542771
2.75093 7.666016071428459 1.343965773608272
2.75389 6.691839285714138 1.3435488270913667
2.75686 3.968078571428606 1.3472485527235722
2.75983 6.563805357143195 1.3460361116985733
2.7628 7.007470238095124 1.349085337070519
2.76576 7.265932142857139 1.341388339315384
2.76873 6.028208333333112 1.3456370609427815
2.7717 7.15528154761941 1.3409632378789282
2.77467 4.76391130952365 1.3440434236899166
2.77763 4.954258928571278 1.355255065753769
2.7806 4.94568571428573 1.3351417288952558
2.78357 7.285071428571115 1.3503337432443439
2.78654 4.189444642857154 1.3427084264043367
2.7895 6.4249934523807894 1.3416547623478416
2.79247 7.574235714285464 1.3510369031419112
2.79544 5.743752976190564 1.3382693487909816
2.79841 5.265489285714295 1.3482417269657951
2.80137 4.0978660714282 1.3414487507519677
2.80434 6.24087380952389 1.3506813681743641
2.80731 4.587543452380771 1.3394110433841966
2.81027 6.058413690475959 1.3493869956113431
2.81324 4.8701523809522484 1.3964278068959781
2.81621 5.266269642857111 1.4149695075736388
2.81918 5.339146428571411 1.4379918187794691
2.82214 4.691754761904718 1.4475973083191638
2.82511 6.82973095238097 1.434455473935018
2.82808 6.25795595238074 1.467894787540055
2.83105 5.341260119047462 1.4570337671535183
2.83401 6.322262500000164 1.4686750535666646
2.83698 4.063370833333266 1.4600889383382711
2.83995 6.675286309523756 1.4846079799339291
2.84292 4.954359523809444 1.4799479322313327
2.84588 4.283277976190192 1.4917433306879313
2.84885 6.54503988095243 1.492513207015997
2.85182 4.7585934523809215 1.4914941587097987
2.85478 5.544438095238178 1.5116890247140686
2.85775 5.003580952380844 1.5034872962982497
2.86072 5.581819047619234 1.5123185614417232
2.86369 4.917817857142808 1.5167739406388723
2.86665 4.286486904761659 1.519576471401527
2.86962 5.386877976190618 1.529568262565829
2.87259 5.844360714285557 1.5203996323241649
2.87556 6.987138690475945 1.5328628158108206
2.87852 3.9418446428568643 1.5559289623590908
2.88149 4.799413095238236 1.5180631370846327
2.88446 7.700697619047503 1.5646677403505365
2.88743 4.733384523809718 1.5322582006489567
2.89039 8.323322023809396 1.5625282919460353
2.89336 5.800591071428585 1.555724033826026
2.89633 3.876414880952268 1.5620501938417386
2.89929 4.387263690476146 1.5797442820221987
2.90226 4.249799404761632 1.551670629591766
2.90523 7.332699404762053 1.5713649573083275
2.9082 7.5795994047618365 1.577031105554919
2.91116 5.8942541666667125 1.5862931199636545
2.91413 3.5751125000000172 1.5922333885088582
2.9171 6.815857738095161 1.5786896584066206
2.92007 7.861780952381139 1.5898900789878199
2.92303 7.503674999999959 1.5966172706235957
2.926 7.716785714285663 1.5959978104305255
2.92897 6.227011904761923 1.610839629059827
2.93194 6.9903589285716805 1.5992995962722687
2.9349 6.3270023809525355 1.6230466256573017
2.93787 5.2520184523807245 1.598328430157486
2.94084 4.308655357142754 1.620547955580911
2.94381 3.5906714285712837 1.6157104610834727
2.94677 2.831801190476284 1.630141540470881
2.94974 7.07237321428579 1.6289768473485564
2.95271 8.562643452381167 1.6182862422810356
2.95567 6.326764880952567 1.6358034057748365
2.95864 5.236180357142928 1.6390444908242312
2.96161 6.6300047619047575 1.6453289144551722
2.96458 6.7589928571429425 1.6438020960648057
2.96754 3.016108333333136 1.6308521616068141
2.97051 6.4839761904758575 1.6532909905227986
2.97348 5.075402380952454 1.6335846421941516
2.97645 3.9472291666666592 1.6473217551217
2.97941 5.531144047618994 1.643331093869166
2.98238 4.721872619047502 1.6401099855943357
2.98535 5.7367321428569085 1.6646413851382809
2.98832 7.208704166666848 1.6376003833097175
2.99128 6.232008333332999 1.6638759959179181
2.99425 4.37333333333342 1.6459097232924336
2.99722 5.82537500000015 1.6675079197830875
3.00018 5.507073809523746 1.6726937003536568
3.00315 3.8906839285712636 1.6585856740323182
3.00612 7.85997738095233 1.6794216876299408
3.00909 4.249227976190468 1.6707162347054147
3.01205 6.444748809523588 1.682850773179444
3.01502 6.7999874999996734 1.68187571097974
3.01799 6.524585714285678 1.6841352833033019
3.02096 6.24830714285693 1.7093381044927771
3.02392 5.629974404761953 1.679759765883915
3.02689 6.2255160714283875 1.7006260806198417
3.02986 5.118641666666406 1.6911697115719257
3.03283 3.3179648809522178 1.699013391821814
3.03579 4.26891904761888 1.7277516519862646
3.03876 0.5705374999996593 1.6899191256618165
3.04173 8.53513214285698 1.7267526401142388
3.04469 2.4745952380952474 1.7010966829738319
3.04766 7.665808333333075 1.7245775128851752
3.05063 4.168801785714038 1.722553553473403
3.0536 1.4275089285715126 1.7195884721272714
3.05656 4.153528571428637 1.7455187386683018
3.05953 6.030819047618934 1.7205251832768322
3.0625 9.38621190476212 1.7386676778843355
3.06547 6.156620833333193 1.7350692822439162
3.06843 3.9363630952382778 1.747947418202308
3.0714 4.986397619047693 1.7633270206951768
3.07437 6.369555357142644 1.7358436954797507
3.07734 5.186732738095117 1.7583237421503832
3.0803 5.608600595238187 1.7528023371876609
3.08327 4.96234583333333 1.7616468260479057
3.08624 3.4394071428570783 1.7869022440251172
3.08921 2.8306785714285354 1.7457258187778142
3.09217 4.664450000000215 1.7836356712576975
3.09514 6.530839285714194 1.7614939525493005
3.09811 4.217212500000045 1.7863368723686257
3.10107 4.753604166666463 1.7844127824532978
3.10404 3.4570928571426407 1.7801194083273764
3.10701 2.65278095238088 1.7887542551088726
3.10998 3.526633333333251 1.7955876630553582
3.11294 2.2876821428570793 1.7983150042362759
3.11591 5.154612500000297 1.79443122329658
3.11888 5.44620892857111 1.7891794313560756
3.12185 4.669237499999923 1.8018891367872556
3.12481 3.4021380952378877 1.7988237975811863
3.12778 4.314114285714368 1.8150264203506299
3.13075 3.8601267857144705 1.8181998873900413
3.13372 4.013960714285929 1.809320381333994
3.13668 1.9724952380950356 1.8257574950662812
3.13965 5.1314142857143 1.8166959458462166
3.14262 7.615841071428662 1.8312592487628079
3.14558 5.328208928571314 1.8268683877248415
3.14855 6.574328571428225 1.828119646712467
3.15152 2.7423999999999182 1.8458292818584974
3.15449 8.98630476190462 1.8311450504402518
3.15745 5.376576785714349 1.846946922064245
3.16042 3.819663690476034 1.8451374900218172
3.16339 5.134897023809373 1.8493990225833574
3.16636 4.01156904761919 1.856158681915838
3.16932 6.008016666666407 1.8531012185224924
3.17229 3.934414285714496 1.8620531043229875
3.17526 5.655016071428349 1.8550262319733188
3.17823 6.220089285714039 1.8717751436111278
3.18119 7.368019047619185 1.8753932459448932
3.18416 5.9096726190476545 1.8812762639305844
3.18713 5.512876785713843 1.876042312980095
3.19009 7.55259404761901 1.8926325409883058
3.19306 3.514464880952488 1.8935846234376967
3.19603 2.8444785714285103 1.8916802704545792
3.199 4.380916666666366 1.9229452013457282
3.20196 3.2297761904762012 1.8891088504806652
3.20493 4.340619047618901 1.9170661309487467
3.2079 1.9963458333332085 1.9344501085809744
3.21087 2.838698214285529 1.906193761017546
3.21383 3.2126124999999206 1.9424214022039312
3.2168 3.7008315476192877 1.9110430942508825
3.21977 6.096912500000116 1.9462040181150488
3.22274 3.3499458333334076 1.9388926542803766
3.2257 6.245830952380942 1.9222492377330125
3.22867 9.683881547618824 1.9545249793686745
3.23164 3.8773303571426254 1.9143715076101788
3.23461 4.237384523809311 1.9577776055170268
3.23757 5.497647023809691 1.929823849847678
3.24054 4.416311309523877 1.9413904294302298
3.24351 4.568789285714132 1.962793382087484
3.24647 3.4480452380950055 1.919746730954211
3.24944 5.97288928571416 1.9730592408225984
3.25241 6.939289880952231 1.9486300656716102
3.25538 2.7003946428571624 1.9755326253355296
3.25834 2.9814511904761787 1.9709397699407942
3.26131 5.255545238095465 1.9525580361101949
3.26428 5.951033333333555 2.0027039147196293
3.26725 2.08973392857132 1.9748882857192815
3.27021 7.336816666666834 2.005221350701016
3.27318 5.749941071428424 1.9856688974516732
3.27615 4.496740476190553 2.0014782003219107
3.27912 6.846157142857123 2.0290406302932653
3.28208 5.454252380952198 1.9902100509505436
3.28505 4.275653571428393 2.033033728843294
3.28802 5.945610714285863 2.0073749624880186
3.29098 2.420474999999982 2.0325315232957015
3.29395 4.8783232142857 2.055565855697682
3.29692 6.670351190476254 2.0236459703710827
3.29989 6.5009297619046436 2.0598003636043507
3.30285 4.033138095237945 2.020892710564663
3.30582 5.366352380952151 2.076025210946458
3.30879 7.502901785714471 2.059852285570518
3.31176 5.7912053571426725 2.065849076325633
3.31472 2.380641071428613 2.0982037691771427
3.31769 2.07980297619045 2.0470567020088843
3.32066 8.970293452380673 2.1028420854578247
3.32363 4.391056547618888 2.0903929972075637
3.32659 6.531022619047349 2.087831488032247
3.32956 3.120491666666396 2.1320238082013128
3.33253 3.265805952380987 2.0768018987237236
3.33549 1.8800422619045776 2.1328057330892296
3.33846 0.19577083333331302 2.109249549190225
3.34143 5.4466619047616405 2.1304607321557683
3.3444 5.3650660714284015 2.1510560154899876
3.34736 2.978458928571399 2.111335301879568
3.35033 2.280045238095454 2.1762150527310786
3.3533 5.623875595237706 2.125025150709216
3.35627 7.352812499999999 2.168023320064677
3.35923 2.255411904761786 2.1529948155379692
3.3622 2.037431547619235 2.1697734171769474
3.36517 2.3467749999997523 2.21230134770401
3.36814 4.4562255952379815 2.147670673792051
3.3711 1.1472797619049402 2.205800746474527
3.37407 3.144038095238102 2.1780036108459884
3.37704 2.3634255952380556 2.20209393420765
3.38 5.369815476190354 2.250857566336682
3.38297 1.7058470238093548 2.1705091998031794
3.38594 3.946927380952161 2.2416319028078635
3.38891 0.7751994047619348 2.2067159274376182
3.39187 2.979924404761647 2.238307993095597
3.39484 5.726733333333414 2.2381991614126355
3.39781 5.330527976190496 2.2446482868283555
3.40078 2.1257958333335125 2.2954662557758363
3.40374 4.382198214285751 2.226054250906145
3.40671 5.358282142857433 2.294086707531777
3.40968 3.603483333333628 2.274010457084353
3.41265 7.293360119047492 2.2894484425018806
3.41561 3.7404440476187517 2.3444819526417757
3.41858 2.9245196428571774 2.263814811197395
3.42155 4.3647523809526945 2.345018583918133
3.42452 5.207667857143008 2.296966789639407
3.42748 4.216131547619 2.3485914445995935
3.43045 1.9341130952381036 2.3500846441025396
3.43342 3.378423214285391 2.33571962476587
3.43638 2.379702976190572 2.398817568636572
3.43935 5.891155952380842 2.3374180707317254
3.44232 4.783255357142622 2.39123490672191
3.44529 4.964822023809461 2.382982576952568
3.44825 6.510499404762129 2.3974335051946882
3.45122 7.708904166666883 2.4471096469690408
3.45419 6.741176785713918 2.3779420338290373
3.45716 4.62814999999992 2.462229721539697
3.46012 4.319944047619231 2.4037737457948243
3.46309 4.9448666666664565 2.4642240693893127
3.46606 8.086341071428507 2.4903860431550755
3.46903 2.9584874999997623 2.4215394160331707
3.47199 5.396446428571124 2.522173980849505
3.47496 0.14268095238094247 2.448755498391438
3.47793 5.764384523809554 2.5277943440606085
3.48089 0.5956184523809327 2.5080994006046398
3.48386 5.966044047618766 2.511200169029388
3.48683 6.203834523809348 2.5748158228529014
3.4898 2.8992303571429545 2.4957973627379886
3.49276 6.145370833333033 2.598434168382769
3.49573 4.166357142857038 2.535261989936473
3.4987 3.036201785713928 2.5933447740521363
3.50167 2.646374999999921 2.6421055164980034
3.50463 5.494485119047567 2.534603790059079
3.5076 6.708210119047635 2.646935734953294
3.51057 5.722395238095288 2.588303108054367
3.51354 3.527176785714232 2.6699875464582012
3.5165 3.7097499999998718 2.6472252937846683
3.51947 4.837951785714409 2.655369804426808
3.52244 0.9528190476189025 2.7296629470883738
3.5254 3.8025922619048913 2.6370309563651064
3.52837 6.831182738095265 2.7373900118836634
3.53134 8.444284523809387 2.6951630427189004
3.53431 8.613905952380918 2.745560560543229
3.53727 3.817811309523762 2.8007857112117893
3.54024 6.196092857142759 2.684569894300522
3.54321 4.4662142857144715 2.827561464196488
3.54618 4.077001190475897 2.7388254902456683
3.54914 7.782910714285833 2.825598925276555
3.55211 5.313495238095385 2.8666657252697303
3.55508 3.0444761904760753 2.7756419054579675
3.55805 3.791661309523988 2.902319920045519
3.56101 1.0359351190476218 2.8097762879641413
3.56398 5.422023214285616 2.917692821557694
3.56695 10.921031547619151 2.8710808908218945
3.56992 5.254611309523796 2.879402421419254
3.57288 2.5588696428569335 2.974324238280626
3.57585 10.469323214285566 2.8223248980658333
3.57882 4.579823809523589 2.957180795235482
3.58178 1.0966142857144234 2.865178546251883
3.58475 9.033933333333408 2.940729411542064
3.58772 5.100925595237982 3.0186028249479486
3.59069 -0.7487267857145241 2.8248862469203857
3.59365 5.397842857142905 3.000076190562693
3.59662 5.115124999999665 2.8739499949419485
3.59959 7.39120059523799 2.978055690133485
3.60256 2.60329583333359 2.985722201561736
3.60552 2.767377380952354 2.968445190474582
3.60849 5.282595238095098 3.052137750928309
3.61146 0.9989476190473567 2.9451321092225418
3.61443 3.273637500000035 3.106399528169246
3.61739 3.5497785714285612 3.0315863882465033
3.62036 5.242565476190464 3.093909749527039
3.62333 1.0365654761903897 3.1959399994764452
3.62629 6.2804803571427215 3.0048919727047085
3.62926 0.6898363095240256 3.2231466680255734
3.63223 3.0797005952381085 3.099458264607959
3.6352 7.04387678571436 3.2170996986377975
3.63816 2.3688666666664915 3.2299371737840517
3.64113 -0.735795238095136 3.19011242823182
3.6441 4.37469166666645 3.3526292215560467
3.64707 3.466838095238245 3.189247544990021
3.65003 7.535551785714176 3.3957641002857493
3.653 1.1394791666667459 3.3182017426937778
3.65597 4.731293452380925 3.381099833867193
3.65894 3.2881541666665726 3.5460174051637976
3.6619 10.919079166666563 3.3089275412732295
3.66487 4.420845833333686 3.608232551594864
3.66784 4.028726785713985 3.440422529336718
3.6708 1.6457738095238028 3.573496978935742
3.67377 3.5328059523811817 3.759495019898691
3.67674 3.5833988095238567 3.477884692791904
3.67971 1.83284345238107 3.8090187578998274
3.68267 2.7005130952377954 3.5866410581283166
3.68564 7.80852380952382 3.8185751652468225
3.68861 18.1337535714286 3.7879153534817522
3.69158 5.891216071428573 3.81752231531342
3.69454 8.646039880952543 4.058702970464676
3.69751 7.644860714285642 3.7632801791960673
3.70048 6.392673809523615 4.053711549285733
3.70345 7.5616285714284 3.9654040331733746
3.70641 4.617338095238068 4.084720343104824
3.70938 2.959078571428506 4.418514289737438
3.71235 2.5021529761903594 3.894184741566971
3.71532 12.066973214285639 4.46995418480361
3.71828 7.905914880952309 4.029764877287253
3.72125 2.1021845238095693 4.516987506405274
3.72422 7.120638690476255 4.405987898640319
3.72718 5.426900000000074 4.366985405098699
3.73015 6.653180357142787 4.7886890244794555
3.73312 9.542740476190659 4.32932940402682
3.73609 3.5920577380950647 4.817238774917611
3.73905 5.812560714285553 4.640468223916819
3.74202 7.449897023809484 4.836773557149909
3.74499 9.928017261904785 5.221162539805199
3.74796 4.807857142857301 4.67645062591083
3.75092 8.578116666666773 5.360701746485777
3.75389 2.2746511904765043 5.034382791164492
3.75686 0.10102738095241648 5.322751796023496
3.75983 6.646670833333559 5.6046269484353175
3.76279 8.108345238095609 5.3052904348430365
3.76576 2.615973214285674 5.761587852213566
3.76873 5.726473809523327 5.740916396676
3.77169 -2.202396428571518 5.949183655844522
3.77466 9.474413095237963 6.330848768220939
3.77763 6.077425595237997 6.0381517944584875
3.7806 -5.093657142856927 6.673847239673716
3.78356 2.6689148809524 6.721016495119586
3.78653 -0.8097761904764411 6.748558991830473
3.7895 3.6250101190475448 7.244208567525437
3.79247 8.047147619047763 7.737348321536551
3.79543 4.563242857142882 7.534090145452995
3.7984 -2.5340261904763395 8.889788311619881
3.80137 10.991564880952183 9.025164118164476
3.80434 2.075130952380846 9.4311417189477
3.8073 23.973595833333263 10.277359442093472
