q [1/A]         I [1/cm]        dI [1/cm]       dq [1/A]
1.459717e-02 	2.776520e-02 	2.200435e-03 	2.341429e-03
1.550941e-02 	3.355670e-02 	2.097869e-03 	2.351979e-03
1.642162e-02 	3.664370e-02 	2.029644e-03 	2.363116e-03
1.733382e-02 	2.892550e-02 	1.970260e-03 	2.374833e-03
1.824601e-02 	3.138470e-02 	1.892611e-03 	2.387121e-03
1.915817e-02 	3.220040e-02 	1.828684e-03 	2.399970e-03
2.007031e-02 	3.204600e-02 	1.782475e-03 	2.413373e-03
2.098243e-02 	3.025400e-02 	1.757805e-03 	2.427319e-03
2.189453e-02 	3.600640e-02 	1.675081e-03 	2.441799e-03
2.280660e-02 	3.433070e-02 	1.628954e-03 	2.456805e-03
2.371865e-02 	3.297530e-02 	1.597666e-03 	2.472325e-03
2.463068e-02 	2.770710e-02 	1.615723e-03 	2.488351e-03
2.554268e-02 	3.068400e-02 	1.628203e-03 	2.504873e-03
2.645465e-02 	3.273830e-02 	1.603989e-03 	2.521881e-03
2.736660e-02 	3.357500e-02 	1.589325e-03 	2.539364e-03
2.827851e-02 	3.227710e-02 	1.524577e-03 	2.557314e-03
2.919040e-02 	3.560640e-02 	1.492327e-03 	2.575720e-03
3.010226e-02 	3.533370e-02 	1.443167e-03 	2.594573e-03
3.101408e-02 	3.015070e-02 	1.423916e-03 	2.613863e-03
3.192587e-02 	2.940540e-02 	1.386211e-03 	2.633580e-03
3.283763e-02 	2.969760e-02 	1.355220e-03 	2.653715e-03
3.374935e-02 	2.954060e-02 	1.364157e-03 	2.674258e-03
3.466104e-02 	3.288860e-02 	1.333339e-03 	2.695199e-03
3.557269e-02 	3.186110e-02 	1.321893e-03 	2.716530e-03
3.648430e-02 	2.703340e-02 	1.297637e-03 	2.738241e-03
3.739588e-02 	2.705520e-02 	1.280140e-03 	2.760323e-03
3.830741e-02 	3.046510e-02 	1.261072e-03 	2.782767e-03
3.921890e-02 	2.973840e-02 	1.236802e-03 	2.805564e-03
4.013036e-02 	2.841530e-02 	1.244189e-03 	2.828707e-03
4.104177e-02 	3.015440e-02 	1.235095e-03 	2.852185e-03
4.195314e-02 	2.836810e-02 	1.199899e-03 	2.875992e-03
4.286446e-02 	2.933630e-02 	1.192607e-03 	2.900118e-03
4.377574e-02 	2.965710e-02 	1.192661e-03 	2.924556e-03
4.468697e-02 	2.631190e-02 	1.205242e-03 	2.949298e-03
4.559815e-02 	2.421750e-02 	1.223516e-03 	2.974336e-03
4.650929e-02 	2.593780e-02 	1.225434e-03 	2.999663e-03
4.742038e-02 	2.723630e-02 	1.218550e-03 	3.025271e-03
4.833141e-02 	2.791160e-02 	1.180090e-03 	3.051153e-03
4.924240e-02 	2.927700e-02 	1.154512e-03 	3.077303e-03
5.015334e-02 	2.721860e-02 	1.128725e-03 	3.103712e-03
5.106422e-02 	2.683790e-02 	1.116603e-03 	3.130376e-03
5.197505e-02 	2.802880e-02 	1.145039e-03 	3.157286e-03
5.288582e-02 	2.496740e-02 	1.199090e-03 	3.184437e-03
5.379654e-02 	2.534350e-02 	1.288045e-03 	3.211822e-03
5.470720e-02 	2.457610e-02 	1.374489e-03 	3.239436e-03
5.561780e-02 	2.553580e-02 	1.445821e-03 	3.267272e-03
5.652834e-02 	2.257440e-02 	1.514210e-03 	3.295325e-03
5.743883e-02 	2.464760e-02 	1.592910e-03 	3.323589e-03
5.834925e-02 	2.484500e-02 	1.649166e-03 	3.352058e-03
5.925962e-02 	2.045410e-02 	1.701762e-03 	3.380728e-03
6.016992e-02 	2.516930e-02 	1.764652e-03 	3.409593e-03
6.108015e-02 	2.481620e-02 	1.837967e-03 	3.438649e-03
5.468464e-02 	2.510360e-02 	1.487759e-03 	4.532889e-03
5.888520e-02 	2.412800e-02 	1.418380e-03 	4.625806e-03
6.308443e-02 	2.589670e-02 	1.366939e-03 	4.723530e-03
6.728225e-02 	2.555090e-02 	1.310265e-03 	4.825761e-03
7.147857e-02 	2.594540e-02 	1.259889e-03 	4.932210e-03
7.567328e-02 	2.313740e-02 	1.229003e-03 	5.042601e-03
7.986630e-02 	2.130370e-02 	1.200098e-03 	5.156671e-03
8.405754e-02 	2.005030e-02 	1.162733e-03 	5.274172e-03
8.824690e-02 	2.192950e-02 	1.123345e-03 	5.394869e-03
9.243428e-02 	2.115580e-02 	1.090203e-03 	5.518543e-03
9.661961e-02 	1.830240e-02 	1.068330e-03 	5.644987e-03
1.008028e-01 	1.716230e-02 	1.041362e-03 	5.774009e-03
1.049837e-01 	1.497800e-02 	1.011232e-03 	5.905428e-03
1.091623e-01 	1.695300e-02 	9.925641e-04 	6.039078e-03
1.133384e-01 	1.607600e-02 	9.975377e-04 	6.174802e-03
1.175121e-01 	1.574540e-02 	1.023985e-03 	6.312454e-03
1.216831e-01 	1.521290e-02 	1.018005e-03 	6.451901e-03
1.258515e-01 	1.446630e-02 	9.918402e-04 	6.593015e-03
1.300170e-01 	1.477850e-02 	9.461418e-04 	6.735681e-03
1.341797e-01 	1.445130e-02 	9.198432e-04 	6.879790e-03
1.383394e-01 	1.250040e-02 	9.038632e-04 	7.025241e-03
1.424960e-01 	1.300310e-02 	8.908638e-04 	7.171940e-03
1.466496e-01 	1.322010e-02 	8.811267e-04 	7.319800e-03
1.507998e-01 	1.226920e-02 	8.616908e-04 	7.468739e-03
1.549468e-01 	1.125560e-02 	8.464092e-04 	7.618683e-03
1.590904e-01 	1.118370e-02 	8.371312e-04 	7.769559e-03
1.632304e-01 	1.152140e-02 	8.302177e-04 	7.921303e-03
1.673669e-01 	1.030550e-02 	8.305024e-04 	8.073853e-03
1.714997e-01 	8.293200e-03 	8.149820e-04 	8.227151e-03
1.756288e-01 	1.058800e-02 	8.031656e-04 	8.381143e-03
1.797541e-01 	9.381700e-03 	7.930332e-04 	8.535780e-03
1.838754e-01 	8.276600e-03 	7.793436e-04 	8.691014e-03
1.879928e-01 	9.596000e-03 	7.763231e-04 	8.846801e-03
1.921060e-01 	7.720900e-03 	7.596570e-04 	9.003099e-03
1.962151e-01 	9.128000e-03 	7.590041e-04 	9.159869e-03
2.003199e-01 	8.577100e-03 	7.612421e-04 	9.317075e-03
2.044205e-01 	7.661600e-03 	7.761792e-04 	9.474682e-03
2.085166e-01 	7.791200e-03 	7.848410e-04 	9.632658e-03
2.126082e-01 	6.774200e-03 	7.714688e-04 	9.790972e-03
2.166952e-01 	7.337000e-03 	7.649356e-04 	9.949594e-03
2.207776e-01 	9.081500e-03 	7.543174e-04 	1.010850e-02
2.248553e-01 	9.149800e-03 	7.433277e-04 	1.026766e-02
2.289281e-01 	8.814700e-03 	7.214618e-04 	1.042705e-02
2.329961e-01 	9.012200e-03 	7.142484e-04 	1.058665e-02
2.370591e-01 	8.642300e-03 	7.282160e-04 	1.074643e-02
2.411170e-01 	7.972900e-03 	7.644383e-04 	1.090638e-02
2.451699e-01 	7.511100e-03 	8.334443e-04 	1.106647e-02
2.492175e-01 	6.482000e-03 	8.811816e-04 	1.122669e-02
2.532599e-01 	7.114700e-03 	9.395641e-04 	1.138702e-02
2.572970e-01 	4.700000e-03 	9.876247e-04 	1.154744e-02
2.613286e-01 	5.759900e-03 	1.026065e-03 	1.170793e-02
2.653547e-01 	7.945300e-03 	1.067875e-03 	1.186848e-02
2.693753e-01 	5.992200e-03 	1.096430e-03 	1.202908e-02
2.733903e-01 	8.512700e-03 	1.143945e-03 	1.218970e-02
2.773995e-01 	9.478200e-03 	1.193657e-03 	1.235034e-02
2.814030e-01 	1.061740e-02 	1.253462e-03 	1.251099e-02
2.854006e-01 	7.615000e-03 	1.357568e-03 	1.267162e-02
2.893923e-01 	7.196300e-03 	1.411927e-03 	1.283223e-02
2.933780e-01 	5.010700e-03 	1.531881e-03 	1.299281e-02
2.973577e-01 	6.397700e-03 	1.639093e-03 	1.315334e-02
3.013313e-01 	4.896500e-03 	1.741688e-03 	1.331382e-02
