#Resi 	 LCD_contacts 	 LCD_contacts_rew 
133 	 0.000158 	 0.000246 
134 	 0.000053 	 0.000391 
135 	 0.000000 	 0.000000 
136 	 0.001316 	 0.002182 
137 	 0.000000 	 0.000000 
138 	 0.000316 	 0.000291 
139 	 0.000789 	 0.000448 
140 	 0.000632 	 0.000324 
141 	 0.000000 	 0.000000 
142 	 0.006736 	 0.009554 
143 	 0.000737 	 0.001566 
144 	 0.000000 	 0.000000 
145 	 0.000000 	 0.000000 
146 	 0.000000 	 0.000000 
147 	 0.000000 	 0.000000 
148 	 0.000000 	 0.000000 
149 	 0.000000 	 0.000000 
150 	 0.000000 	 0.000000 
151 	 0.000000 	 0.000000 
152 	 0.000053 	 0.000078 
153 	 0.000000 	 0.000000 
154 	 0.000053 	 0.000084 
155 	 0.000263 	 0.000384 
156 	 0.000000 	 0.000000 
157 	 0.000053 	 0.000099 
158 	 0.000368 	 0.000984 
159 	 0.000000 	 0.000000 
160 	 0.000000 	 0.000000 
161 	 0.000053 	 0.000261 
162 	 0.000000 	 0.000000 
163 	 0.000316 	 0.001380 
164 	 0.000000 	 0.000000 
165 	 0.000526 	 0.002318 
166 	 0.000158 	 0.000813 
167 	 0.002842 	 0.003661 
168 	 0.001947 	 0.003597 
169 	 0.004789 	 0.013486 
170 	 0.008263 	 0.012856 
171 	 0.000105 	 0.000160 
172 	 0.011947 	 0.020285 
173 	 0.000000 	 0.000000 
174 	 0.002579 	 0.004872 
175 	 0.000368 	 0.000324 
176 	 0.002737 	 0.007652 
177 	 0.000158 	 0.001014 
178 	 0.001000 	 0.003723 
179 	 0.000000 	 0.000000 
180 	 0.000000 	 0.000000 
181 	 0.000000 	 0.000000 
182 	 0.000000 	 0.000000 
183 	 0.000263 	 0.000440 
184 	 0.001579 	 0.001504 
185 	 0.001789 	 0.003011 
186 	 0.000000 	 0.000000 
187 	 0.000000 	 0.000000 
188 	 0.001579 	 0.005049 
189 	 0.000053 	 0.000112 
190 	 0.000000 	 0.000000 
191 	 0.000895 	 0.002786 
192 	 0.002210 	 0.006261 
193 	 0.000263 	 0.001613 
194 	 0.001316 	 0.003014 
195 	 0.005789 	 0.011552 
196 	 0.000000 	 0.000000 
197 	 0.003263 	 0.008446 
198 	 0.000000 	 0.000000 
199 	 0.000895 	 0.001625 
200 	 0.000684 	 0.001467 
201 	 0.004526 	 0.004992 
202 	 0.001368 	 0.002811 
203 	 0.000053 	 0.000081 
204 	 0.001789 	 0.003202 
205 	 0.000000 	 0.000000 
206 	 0.003474 	 0.009939 
207 	 0.001895 	 0.004126 
208 	 0.000368 	 0.000741 
209 	 0.001263 	 0.004125 
210 	 0.001631 	 0.005876 
211 	 0.011526 	 0.051072 
212 	 0.005105 	 0.012432 
213 	 0.006842 	 0.022291 
214 	 0.003052 	 0.003684 
215 	 0.006631 	 0.013840 
216 	 0.010052 	 0.017664 
217 	 0.010999 	 0.015170 
218 	 0.002684 	 0.003605 
219 	 0.003158 	 0.003845 
220 	 0.007631 	 0.010883 
221 	 0.006473 	 0.008572 
222 	 0.004947 	 0.008375 
223 	 0.000316 	 0.000267 
224 	 0.002895 	 0.002335 
225 	 0.002263 	 0.002293 
226 	 0.000000 	 0.000000 
227 	 0.009894 	 0.008004 
228 	 0.000000 	 0.000000 
229 	 0.000053 	 0.000043 
230 	 0.000000 	 0.000000 
231 	 0.000000 	 0.000000 
232 	 0.008421 	 0.003381 
233 	 0.000211 	 0.000590 
234 	 0.000737 	 0.000266 
235 	 0.000000 	 0.000000 
236 	 0.000000 	 0.000000 
237 	 0.000000 	 0.000000 
238 	 0.000053 	 0.000216 
239 	 0.000000 	 0.000000 
240 	 0.000000 	 0.000000 
241 	 0.000053 	 0.000210 
242 	 0.000000 	 0.000000 
243 	 0.000000 	 0.000000 
244 	 0.000000 	 0.000000 
245 	 0.000105 	 0.000104 
246 	 0.000316 	 0.000439 
247 	 0.000211 	 0.000178 
248 	 0.000000 	 0.000000 
249 	 0.000737 	 0.002033 
250 	 0.000000 	 0.000000 
251 	 0.000053 	 0.000139 
252 	 0.000105 	 0.000278 
253 	 0.000000 	 0.000000 
254 	 0.000053 	 0.000020 
255 	 0.000000 	 0.000000 
256 	 0.000421 	 0.000348 
257 	 0.000000 	 0.000000 
258 	 0.000526 	 0.000521 
259 	 0.003526 	 0.004046 
260 	 0.001105 	 0.001368 
261 	 0.000789 	 0.000861 
262 	 0.000000 	 0.000000 
263 	 0.001368 	 0.001395 
264 	 0.000000 	 0.000000 
265 	 0.001158 	 0.001017 
266 	 0.000000 	 0.000000 
267 	 0.005158 	 0.004208 
268 	 0.000000 	 0.000000 
269 	 0.002210 	 0.001711 
270 	 0.000000 	 0.000000 
271 	 0.000000 	 0.000000 
272 	 0.000000 	 0.000000 
273 	 0.000158 	 0.000141 
274 	 0.000263 	 0.000604 
275 	 0.006894 	 0.016935 
276 	 0.002474 	 0.006439 
277 	 0.000000 	 0.000000 
278 	 0.000000 	 0.000000 
279 	 0.007210 	 0.035220 
280 	 0.004368 	 0.010147 
281 	 0.000053 	 0.000016 
282 	 0.003526 	 0.030211 
283 	 0.023420 	 0.110865 
284 	 0.003631 	 0.012568 
285 	 0.015210 	 0.033792 
286 	 0.013157 	 0.022279 
287 	 0.000000 	 0.000000 
288 	 0.001210 	 0.000777 
289 	 0.000000 	 0.000000 
290 	 0.000105 	 0.000039 
291 	 0.000105 	 0.000026 
292 	 0.003421 	 0.001700 
293 	 0.000158 	 0.000283 
294 	 0.000000 	 0.000000 
295 	 0.001368 	 0.002598 
296 	 0.000000 	 0.000000 
297 	 0.010526 	 0.035006 
298 	 0.003000 	 0.023591 
299 	 0.000632 	 0.000560 
300 	 0.008842 	 0.009393 
301 	 0.009947 	 0.010173 
302 	 0.026735 	 0.027350 
303 	 0.042471 	 0.046014 
