#Resi 	 LCD_contacts 	 LCD_contacts_rew 
133 	 0.027841 	 0.032016 
134 	 0.003737 	 0.004746 
135 	 0.000000 	 0.000000 
136 	 0.026788 	 0.032854 
137 	 0.000474 	 0.000632 
138 	 0.002737 	 0.003342 
139 	 0.001631 	 0.001858 
140 	 0.000789 	 0.000930 
141 	 0.000474 	 0.000531 
142 	 0.030367 	 0.034132 
143 	 0.001842 	 0.002113 
144 	 0.000000 	 0.000000 
145 	 0.000842 	 0.000938 
146 	 0.012947 	 0.014627 
147 	 0.011789 	 0.012971 
148 	 0.000053 	 0.000060 
149 	 0.000000 	 0.000000 
150 	 0.020630 	 0.022222 
151 	 0.002631 	 0.003124 
152 	 0.000789 	 0.000949 
153 	 0.000000 	 0.000000 
154 	 0.012841 	 0.014484 
155 	 0.013999 	 0.015177 
156 	 0.002105 	 0.002344 
157 	 0.006947 	 0.008108 
158 	 0.031683 	 0.036530 
159 	 0.002368 	 0.002491 
160 	 0.025578 	 0.029164 
161 	 0.011894 	 0.013471 
162 	 0.002631 	 0.002921 
163 	 0.004052 	 0.004818 
164 	 0.000211 	 0.000243 
165 	 0.009526 	 0.011888 
166 	 0.002368 	 0.002743 
167 	 0.021525 	 0.023991 
168 	 0.016578 	 0.018399 
169 	 0.021736 	 0.022234 
170 	 0.016420 	 0.016777 
171 	 0.009894 	 0.010856 
172 	 0.032104 	 0.036483 
173 	 0.000579 	 0.000658 
174 	 0.037735 	 0.044276 
175 	 0.006789 	 0.008222 
176 	 0.048313 	 0.058234 
177 	 0.000895 	 0.001067 
178 	 0.016578 	 0.020290 
179 	 0.000000 	 0.000000 
180 	 0.000842 	 0.001044 
181 	 0.000000 	 0.000000 
182 	 0.011789 	 0.013501 
183 	 0.025630 	 0.026431 
184 	 0.027209 	 0.027511 
185 	 0.015368 	 0.015947 
186 	 0.004947 	 0.005198 
187 	 0.000263 	 0.000280 
188 	 0.015947 	 0.016324 
189 	 0.000211 	 0.000203 
190 	 0.000000 	 0.000000 
191 	 0.004631 	 0.004648 
192 	 0.011210 	 0.011261 
193 	 0.002474 	 0.002787 
194 	 0.019473 	 0.020167 
195 	 0.032156 	 0.034219 
196 	 0.001631 	 0.001888 
197 	 0.013105 	 0.014369 
198 	 0.000000 	 0.000000 
199 	 0.000895 	 0.000964 
200 	 0.002631 	 0.002722 
201 	 0.025472 	 0.028829 
202 	 0.010842 	 0.011999 
203 	 0.001000 	 0.001079 
204 	 0.012105 	 0.013765 
205 	 0.000684 	 0.000788 
206 	 0.011105 	 0.011915 
207 	 0.009894 	 0.010223 
208 	 0.005158 	 0.005328 
209 	 0.009999 	 0.009989 
210 	 0.020473 	 0.021689 
211 	 0.090258 	 0.097238 
212 	 0.049945 	 0.056812 
213 	 0.063365 	 0.068867 
214 	 0.105047 	 0.121059 
215 	 0.095942 	 0.107822 
216 	 0.139782 	 0.152865 
217 	 0.103626 	 0.114016 
218 	 0.022841 	 0.023634 
219 	 0.020473 	 0.020605 
220 	 0.064365 	 0.066251 
221 	 0.023999 	 0.023969 
222 	 0.028998 	 0.030725 
223 	 0.002105 	 0.002173 
224 	 0.073575 	 0.075190 
225 	 0.045103 	 0.046955 
226 	 0.000105 	 0.000118 
227 	 0.076996 	 0.082146 
228 	 0.000053 	 0.000072 
229 	 0.002737 	 0.002802 
230 	 0.002631 	 0.002667 
231 	 0.000368 	 0.000386 
232 	 0.021736 	 0.022604 
233 	 0.008315 	 0.008671 
234 	 0.015525 	 0.016123 
235 	 0.000263 	 0.000259 
236 	 0.011210 	 0.011721 
237 	 0.020052 	 0.021248 
238 	 0.035051 	 0.037936 
239 	 0.007789 	 0.008390 
240 	 0.000000 	 0.000000 
241 	 0.018946 	 0.019954 
242 	 0.017578 	 0.019524 
243 	 0.000105 	 0.000096 
244 	 0.001105 	 0.001143 
245 	 0.011526 	 0.012088 
246 	 0.011841 	 0.011876 
247 	 0.003684 	 0.003619 
248 	 0.001631 	 0.001568 
249 	 0.012789 	 0.012476 
250 	 0.008368 	 0.008441 
251 	 0.035051 	 0.036037 
252 	 0.027999 	 0.028842 
253 	 0.012157 	 0.012576 
254 	 0.026051 	 0.026749 
255 	 0.007736 	 0.008000 
256 	 0.027735 	 0.028797 
257 	 0.011736 	 0.011776 
258 	 0.013736 	 0.014786 
259 	 0.092837 	 0.096044 
260 	 0.023262 	 0.024031 
261 	 0.032367 	 0.033705 
262 	 0.005631 	 0.005653 
263 	 0.017894 	 0.018693 
264 	 0.003474 	 0.003606 
265 	 0.050524 	 0.053925 
266 	 0.003737 	 0.003964 
267 	 0.084048 	 0.090424 
268 	 0.000000 	 0.000000 
269 	 0.067418 	 0.071588 
270 	 0.000000 	 0.000000 
271 	 0.006842 	 0.006670 
272 	 0.010789 	 0.010253 
273 	 0.026683 	 0.025577 
274 	 0.016420 	 0.015565 
275 	 0.036524 	 0.035638 
276 	 0.010421 	 0.009958 
277 	 0.001368 	 0.001307 
278 	 0.014631 	 0.014024 
279 	 0.016104 	 0.015913 
280 	 0.022420 	 0.022197 
281 	 0.000000 	 0.000000 
282 	 0.012841 	 0.012273 
283 	 0.071154 	 0.068631 
284 	 0.023999 	 0.023483 
285 	 0.111310 	 0.109162 
286 	 0.131888 	 0.133846 
287 	 0.004947 	 0.004962 
288 	 0.020367 	 0.021677 
289 	 0.000211 	 0.000219 
290 	 0.009736 	 0.010170 
291 	 0.022788 	 0.023630 
292 	 0.025683 	 0.027209 
293 	 0.029525 	 0.030207 
294 	 0.002684 	 0.002528 
295 	 0.043682 	 0.044347 
296 	 0.005526 	 0.005496 
297 	 0.045840 	 0.046618 
298 	 0.022157 	 0.022045 
299 	 0.007526 	 0.007444 
300 	 0.039314 	 0.041281 
301 	 0.038524 	 0.040897 
302 	 0.109205 	 0.112946 
303 	 0.124888 	 0.129392 
