#Resi 	 LCD_contacts 	 LCD_contacts_rew 
133 	 0.010842 	 0.010619 
134 	 0.011631 	 0.011229 
135 	 0.002947 	 0.002760 
136 	 0.109521 	 0.106538 
137 	 0.001105 	 0.001122 
138 	 0.018578 	 0.018842 
139 	 0.021894 	 0.022272 
140 	 0.005526 	 0.005416 
141 	 0.003210 	 0.003104 
142 	 0.101047 	 0.098019 
143 	 0.060997 	 0.059230 
144 	 0.001895 	 0.001872 
145 	 0.030577 	 0.029847 
146 	 0.026420 	 0.025405 
147 	 0.057629 	 0.056885 
148 	 0.016473 	 0.016287 
149 	 0.000000 	 0.000000 
150 	 0.022157 	 0.021764 
151 	 0.031314 	 0.031662 
152 	 0.016262 	 0.016120 
153 	 0.000789 	 0.000789 
154 	 0.019999 	 0.020128 
155 	 0.060102 	 0.060303 
156 	 0.035314 	 0.035652 
157 	 0.014315 	 0.014235 
158 	 0.026735 	 0.025735 
159 	 0.003368 	 0.003277 
160 	 0.012263 	 0.011859 
161 	 0.017052 	 0.016624 
162 	 0.006894 	 0.006579 
163 	 0.018525 	 0.018240 
164 	 0.002000 	 0.002010 
165 	 0.028683 	 0.028088 
166 	 0.015052 	 0.014793 
167 	 0.055734 	 0.054029 
168 	 0.041261 	 0.040158 
169 	 0.046155 	 0.044386 
170 	 0.044524 	 0.043015 
171 	 0.028788 	 0.028337 
172 	 0.098784 	 0.095710 
173 	 0.007158 	 0.006991 
174 	 0.090311 	 0.087905 
175 	 0.022420 	 0.021938 
176 	 0.134256 	 0.131036 
177 	 0.002474 	 0.002408 
178 	 0.063418 	 0.061665 
179 	 0.000000 	 0.000000 
180 	 0.000421 	 0.000404 
181 	 0.000158 	 0.000146 
182 	 0.005947 	 0.005831 
183 	 0.026893 	 0.026285 
184 	 0.038787 	 0.037643 
185 	 0.108626 	 0.107170 
186 	 0.022473 	 0.022482 
187 	 0.004842 	 0.004601 
188 	 0.107100 	 0.104888 
189 	 0.022315 	 0.022161 
190 	 0.000368 	 0.000355 
191 	 0.037840 	 0.037094 
192 	 0.111257 	 0.109899 
193 	 0.029735 	 0.029181 
194 	 0.044682 	 0.043800 
195 	 0.066891 	 0.065334 
196 	 0.011157 	 0.011039 
197 	 0.075417 	 0.073228 
198 	 0.002421 	 0.002389 
199 	 0.033209 	 0.031911 
200 	 0.027472 	 0.026421 
201 	 0.060628 	 0.059383 
202 	 0.025314 	 0.024862 
203 	 0.005473 	 0.005709 
204 	 0.036367 	 0.036478 
205 	 0.000842 	 0.000828 
206 	 0.052366 	 0.052132 
207 	 0.048155 	 0.046980 
208 	 0.022367 	 0.021376 
209 	 0.054418 	 0.053676 
210 	 0.070680 	 0.069478 
211 	 0.155781 	 0.151554 
212 	 0.130730 	 0.127573 
213 	 0.140308 	 0.136618 
214 	 0.150361 	 0.145529 
215 	 0.096890 	 0.094604 
216 	 0.161676 	 0.159269 
217 	 0.122625 	 0.120052 
218 	 0.062313 	 0.061521 
219 	 0.080733 	 0.079918 
220 	 0.132467 	 0.130901 
221 	 0.109468 	 0.108405 
222 	 0.045208 	 0.045474 
223 	 0.031314 	 0.031355 
224 	 0.063312 	 0.064151 
225 	 0.039787 	 0.039967 
226 	 0.001421 	 0.001439 
227 	 0.174780 	 0.176686 
228 	 0.001842 	 0.001899 
229 	 0.015104 	 0.015118 
230 	 0.019525 	 0.019771 
231 	 0.000947 	 0.000973 
232 	 0.095153 	 0.097494 
233 	 0.024946 	 0.025941 
234 	 0.042892 	 0.044683 
235 	 0.000053 	 0.000052 
236 	 0.017841 	 0.018314 
237 	 0.030946 	 0.030199 
238 	 0.073154 	 0.074115 
239 	 0.022736 	 0.023901 
240 	 0.001474 	 0.001431 
241 	 0.071259 	 0.071348 
242 	 0.064155 	 0.066049 
243 	 0.003316 	 0.003428 
244 	 0.000579 	 0.000568 
245 	 0.091679 	 0.092343 
246 	 0.088469 	 0.089502 
247 	 0.029683 	 0.030251 
248 	 0.037735 	 0.037290 
249 	 0.109415 	 0.108098 
250 	 0.025578 	 0.025276 
251 	 0.036472 	 0.035482 
252 	 0.021473 	 0.020562 
253 	 0.015683 	 0.015011 
254 	 0.023157 	 0.022324 
255 	 0.007842 	 0.007416 
256 	 0.030314 	 0.030551 
257 	 0.020262 	 0.020386 
258 	 0.067733 	 0.067506 
259 	 0.168360 	 0.168275 
260 	 0.060944 	 0.060143 
261 	 0.083206 	 0.082366 
262 	 0.010105 	 0.010116 
263 	 0.088206 	 0.088908 
264 	 0.008157 	 0.008284 
265 	 0.131888 	 0.132121 
266 	 0.015210 	 0.015286 
267 	 0.195674 	 0.197062 
268 	 0.000053 	 0.000052 
269 	 0.093785 	 0.094841 
270 	 0.000421 	 0.000489 
271 	 0.003526 	 0.003594 
272 	 0.002421 	 0.002369 
273 	 0.025314 	 0.024783 
274 	 0.059997 	 0.059372 
275 	 0.272565 	 0.268839 
276 	 0.191095 	 0.189861 
277 	 0.000421 	 0.000396 
278 	 0.011736 	 0.011540 
279 	 0.201516 	 0.200978 
280 	 0.115099 	 0.115720 
281 	 0.002053 	 0.002119 
282 	 0.088153 	 0.089908 
283 	 0.256565 	 0.261268 
284 	 0.085943 	 0.088643 
285 	 0.348718 	 0.356012 
286 	 0.341614 	 0.350976 
287 	 0.033367 	 0.034881 
288 	 0.047419 	 0.049269 
289 	 0.000579 	 0.000598 
290 	 0.021736 	 0.022922 
291 	 0.038787 	 0.041224 
292 	 0.081048 	 0.085131 
293 	 0.096837 	 0.102396 
294 	 0.018894 	 0.019729 
295 	 0.147729 	 0.152105 
296 	 0.029577 	 0.030694 
297 	 0.237566 	 0.240871 
298 	 0.138151 	 0.138399 
299 	 0.015473 	 0.015500 
300 	 0.107994 	 0.108671 
301 	 0.215620 	 0.215239 
302 	 0.267354 	 0.267253 
303 	 0.379348 	 0.379796 
