#Resi 	 LCD_contacts 	 LCD_contacts_rew 
133 	 0.023315 	 0.021409 
134 	 0.020525 	 0.024489 
135 	 0.000579 	 0.000659 
136 	 0.156623 	 0.154212 
137 	 0.002474 	 0.002594 
138 	 0.013789 	 0.013956 
139 	 0.010842 	 0.011061 
140 	 0.004473 	 0.004401 
141 	 0.003316 	 0.003043 
142 	 0.123046 	 0.115415 
143 	 0.060892 	 0.061357 
144 	 0.000316 	 0.000331 
145 	 0.028156 	 0.026032 
146 	 0.025157 	 0.022463 
147 	 0.071259 	 0.069630 
148 	 0.027525 	 0.028332 
149 	 0.000000 	 0.000000 
150 	 0.065470 	 0.071294 
151 	 0.087995 	 0.091848 
152 	 0.066575 	 0.064803 
153 	 0.006842 	 0.007531 
154 	 0.071680 	 0.076511 
155 	 0.229988 	 0.225032 
156 	 0.109836 	 0.106777 
157 	 0.025209 	 0.025340 
158 	 0.058260 	 0.057642 
159 	 0.015525 	 0.015892 
160 	 0.044629 	 0.043608 
161 	 0.039156 	 0.037093 
162 	 0.007894 	 0.007161 
163 	 0.020630 	 0.019832 
164 	 0.003631 	 0.003157 
165 	 0.040840 	 0.040245 
166 	 0.016683 	 0.014741 
167 	 0.078101 	 0.065830 
168 	 0.073417 	 0.066349 
169 	 0.077627 	 0.067115 
170 	 0.078943 	 0.068848 
171 	 0.056786 	 0.051198 
172 	 0.134414 	 0.121771 
173 	 0.011105 	 0.009726 
174 	 0.110468 	 0.100807 
175 	 0.019841 	 0.020475 
176 	 0.180622 	 0.176028 
177 	 0.004737 	 0.004999 
178 	 0.085627 	 0.088729 
179 	 0.000000 	 0.000000 
180 	 0.001579 	 0.001510 
181 	 0.000000 	 0.000000 
182 	 0.007526 	 0.007090 
183 	 0.040051 	 0.036729 
184 	 0.066312 	 0.058886 
185 	 0.120573 	 0.112295 
186 	 0.028420 	 0.027815 
187 	 0.001000 	 0.000859 
188 	 0.118257 	 0.107119 
189 	 0.028946 	 0.029635 
190 	 0.014894 	 0.015945 
191 	 0.029630 	 0.025855 
192 	 0.200674 	 0.187718 
193 	 0.102574 	 0.095969 
194 	 0.071891 	 0.064396 
195 	 0.134151 	 0.120045 
196 	 0.071575 	 0.067398 
197 	 0.176675 	 0.162800 
198 	 0.004316 	 0.004176 
199 	 0.058365 	 0.057055 
200 	 0.034367 	 0.032530 
201 	 0.079154 	 0.072815 
202 	 0.039577 	 0.035467 
203 	 0.004105 	 0.003787 
204 	 0.041735 	 0.039050 
205 	 0.001053 	 0.000978 
206 	 0.065575 	 0.062765 
207 	 0.042892 	 0.039340 
208 	 0.034577 	 0.036743 
209 	 0.057155 	 0.054020 
210 	 0.097048 	 0.090551 
211 	 0.224620 	 0.201140 
212 	 0.164255 	 0.153059 
213 	 0.151255 	 0.136153 
214 	 0.180254 	 0.168402 
215 	 0.131730 	 0.116402 
216 	 0.242145 	 0.209938 
217 	 0.179991 	 0.159012 
218 	 0.083996 	 0.075233 
219 	 0.086943 	 0.077606 
220 	 0.184674 	 0.168609 
221 	 0.119467 	 0.113074 
222 	 0.093995 	 0.085471 
223 	 0.027999 	 0.025222 
224 	 0.119888 	 0.106762 
225 	 0.081048 	 0.072582 
226 	 0.001579 	 0.001487 
227 	 0.198621 	 0.189252 
228 	 0.003579 	 0.004113 
229 	 0.017420 	 0.019414 
230 	 0.019473 	 0.021953 
231 	 0.000684 	 0.000693 
232 	 0.073154 	 0.074714 
233 	 0.009842 	 0.009535 
234 	 0.014894 	 0.015652 
235 	 0.000000 	 0.000000 
236 	 0.001105 	 0.001137 
237 	 0.002842 	 0.002424 
238 	 0.003631 	 0.004417 
239 	 0.003210 	 0.003190 
240 	 0.000000 	 0.000000 
241 	 0.005789 	 0.005584 
242 	 0.005631 	 0.007478 
243 	 0.000895 	 0.000766 
244 	 0.000684 	 0.000588 
245 	 0.019104 	 0.018672 
246 	 0.028420 	 0.025369 
247 	 0.007000 	 0.006035 
248 	 0.005316 	 0.004652 
249 	 0.018788 	 0.015804 
250 	 0.004894 	 0.004715 
251 	 0.019052 	 0.016852 
252 	 0.012947 	 0.011876 
253 	 0.004210 	 0.003792 
254 	 0.025735 	 0.022609 
255 	 0.005579 	 0.004681 
256 	 0.052260 	 0.046538 
257 	 0.012210 	 0.010109 
258 	 0.058839 	 0.054727 
259 	 0.183780 	 0.163495 
260 	 0.040629 	 0.035745 
261 	 0.067575 	 0.061238 
262 	 0.005473 	 0.005009 
263 	 0.064997 	 0.065453 
264 	 0.003000 	 0.002978 
265 	 0.156623 	 0.147606 
266 	 0.016894 	 0.017627 
267 	 0.221830 	 0.216064 
268 	 0.000000 	 0.000000 
269 	 0.140151 	 0.128494 
270 	 0.000053 	 0.000045 
271 	 0.005526 	 0.004705 
272 	 0.000526 	 0.000395 
273 	 0.012157 	 0.010893 
274 	 0.018631 	 0.015995 
275 	 0.141045 	 0.125416 
276 	 0.034156 	 0.028938 
277 	 0.000000 	 0.000000 
278 	 0.005052 	 0.004271 
279 	 0.083259 	 0.075401 
280 	 0.024683 	 0.021977 
281 	 0.000053 	 0.000069 
282 	 0.029946 	 0.030295 
283 	 0.119783 	 0.114336 
284 	 0.036840 	 0.035493 
285 	 0.181412 	 0.173874 
286 	 0.219041 	 0.224564 
287 	 0.010631 	 0.010610 
288 	 0.049208 	 0.056695 
289 	 0.000579 	 0.000813 
290 	 0.013789 	 0.015895 
291 	 0.044787 	 0.051533 
292 	 0.087890 	 0.094811 
293 	 0.094311 	 0.098342 
294 	 0.015052 	 0.016744 
295 	 0.107468 	 0.109221 
296 	 0.005105 	 0.005373 
297 	 0.131835 	 0.131667 
298 	 0.071523 	 0.069790 
299 	 0.018736 	 0.017147 
300 	 0.119099 	 0.107154 
301 	 0.155308 	 0.145888 
302 	 0.287722 	 0.257715 
303 	 0.263302 	 0.245689 
