#Resi 	 LCD_contacts 	 LCD_contacts_rew 
133 	 0.022420 	 0.023510 
134 	 0.016052 	 0.016585 
135 	 0.000789 	 0.000878 
136 	 0.079996 	 0.083357 
137 	 0.001105 	 0.001176 
138 	 0.007421 	 0.007805 
139 	 0.007631 	 0.008250 
140 	 0.002053 	 0.002158 
141 	 0.002737 	 0.002834 
142 	 0.067207 	 0.069318 
143 	 0.016578 	 0.017187 
144 	 0.000053 	 0.000054 
145 	 0.006421 	 0.006874 
146 	 0.025051 	 0.026584 
147 	 0.016841 	 0.018282 
148 	 0.002631 	 0.002939 
149 	 0.000000 	 0.000000 
150 	 0.011263 	 0.011799 
151 	 0.011368 	 0.012707 
152 	 0.012157 	 0.013374 
153 	 0.000053 	 0.000058 
154 	 0.012736 	 0.013585 
155 	 0.072628 	 0.078721 
156 	 0.037787 	 0.041363 
157 	 0.005473 	 0.005793 
158 	 0.025262 	 0.026477 
159 	 0.003368 	 0.003587 
160 	 0.027577 	 0.028661 
161 	 0.032156 	 0.034205 
162 	 0.006000 	 0.006224 
163 	 0.016736 	 0.017494 
164 	 0.002789 	 0.002889 
165 	 0.035261 	 0.036285 
166 	 0.005894 	 0.006125 
167 	 0.038735 	 0.039581 
168 	 0.039893 	 0.041411 
169 	 0.047471 	 0.049023 
170 	 0.038945 	 0.040102 
171 	 0.032630 	 0.034189 
172 	 0.063944 	 0.064867 
173 	 0.004210 	 0.004366 
174 	 0.072470 	 0.074440 
175 	 0.013052 	 0.013564 
176 	 0.119204 	 0.123005 
177 	 0.003737 	 0.003881 
178 	 0.065418 	 0.067893 
179 	 0.000000 	 0.000000 
180 	 0.002631 	 0.002768 
181 	 0.000000 	 0.000000 
182 	 0.008526 	 0.008921 
183 	 0.023893 	 0.024829 
184 	 0.031314 	 0.032427 
185 	 0.080469 	 0.086838 
186 	 0.021420 	 0.023447 
187 	 0.000158 	 0.000146 
188 	 0.059892 	 0.064370 
189 	 0.034103 	 0.037604 
190 	 0.002684 	 0.002850 
191 	 0.031630 	 0.032903 
192 	 0.179517 	 0.191525 
193 	 0.054629 	 0.058772 
194 	 0.049945 	 0.053458 
195 	 0.077785 	 0.084609 
196 	 0.003000 	 0.003232 
197 	 0.042682 	 0.045063 
198 	 0.001210 	 0.001254 
199 	 0.015262 	 0.015876 
200 	 0.017473 	 0.017984 
201 	 0.044682 	 0.047369 
202 	 0.025104 	 0.027509 
203 	 0.002684 	 0.003002 
204 	 0.028209 	 0.030840 
205 	 0.000053 	 0.000055 
206 	 0.030209 	 0.032060 
207 	 0.046840 	 0.048554 
208 	 0.032735 	 0.034284 
209 	 0.055366 	 0.058332 
210 	 0.101468 	 0.106254 
211 	 0.201516 	 0.207015 
212 	 0.134835 	 0.138660 
213 	 0.164149 	 0.168586 
214 	 0.164518 	 0.169662 
215 	 0.108521 	 0.110676 
216 	 0.169991 	 0.175238 
217 	 0.161202 	 0.165991 
218 	 0.105468 	 0.110105 
219 	 0.087048 	 0.090332 
220 	 0.196411 	 0.201170 
221 	 0.085364 	 0.088101 
222 	 0.058207 	 0.060454 
223 	 0.015473 	 0.015792 
224 	 0.066154 	 0.070379 
225 	 0.062049 	 0.065259 
226 	 0.001105 	 0.001183 
227 	 0.111257 	 0.114564 
228 	 0.000526 	 0.000525 
229 	 0.005158 	 0.005206 
230 	 0.005579 	 0.005763 
231 	 0.000421 	 0.000429 
232 	 0.031577 	 0.032758 
233 	 0.004421 	 0.004497 
234 	 0.013736 	 0.014166 
235 	 0.000000 	 0.000000 
236 	 0.003210 	 0.003340 
237 	 0.002158 	 0.002225 
238 	 0.010105 	 0.010475 
239 	 0.003895 	 0.004076 
240 	 0.000000 	 0.000000 
241 	 0.007421 	 0.007818 
242 	 0.003000 	 0.003117 
243 	 0.000263 	 0.000275 
244 	 0.000000 	 0.000000 
245 	 0.009631 	 0.010253 
246 	 0.022841 	 0.024485 
247 	 0.007105 	 0.007789 
248 	 0.002000 	 0.002138 
249 	 0.024472 	 0.025894 
250 	 0.001842 	 0.001919 
251 	 0.021630 	 0.022596 
252 	 0.013210 	 0.014197 
253 	 0.000947 	 0.000993 
254 	 0.018420 	 0.019104 
255 	 0.001421 	 0.001420 
256 	 0.020999 	 0.021556 
257 	 0.004421 	 0.004583 
258 	 0.020683 	 0.020948 
259 	 0.079575 	 0.081130 
260 	 0.017315 	 0.017399 
261 	 0.021315 	 0.021507 
262 	 0.001895 	 0.001917 
263 	 0.018367 	 0.018692 
264 	 0.000789 	 0.000786 
265 	 0.048945 	 0.050201 
266 	 0.006263 	 0.006321 
267 	 0.096258 	 0.098865 
268 	 0.000000 	 0.000000 
269 	 0.077996 	 0.081011 
270 	 0.000105 	 0.000110 
271 	 0.008263 	 0.008633 
272 	 0.000053 	 0.000054 
273 	 0.014683 	 0.014724 
274 	 0.017104 	 0.017641 
275 	 0.132414 	 0.136202 
276 	 0.040787 	 0.041873 
277 	 0.000000 	 0.000000 
278 	 0.001210 	 0.001249 
279 	 0.056102 	 0.057995 
280 	 0.034735 	 0.035735 
281 	 0.000053 	 0.000052 
282 	 0.020104 	 0.021229 
283 	 0.083996 	 0.086734 
284 	 0.028946 	 0.030323 
285 	 0.131256 	 0.133411 
286 	 0.149203 	 0.152909 
287 	 0.004368 	 0.004469 
288 	 0.013999 	 0.014671 
289 	 0.000053 	 0.000057 
290 	 0.004789 	 0.004915 
291 	 0.016315 	 0.016880 
292 	 0.038682 	 0.040266 
293 	 0.033209 	 0.033888 
294 	 0.004894 	 0.004959 
295 	 0.049050 	 0.049470 
296 	 0.002631 	 0.002709 
297 	 0.064681 	 0.065649 
298 	 0.053839 	 0.056609 
299 	 0.012315 	 0.012928 
300 	 0.084890 	 0.088934 
301 	 0.060839 	 0.064433 
302 	 0.178727 	 0.181707 
303 	 0.145887 	 0.145813 
