#Resi 	 RRMs_contacts 	 RRMs_contacts_rew 
314 	 0.055313 	 0.057775 
315 	 0.175096 	 0.172506 
316 	 0.239777 	 0.242900 
317 	 0.096258 	 0.094623 
318 	 0.257671 	 0.250101 
319 	 0.098521 	 0.093736 
320 	 0.138677 	 0.130906 
321 	 0.414399 	 0.412649 
322 	 0.058207 	 0.054877 
323 	 0.062155 	 0.057568 
324 	 0.074943 	 0.070240 
325 	 0.329141 	 0.318025 
326 	 0.080522 	 0.074815 
327 	 0.066523 	 0.061136 
328 	 0.065575 	 0.060247 
329 	 0.310720 	 0.305432 
330 	 0.053260 	 0.049842 
331 	 0.055155 	 0.051552 
332 	 0.088048 	 0.084674 
333 	 0.091943 	 0.086016 
334 	 0.053050 	 0.049951 
335 	 0.209936 	 0.197138 
336 	 0.048524 	 0.043186 
337 	 0.184148 	 0.179540 
338 	 0.053629 	 0.056519 
339 	 0.033682 	 0.032784 
340 	 0.062365 	 0.064063 
341 	 0.263933 	 0.259543 
342 	 0.084996 	 0.086179 
343 	 0.031209 	 0.032738 
344 	 0.150097 	 0.149989 
345 	 0.025841 	 0.025769 
346 	 0.026578 	 0.026137 
347 	 0.209726 	 0.201044 
348 	 0.040261 	 0.040107 
349 	 0.038577 	 0.038857 
350 	 0.070628 	 0.069230 
351 	 0.158202 	 0.162176 
352 	 0.041261 	 0.038704 
353 	 0.040577 	 0.037995 
354 	 0.035998 	 0.033205 
355 	 0.026788 	 0.024855 
356 	 0.129783 	 0.119404 
357 	 0.031419 	 0.028318 
358 	 0.049471 	 0.045921 
359 	 0.133940 	 0.128397 
360 	 0.082943 	 0.080324 
361 	 0.128151 	 0.122605 
362 	 0.065575 	 0.064587 
363 	 0.139835 	 0.133700 
364 	 0.066049 	 0.063904 
365 	 0.067681 	 0.062307 
366 	 0.152834 	 0.140292 
367 	 0.052734 	 0.047812 
368 	 0.077627 	 0.071015 
369 	 0.116468 	 0.105374 
370 	 0.028577 	 0.025352 
371 	 0.062576 	 0.056964 
372 	 0.059681 	 0.054134 
373 	 0.163518 	 0.140896 
374 	 0.017210 	 0.015030 
375 	 0.030472 	 0.026750 
376 	 0.030840 	 0.027647 
377 	 0.023315 	 0.022453 
378 	 0.050734 	 0.047306 
379 	 0.092837 	 0.081163 
380 	 0.021578 	 0.017950 
381 	 0.036419 	 0.031513 
382 	 0.041629 	 0.038576 
383 	 0.036735 	 0.032346 
384 	 0.074628 	 0.070082 
385 	 0.039472 	 0.035644 
386 	 0.149097 	 0.140288 
387 	 0.050734 	 0.047712 
388 	 0.085364 	 0.083203 
389 	 0.112099 	 0.107033 
390 	 0.049366 	 0.045203 
391 	 0.032051 	 0.029785 
392 	 0.023472 	 0.020626 
393 	 0.044577 	 0.039495 
394 	 0.059260 	 0.052675 
395 	 0.030998 	 0.027399 
396 	 0.020946 	 0.018487 
397 	 0.071575 	 0.061891 
398 	 0.032788 	 0.028732 
399 	 0.057681 	 0.051323 
400 	 0.017999 	 0.015504 
401 	 0.050103 	 0.042181 
402 	 0.090416 	 0.076360 
403 	 0.013105 	 0.010950 
404 	 0.015104 	 0.013040 
405 	 0.016157 	 0.014044 
406 	 0.012894 	 0.011123 
407 	 0.018683 	 0.016611 
408 	 0.055997 	 0.052163 
409 	 0.069575 	 0.066974 
410 	 0.011157 	 0.009982 
411 	 0.038156 	 0.034057 
412 	 0.032472 	 0.027857 
413 	 0.064418 	 0.060918 
414 	 0.026420 	 0.023993 
415 	 0.037945 	 0.036550 
416 	 0.023209 	 0.020721 
417 	 0.031051 	 0.031301 
418 	 0.106047 	 0.092499 
419 	 0.013473 	 0.011705 
420 	 0.014789 	 0.014718 
421 	 0.071680 	 0.076823 
422 	 0.040524 	 0.040943 
423 	 0.046998 	 0.044436 
424 	 0.046682 	 0.042495 
425 	 0.054944 	 0.051312 
426 	 0.051629 	 0.046327 
427 	 0.138993 	 0.119964 
428 	 0.035577 	 0.034816 
429 	 0.121994 	 0.118744 
430 	 0.020841 	 0.020238 
431 	 0.110836 	 0.106200 
432 	 0.157150 	 0.147773 
433 	 0.149255 	 0.130963 
