#Resi 	 RRMs_contacts 	 RRMs_contacts_rew 
314 	 0.039261 	 0.039865 
315 	 0.143414 	 0.150610 
316 	 0.160255 	 0.165210 
317 	 0.061102 	 0.062001 
318 	 0.166939 	 0.169655 
319 	 0.055050 	 0.055597 
320 	 0.071944 	 0.073091 
321 	 0.264828 	 0.270650 
322 	 0.028420 	 0.029028 
323 	 0.030051 	 0.031200 
324 	 0.022420 	 0.023687 
325 	 0.097258 	 0.102095 
326 	 0.019420 	 0.020646 
327 	 0.022157 	 0.023120 
328 	 0.027735 	 0.028767 
329 	 0.215725 	 0.224161 
330 	 0.025893 	 0.026325 
331 	 0.018052 	 0.018206 
332 	 0.030472 	 0.031517 
333 	 0.030262 	 0.031236 
334 	 0.036788 	 0.037969 
335 	 0.107100 	 0.110604 
336 	 0.025262 	 0.025959 
337 	 0.126204 	 0.130716 
338 	 0.043998 	 0.045563 
339 	 0.032209 	 0.032859 
340 	 0.053208 	 0.053945 
341 	 0.148571 	 0.152192 
342 	 0.033893 	 0.034324 
343 	 0.014262 	 0.014677 
344 	 0.085574 	 0.089384 
345 	 0.034051 	 0.035862 
346 	 0.023525 	 0.024692 
347 	 0.128572 	 0.133177 
348 	 0.025683 	 0.027237 
349 	 0.021420 	 0.022606 
350 	 0.079312 	 0.083814 
351 	 0.112047 	 0.115827 
352 	 0.032051 	 0.033202 
353 	 0.029472 	 0.030514 
354 	 0.024157 	 0.025117 
355 	 0.013736 	 0.014150 
356 	 0.079417 	 0.082190 
357 	 0.012473 	 0.013119 
358 	 0.032314 	 0.033669 
359 	 0.099942 	 0.103904 
360 	 0.080364 	 0.084806 
361 	 0.102784 	 0.106646 
362 	 0.067470 	 0.071408 
363 	 0.099626 	 0.104852 
364 	 0.042156 	 0.044370 
365 	 0.070312 	 0.074193 
366 	 0.125046 	 0.132622 
367 	 0.059260 	 0.061938 
368 	 0.053892 	 0.057050 
369 	 0.111731 	 0.114974 
370 	 0.042629 	 0.043668 
371 	 0.059786 	 0.062746 
372 	 0.050261 	 0.053533 
373 	 0.092153 	 0.100381 
374 	 0.012631 	 0.013250 
375 	 0.014526 	 0.015306 
376 	 0.018157 	 0.019227 
377 	 0.018578 	 0.019619 
378 	 0.034103 	 0.036377 
379 	 0.061523 	 0.064260 
380 	 0.038787 	 0.041938 
381 	 0.030367 	 0.031440 
382 	 0.028314 	 0.029514 
383 	 0.033261 	 0.036175 
384 	 0.050103 	 0.052042 
385 	 0.030683 	 0.032073 
386 	 0.077470 	 0.078888 
387 	 0.017473 	 0.017911 
388 	 0.028367 	 0.028833 
389 	 0.030051 	 0.031190 
390 	 0.029525 	 0.032185 
391 	 0.009842 	 0.010304 
392 	 0.005052 	 0.005488 
393 	 0.017262 	 0.018698 
394 	 0.035945 	 0.038975 
395 	 0.005052 	 0.005442 
396 	 0.005842 	 0.006011 
397 	 0.047787 	 0.048774 
398 	 0.013578 	 0.014012 
399 	 0.025209 	 0.025987 
400 	 0.010421 	 0.010583 
401 	 0.023630 	 0.024289 
402 	 0.071417 	 0.073253 
403 	 0.008157 	 0.008574 
404 	 0.006947 	 0.007249 
405 	 0.005737 	 0.006070 
406 	 0.004105 	 0.004327 
407 	 0.013157 	 0.013806 
408 	 0.021104 	 0.021450 
409 	 0.016157 	 0.016367 
410 	 0.002631 	 0.002776 
411 	 0.016420 	 0.017230 
412 	 0.032209 	 0.034725 
413 	 0.027525 	 0.028891 
414 	 0.018841 	 0.020362 
415 	 0.016315 	 0.016927 
416 	 0.009000 	 0.009345 
417 	 0.006315 	 0.006432 
418 	 0.062523 	 0.066654 
419 	 0.010315 	 0.010911 
420 	 0.014526 	 0.015446 
421 	 0.018894 	 0.019723 
422 	 0.016999 	 0.017523 
423 	 0.013841 	 0.014573 
424 	 0.027841 	 0.028731 
425 	 0.009947 	 0.010183 
426 	 0.017631 	 0.018238 
427 	 0.055418 	 0.056727 
428 	 0.005737 	 0.005843 
429 	 0.016525 	 0.017093 
430 	 0.015736 	 0.015616 
431 	 0.035419 	 0.036299 
432 	 0.037103 	 0.037977 
433 	 0.084101 	 0.084840 
