#Resi 	 RRMs_contacts 	 RRMs_contacts_rew 
314 	 0.000421 	 0.000327 
315 	 0.005842 	 0.004968 
316 	 0.009684 	 0.011305 
317 	 0.006789 	 0.008940 
318 	 0.024472 	 0.043247 
319 	 0.009105 	 0.015168 
320 	 0.014947 	 0.009521 
321 	 0.051471 	 0.050346 
322 	 0.004526 	 0.004370 
323 	 0.004473 	 0.003642 
324 	 0.005631 	 0.005544 
325 	 0.007526 	 0.007463 
326 	 0.002737 	 0.003189 
327 	 0.002210 	 0.002302 
328 	 0.001000 	 0.001184 
329 	 0.008210 	 0.011204 
330 	 0.000579 	 0.000675 
331 	 0.000842 	 0.001370 
332 	 0.003316 	 0.005639 
333 	 0.004894 	 0.007440 
334 	 0.007526 	 0.006297 
335 	 0.010789 	 0.014538 
336 	 0.000632 	 0.000478 
337 	 0.002263 	 0.002632 
338 	 0.001684 	 0.001532 
339 	 0.003684 	 0.003324 
340 	 0.007789 	 0.006669 
341 	 0.015368 	 0.015993 
342 	 0.000316 	 0.000243 
343 	 0.000105 	 0.000036 
344 	 0.002368 	 0.006601 
345 	 0.000579 	 0.001153 
346 	 0.001368 	 0.002883 
347 	 0.012315 	 0.018399 
348 	 0.000421 	 0.000653 
349 	 0.000263 	 0.000347 
350 	 0.000105 	 0.000167 
351 	 0.000947 	 0.001960 
352 	 0.000211 	 0.000366 
353 	 0.000579 	 0.000929 
354 	 0.000474 	 0.001477 
355 	 0.001053 	 0.001936 
356 	 0.004105 	 0.007853 
357 	 0.000368 	 0.000334 
358 	 0.000579 	 0.000502 
359 	 0.001474 	 0.001892 
360 	 0.000000 	 0.000000 
361 	 0.000000 	 0.000000 
362 	 0.000000 	 0.000000 
363 	 0.001474 	 0.002707 
364 	 0.000000 	 0.000000 
365 	 0.000000 	 0.000000 
366 	 0.000000 	 0.000000 
367 	 0.000000 	 0.000000 
368 	 0.000000 	 0.000000 
369 	 0.000053 	 0.000039 
370 	 0.000000 	 0.000000 
371 	 0.000000 	 0.000000 
372 	 0.000105 	 0.000420 
373 	 0.000105 	 0.000148 
374 	 0.000000 	 0.000000 
375 	 0.000053 	 0.000125 
376 	 0.000000 	 0.000000 
377 	 0.000000 	 0.000000 
378 	 0.000158 	 0.000443 
379 	 0.000947 	 0.001125 
380 	 0.000316 	 0.000845 
381 	 0.000579 	 0.001345 
382 	 0.001053 	 0.002191 
383 	 0.000000 	 0.000000 
384 	 0.000000 	 0.000000 
385 	 0.000053 	 0.000098 
386 	 0.000789 	 0.001252 
387 	 0.000000 	 0.000000 
388 	 0.000000 	 0.000000 
389 	 0.000158 	 0.000341 
390 	 0.000421 	 0.000809 
391 	 0.000895 	 0.002926 
392 	 0.000158 	 0.000842 
393 	 0.000684 	 0.004470 
394 	 0.000895 	 0.006197 
395 	 0.000000 	 0.000000 
396 	 0.000211 	 0.000436 
397 	 0.000789 	 0.005501 
398 	 0.000053 	 0.000142 
399 	 0.000579 	 0.002290 
400 	 0.000211 	 0.001021 
401 	 0.001421 	 0.005024 
402 	 0.002263 	 0.004534 
403 	 0.000000 	 0.000000 
404 	 0.000000 	 0.000000 
405 	 0.000158 	 0.000500 
406 	 0.000053 	 0.000162 
407 	 0.000632 	 0.003322 
408 	 0.006631 	 0.032203 
409 	 0.008421 	 0.045358 
410 	 0.007684 	 0.067073 
411 	 0.003737 	 0.023449 
412 	 0.002000 	 0.004439 
413 	 0.002737 	 0.006456 
414 	 0.002000 	 0.003373 
415 	 0.003000 	 0.005279 
416 	 0.000789 	 0.001713 
417 	 0.001421 	 0.003070 
418 	 0.017841 	 0.078701 
419 	 0.001947 	 0.010781 
420 	 0.000632 	 0.003063 
421 	 0.003789 	 0.016855 
422 	 0.000421 	 0.001902 
423 	 0.001263 	 0.003036 
424 	 0.001263 	 0.002144 
425 	 0.000421 	 0.000677 
426 	 0.000474 	 0.000784 
427 	 0.003421 	 0.006650 
428 	 0.000158 	 0.000228 
429 	 0.000474 	 0.000650 
430 	 0.000526 	 0.000652 
431 	 0.001421 	 0.002352 
432 	 0.001474 	 0.008011 
433 	 0.006736 	 0.026517 
