#Resi 	 RRMs_contacts 	 RRMs_contacts_rew 
314 	 0.013789 	 0.014191 
315 	 0.045261 	 0.046436 
316 	 0.081996 	 0.087512 
317 	 0.047787 	 0.049785 
318 	 0.136045 	 0.143377 
319 	 0.055471 	 0.057904 
320 	 0.062681 	 0.066346 
321 	 0.150887 	 0.152849 
322 	 0.028472 	 0.028877 
323 	 0.025735 	 0.025806 
324 	 0.022683 	 0.022989 
325 	 0.078627 	 0.078523 
326 	 0.038945 	 0.039180 
327 	 0.027841 	 0.028492 
328 	 0.022946 	 0.024395 
329 	 0.112047 	 0.120318 
330 	 0.013683 	 0.014359 
331 	 0.022946 	 0.025036 
332 	 0.034524 	 0.037185 
333 	 0.064839 	 0.070162 
334 	 0.015525 	 0.016373 
335 	 0.087627 	 0.092024 
336 	 0.011315 	 0.012387 
337 	 0.044945 	 0.047664 
338 	 0.012420 	 0.013032 
339 	 0.015210 	 0.015516 
340 	 0.028472 	 0.030220 
341 	 0.063681 	 0.067846 
342 	 0.015631 	 0.018080 
343 	 0.007947 	 0.008460 
344 	 0.026209 	 0.029431 
345 	 0.009684 	 0.010538 
346 	 0.013789 	 0.015600 
347 	 0.098890 	 0.119017 
348 	 0.013473 	 0.014993 
349 	 0.016736 	 0.017144 
350 	 0.030051 	 0.030973 
351 	 0.132730 	 0.132540 
352 	 0.022630 	 0.022124 
353 	 0.011315 	 0.011377 
354 	 0.011263 	 0.011936 
355 	 0.006631 	 0.007490 
356 	 0.056050 	 0.058525 
357 	 0.008157 	 0.008809 
358 	 0.010789 	 0.011717 
359 	 0.028998 	 0.032475 
360 	 0.021683 	 0.024299 
361 	 0.032261 	 0.036579 
362 	 0.019210 	 0.021387 
363 	 0.052366 	 0.057393 
364 	 0.016368 	 0.018021 
365 	 0.006263 	 0.006564 
366 	 0.029525 	 0.030979 
367 	 0.005368 	 0.005583 
368 	 0.010315 	 0.010957 
369 	 0.014999 	 0.016736 
370 	 0.007315 	 0.008570 
371 	 0.015104 	 0.016895 
372 	 0.009789 	 0.010521 
373 	 0.027104 	 0.028110 
374 	 0.005894 	 0.006263 
375 	 0.010368 	 0.011004 
376 	 0.011210 	 0.012513 
377 	 0.011420 	 0.012226 
378 	 0.020630 	 0.022885 
379 	 0.027209 	 0.029265 
380 	 0.019315 	 0.023069 
381 	 0.019999 	 0.022538 
382 	 0.011473 	 0.011751 
383 	 0.006315 	 0.006746 
384 	 0.011894 	 0.012289 
385 	 0.012894 	 0.013880 
386 	 0.061734 	 0.065849 
387 	 0.009526 	 0.009767 
388 	 0.041472 	 0.044525 
389 	 0.055787 	 0.057980 
390 	 0.026157 	 0.028480 
391 	 0.004105 	 0.004179 
392 	 0.003789 	 0.003976 
393 	 0.014631 	 0.015409 
394 	 0.056260 	 0.056815 
395 	 0.010210 	 0.010417 
396 	 0.011157 	 0.011097 
397 	 0.034577 	 0.033732 
398 	 0.010736 	 0.011614 
399 	 0.015578 	 0.015722 
400 	 0.004052 	 0.004079 
401 	 0.009894 	 0.010181 
402 	 0.035051 	 0.036042 
403 	 0.008684 	 0.009146 
404 	 0.009421 	 0.010011 
405 	 0.008315 	 0.008714 
406 	 0.010105 	 0.010796 
407 	 0.014157 	 0.015077 
408 	 0.030683 	 0.032084 
409 	 0.022630 	 0.023297 
410 	 0.003052 	 0.003328 
411 	 0.021367 	 0.022910 
412 	 0.024893 	 0.027126 
413 	 0.025157 	 0.028060 
414 	 0.011210 	 0.011569 
415 	 0.009947 	 0.010574 
416 	 0.003526 	 0.003544 
417 	 0.004000 	 0.004002 
418 	 0.038261 	 0.038348 
419 	 0.003474 	 0.003458 
420 	 0.005579 	 0.005779 
421 	 0.018946 	 0.019126 
422 	 0.015789 	 0.017586 
423 	 0.021367 	 0.022842 
424 	 0.042103 	 0.047070 
425 	 0.022051 	 0.024344 
426 	 0.033525 	 0.036907 
427 	 0.073259 	 0.081289 
428 	 0.006158 	 0.006652 
429 	 0.018788 	 0.020457 
430 	 0.009473 	 0.010404 
431 	 0.026157 	 0.027076 
432 	 0.019473 	 0.019516 
433 	 0.042735 	 0.045056 
