#Resi 	 RRMs_contacts 	 RRMs_contacts_rew 
314 	 0.108678 	 0.109480 
315 	 0.224567 	 0.224200 
316 	 0.299037 	 0.298591 
317 	 0.136098 	 0.136797 
318 	 0.279512 	 0.280606 
319 	 0.082364 	 0.083987 
320 	 0.102942 	 0.104942 
321 	 0.360613 	 0.365974 
322 	 0.054576 	 0.055294 
323 	 0.052629 	 0.053345 
324 	 0.053260 	 0.053786 
325 	 0.190253 	 0.191522 
326 	 0.043682 	 0.044234 
327 	 0.048945 	 0.049492 
328 	 0.056786 	 0.056836 
329 	 0.251618 	 0.254992 
330 	 0.046629 	 0.046918 
331 	 0.044471 	 0.045418 
332 	 0.083575 	 0.085893 
333 	 0.092364 	 0.095186 
334 	 0.063312 	 0.064807 
335 	 0.218620 	 0.225236 
336 	 0.038419 	 0.038723 
337 	 0.227462 	 0.231173 
338 	 0.053681 	 0.053786 
339 	 0.048103 	 0.048862 
340 	 0.100995 	 0.101891 
341 	 0.206252 	 0.205354 
342 	 0.086101 	 0.085863 
343 	 0.049682 	 0.049637 
344 	 0.137624 	 0.137159 
345 	 0.036788 	 0.037182 
346 	 0.037366 	 0.037629 
347 	 0.223883 	 0.226038 
348 	 0.050787 	 0.050478 
349 	 0.061260 	 0.060228 
350 	 0.086259 	 0.086152 
351 	 0.171938 	 0.170950 
352 	 0.032946 	 0.033244 
353 	 0.035156 	 0.035378 
354 	 0.032261 	 0.032521 
355 	 0.026788 	 0.026727 
356 	 0.114310 	 0.114670 
357 	 0.018631 	 0.019189 
358 	 0.034103 	 0.034765 
359 	 0.071786 	 0.073456 
360 	 0.039472 	 0.040804 
361 	 0.065575 	 0.067526 
362 	 0.041787 	 0.043594 
363 	 0.090574 	 0.091836 
364 	 0.040682 	 0.042532 
365 	 0.039524 	 0.040932 
366 	 0.101258 	 0.101505 
367 	 0.027051 	 0.026381 
368 	 0.046682 	 0.045637 
369 	 0.062102 	 0.060747 
370 	 0.023472 	 0.022664 
371 	 0.061365 	 0.060073 
372 	 0.057365 	 0.056770 
373 	 0.128783 	 0.127867 
374 	 0.035735 	 0.035813 
375 	 0.035682 	 0.035970 
376 	 0.033630 	 0.033360 
377 	 0.031051 	 0.030425 
378 	 0.051313 	 0.049910 
379 	 0.078364 	 0.076674 
380 	 0.044892 	 0.044680 
381 	 0.047103 	 0.047210 
382 	 0.052471 	 0.052246 
383 	 0.054260 	 0.054833 
384 	 0.088469 	 0.089323 
385 	 0.058892 	 0.059261 
386 	 0.153781 	 0.153379 
387 	 0.071259 	 0.071501 
388 	 0.070838 	 0.069846 
389 	 0.109100 	 0.106859 
390 	 0.087522 	 0.087257 
391 	 0.032525 	 0.032101 
392 	 0.038472 	 0.038475 
393 	 0.052103 	 0.051987 
394 	 0.122836 	 0.120818 
395 	 0.038945 	 0.038610 
396 	 0.031314 	 0.030994 
397 	 0.117731 	 0.114259 
398 	 0.044998 	 0.043563 
399 	 0.077154 	 0.075898 
400 	 0.029577 	 0.029898 
401 	 0.044208 	 0.044416 
402 	 0.094890 	 0.093104 
403 	 0.019315 	 0.018944 
404 	 0.023157 	 0.022660 
405 	 0.019315 	 0.018964 
406 	 0.016052 	 0.015793 
407 	 0.022315 	 0.021727 
408 	 0.049524 	 0.048212 
409 	 0.044945 	 0.044231 
410 	 0.008000 	 0.007927 
411 	 0.035261 	 0.034449 
412 	 0.035472 	 0.035144 
413 	 0.064260 	 0.062328 
414 	 0.037998 	 0.037246 
415 	 0.035893 	 0.035085 
416 	 0.018104 	 0.017877 
417 	 0.021630 	 0.021128 
418 	 0.148782 	 0.144051 
419 	 0.046261 	 0.045360 
420 	 0.047682 	 0.046756 
421 	 0.084469 	 0.084767 
422 	 0.098363 	 0.097566 
423 	 0.085943 	 0.086157 
424 	 0.095311 	 0.093842 
425 	 0.089416 	 0.087632 
426 	 0.112784 	 0.111990 
427 	 0.202042 	 0.197573 
428 	 0.038209 	 0.037153 
429 	 0.089101 	 0.088370 
430 	 0.057365 	 0.056826 
431 	 0.140045 	 0.136273 
432 	 0.170833 	 0.167574 
433 	 0.146361 	 0.143906 
