# DATA=SAXS PRIOR=GAUSS
0.053521 17.605 61.777
0.056511 28.275 49.516
0.059501 68.977 43.301
0.062491 34.444 32.54
0.065481 29.539 27.003
0.068471 24.394 23.757
0.071462 34.314 22.52
0.074452 40.169 20.405
0.077441 27.691 18.388
0.080432 31.269 17.442
0.083421 36.98 15.728
0.086412 38.388 14.877
0.089402 39.867 13.59
0.092392 42.398 12.862
0.095382 38.326 12.12
0.098372 43.717 11.097
0.10136 41.398 10.732
0.10435 34.447 9.8516
0.10734 37.858 9.4598
0.11033 42.944 8.8929
0.11332 34.7 8.5415
0.11631 40.999 8.0559
0.1193 34.114 7.4937
0.12229 40.66 7.3247
0.12528 41.782 6.9595
0.12827 38.999 6.6498
0.13126 38.372 6.4083
0.13425 40.038 6.0752
0.13724 40.576 5.9277
0.14023 37.364 5.6037
0.14322 35.946 5.4497
0.14621 41.123 5.2625
0.1492 40.686 5.0043
0.15219 36.848 4.9361
0.15518 38.227 4.6448
0.15817 43.412 4.5747
0.16116 35.589 4.4284
0.16415 39.641 4.284
0.16714 39.589 4.2161
0.17013 40.071 4.0006
0.17312 38.639 4.0424
0.17611 37.558 3.8507
0.1791 38.183 3.757
0.18209 39.898 3.7111
0.18508 38.844 3.5531
0.18807 37.002 3.5564
0.19106 37.105 3.4012
0.19405 39.13 3.3439
0.19704 38.451 3.2976
0.20003 37.835 3.2223
0.20302 37.465 3.2004
0.20601 37.302 3.0957
0.209 36.563 3.0455
0.21199 38 2.9788
0.21498 38.466 2.9394
0.21797 36.773 2.8968
0.22096 37.834 2.8126
0.22395 35.481 2.8442
0.22694 35.347 2.7414
0.22993 36.038 2.7208
0.23292 37.938 2.6654
0.23591 37.569 2.6172
0.2389 35.882 2.6257
0.24189 37.085 2.5645
0.24488 34.179 2.5478
0.24787 33.64 2.5259
0.25086 35.535 2.4953
0.25385 34.922 2.5273
0.25684 35.418 2.515
0.25983 34.438 2.6078
0.26282 36.601 2.5901
0.26581 35.047 2.6152
0.2688 35.882 2.6104
0.27179 34.869 2.609
0.27478 34.542 2.6436
0.27777 34.393 2.6139
0.28076 34.972 2.6403
0.28375 32.668 2.6371
0.28674 34.735 2.6116
0.28973 33.634 2.6573
0.29272 32.544 2.6266
0.29571 34.532 2.6752
0.2987 34.594 2.6233
0.30169 32.476 2.6483
0.30468 32.959 2.6499
0.30767 33.103 2.546
0.31066 32.314 2.5482
0.31365 33.217 2.4441
0.31664 30.472 2.4936
0.31963 32.23 2.4194
0.32262 32.611 2.3624
0.32561 33.036 2.4099
0.3286 33.05 2.3445
0.33159 31.988 2.353
0.33458 34.108 2.278
0.33757 31.109 2.3053
0.34056 31.086 2.3008
0.34355 30.671 2.318
0.34654 32.598 2.3681
0.34953 29.743 2.3745
0.35252 30.092 2.4128
0.35551 32.487 2.3751
0.3585 31.241 2.3656
0.36149 30.243 2.3815
0.36448 30.551 2.3732
0.36747 31.36 2.3957
0.37046 29.357 2.3924
0.37345 29.545 2.3779
0.37644 29.894 2.3836
0.37943 30.569 2.3412
0.38242 28.651 2.3713
0.38541 28.565 2.3671
0.3884 29.858 2.3447
0.39139 29.48 2.3766
0.39438 27.923 2.3389
0.39737 28.708 2.3651
0.40036 28.596 2.3433
0.40335 28.643 2.368
0.40634 28.179 2.3867
0.40933 28.653 2.3162
0.41232 30.511 2.3682
0.41531 27.393 2.3513
0.4183 26.755 2.3808
0.42129 28.157 2.3473
0.42428 28.059 2.3693
0.42727 27.077 2.3796
0.43026 27.35 2.3249
0.43325 27.636 2.3439
0.43624 26.97 2.3098
0.43923 27.489 2.3327
0.44222 28.051 2.3243
0.44521 26.202 2.3217
0.4482 26.285 2.333
0.45119 27.199 2.288
0.45418 26.995 2.323
0.45717 26.485 2.2684
0.46016 24.358 2.3085
0.46315 26.294 2.2968
0.46614 25.493 2.2856
0.46913 23.789 2.3031
0.47212 24.751 2.2505
0.47511 25.475 2.2809
0.4781 25.275 2.2688
0.48109 25.853 2.2565
0.48408 24.435 2.2614
0.48707 24.324 2.2442
0.49006 24.469 2.2522
0.49305 24.069 2.2348
0.49604 24.115 2.2534
0.49903 24.956 2.2291
0.50202 24.437 2.2518
0.50501 24.539 2.2295
0.508 23.827 2.2058
0.51099 24.796 2.2276
0.51398 24.568 2.2123
0.51697 22.382 2.2225
0.51996 21.669 2.2379
0.52295 24.882 2.1627
0.52594 22.867 2.2101
0.52893 22.28 2.1963
0.53192 22.354 2.1872
0.53491 21.493 2.2112
0.5379 22.878 2.166
0.54089 23.247 2.1902
0.54388 21.854 2.1624
0.54687 22.115 2.1909
0.54986 20.888 2.1663
0.55285 21.216 2.1726
0.55584 21.037 2.1961
0.55883 21.113 2.1348
0.56182 22.129 2.1621
0.56481 20.977 2.1621
0.5678 20.897 2.1485
0.57079 20.007 2.1657
0.57378 19.731 2.1299
0.57677 20.573 2.1453
0.57976 20.236 2.1188
0.58275 20.684 2.1183
0.58574 19.966 2.1296
0.58873 19.909 2.1273
0.59172 19.642 2.1251
0.59471 20.178 2.1081
0.5977 20.46 2.1295
0.60069 20.477 2.0762
0.60368 19.418 2.0981
0.60667 19.741 2.1183
0.60966 19.335 2.0963
0.61265 19.122 2.1013
0.61564 17.859 2.0996
0.61863 19.493 2.0834
0.62162 18.846 2.0847
0.62461 17.538 2.0929
0.6276 18.828 2.0909
0.6306 18.529 2.0581
0.63358 18.217 2.0818
0.63658 18.238 2.067
0.63956 17.61 2.0637
0.64255 17.008 2.0781
0.64555 18.697 2.0351
0.64853 17.801 2.0677
0.65153 16.914 2.0439
0.65451 16.901 2.0442
0.65751 18.838 2.0401
0.66049 17.585 2.0458
0.66349 17.008 2.0514
0.66647 16.058 2.047
0.66947 16.916 2.0353
0.67245 16.238 2.0347
0.67544 15.562 2.0138
0.67844 16.791 2.0353
0.68142 17.252 2.0066
0.68442 15.797 2.0399
0.6874 16.769 2.0047
0.6904 16.981 2.0124
0.69338 15.604 2.0157
0.69638 14.81 2.004
0.69936 15.831 1.9999
0.70236 16.538 1.9845
0.70534 15.882 2.0072
0.70833 15.375 1.9839
0.71133 15.147 1.9949
0.71431 15.158 1.9823
0.71731 15.133 1.9838
0.72029 16.264 1.9861
0.72329 14.665 1.9862
0.72627 14.253 1.979
0.72927 14.273 1.9811
0.73225 14.635 1.9562
0.73525 15.056 1.9754
0.73824 13.406 1.965
0.74122 14.832 1.9694
0.74422 12.921 1.9667
0.7472 13.803 1.9696
0.7502 14.522 1.9521
0.75318 14.776 1.9383
0.75618 13.212 1.9528
0.75916 13.897 1.9622
0.76216 14.44 1.9314
0.76514 13.325 1.9564
0.76814 13.087 1.921
0.77113 12.773 1.9351
0.77411 13.826 1.9348
0.77711 13.124 1.9396
0.78009 12.601 1.9497
0.78309 13.175 1.9108
0.78607 14.452 1.9202
0.78907 13.135 1.8991
0.79205 13.255 1.9376
0.79505 11.923 1.9164
0.79803 12.629 1.9119
0.80102 12.327 1.9132
0.80402 13.341 1.8879
0.807 11.277 1.9216
0.81 11.785 1.913
0.81299 12.484 1.8964
0.81598 12.347 1.9088
0.81897 13.271 1.87
0.82196 11.683 1.9088
0.82495 10.835 1.8834
0.82794 11.144 1.8959
0.83093 12.21 1.8878
0.83392 12.064 1.8712
0.83691 12.023 1.9017
0.8399 11.342 1.8586
0.84289 11.183 1.8813
0.84588 11.593 1.8681
0.84887 11.098 1.8735
0.85186 10.785 1.8779
0.85485 10.122 1.8563
0.85784 10.837 1.8664
0.86083 10.853 1.8585
0.86382 11.025 1.866
0.86681 11.053 1.8657
0.8698 10.713 1.8478
0.87279 10.651 1.863
0.87578 11.023 1.835
0.87877 10.668 1.8517
0.88176 11.524 1.8462
0.88475 10.241 1.8488
0.88774 10.079 1.8555
0.89073 10.342 1.8411
0.89372 9.7253 1.9246
0.89671 9.0926 1.9364
0.8997 10.443 1.977
0.90269 9.9296 1.9998
0.90568 9.767 2.0014
0.90867 11.386 2.0311
0.91166 9.7203 2.0353
0.91465 8.7423 2.0583
0.91764 10.418 2.0691
0.92063 9.2398 2.0751
0.92362 10.92 2.1063
0.92661 10.769 2.0735
0.9296 8.8595 2.1201
0.93259 9.7994 2.1032
0.93558 9.2995 2.1049
0.93857 10.267 2.1285
0.94156 10.194 2.0601
0.94455 9.2009 2.0456
0.94754 8.8972 1.9718
0.95053 8.8968 1.9675
0.95352 9.4034 1.9355
0.95651 8.1887 1.9162
0.9595 8.6905 1.9178
0.96249 7.6193 1.8971
0.96548 7.6671 1.8885
0.96847 9.6962 1.8426
0.97146 8.8259 1.8584
0.97445 8.0029 1.8622
0.97744 9.8719 1.8238
0.98043 8.7191 1.8487
0.98342 7.7187 1.8418
0.98641 8.2189 1.8389
0.9894 8.5412 1.8403
0.99239 9.1448 1.8157
0.99538 8.7182 1.8311
0.99837 8.5844 1.8111
1.0014 8.9175 1.821
1.0043 7.4323 1.8106
1.0073 8.7399 1.7949
1.0103 8.2696 1.8208
1.0133 8.4699 1.7939
1.0163 7.6987 1.8009
1.0193 7.5995 1.7979
1.0223 6.8565 1.7978
1.0253 7.556 1.8052
1.0283 9.0595 1.7647
1.0313 7.3665 1.7935
1.0343 7.3426 1.782
1.0372 7.985 1.7899
1.0402 6.9179 1.7786
1.0432 8.7009 1.7609
1.0462 7.088 1.7896
1.0492 7.4325 1.762
1.0522 8.0093 1.777
1.0552 7.9881 1.7573
1.0582 7.7086 1.7722
1.0612 6.9583 1.767
1.0641 7.818 1.7394
1.0671 7.9414 1.754
1.0701 6.9583 1.7507
1.0731 7.8149 1.7538
1.0761 6.1126 1.7593
1.0791 6.0384 1.7404
1.0821 7.0524 1.7536
1.0851 7.3713 1.7381
1.0881 6.2027 1.7511
1.0911 5.7422 1.7409
1.0941 6.696 1.7323
1.097 6.1396 1.741
1.1 7.3459 1.7237
1.103 7.7622 1.728
1.106 7.2492 1.7195
1.109 6.1403 1.7344
1.112 6.9238 1.7276
1.115 6.6105 1.7137
1.118 6.7987 1.7195
1.121 6.5224 1.7076
1.1239 7.0749 1.7121
1.1269 5.01 1.7257
1.1299 6.1762 1.7119
1.1329 4.7869 1.7179
1.1359 5.5353 1.7056
1.1389 5.5297 1.7106
1.1419 6.7711 1.6997
1.1449 6.7404 1.7063
1.1479 5.984 1.713
1.1509 7.1039 1.6718
1.1539 6.6679 1.6875
1.1568 6.2704 1.6855
1.1598 5.6067 1.7014
1.1628 6.3614 1.6937
1.1658 5.3898 1.6909
1.1688 6.5371 1.6813
1.1718 5.754 1.681
1.1748 5.2044 1.6868
1.1778 5.9111 1.683
1.1808 4.64 1.6815
1.1837 4.7529 1.6906
1.1867 6.785 1.6622
1.1897 5.8263 1.6756
1.1927 4.1331 1.6694
1.1957 5.7821 1.67
1.1987 4.9815 1.6855
1.2017 4.9559 1.6678
1.2047 5.7807 1.668
1.2077 5.3229 1.6475
1.2107 5.6596 1.6654
1.2137 4.7699 1.6458
1.2166 5.5898 1.6649
1.2196 6.1812 1.6535
1.2226 5.8464 1.6947
1.2256 4.5574 1.7431
1.2286 5.7429 1.7471
1.2316 5.369 1.7774
1.2346 5.2029 1.8152
1.2376 4.8013 1.7984
1.2406 5.204 1.8221
1.2435 5.4198 1.7576
1.2465 4.6134 1.7524
1.2495 5.0148 1.736
1.2525 5.3178 1.7073
1.2555 5.7626 1.7019
1.2585 3.8723 1.6971
1.2615 4.0887 1.6896
1.2645 6.1703 1.6628
1.2675 4.1565 1.6817
1.2705 5.3011 1.6613
1.2735 4.7704 1.6678
1.2764 4.281 1.6664
1.2794 4.8012 1.6493
1.2824 4.5674 1.6473
1.2854 5.3116 1.6409
1.2884 4.4251 1.6518
1.2914 4.8649 1.6417
1.2944 4.147 1.6433
1.2974 4.7457 1.6307
1.3004 5.6154 1.6257
1.3034 4.0101 1.6355
1.3063 4.2667 1.6333
1.3093 4.2818 1.6274
1.3123 4.1084 1.632
1.3153 3.7873 1.623
1.3183 5.0218 1.6224
1.3213 4.9415 1.6104
1.3243 4.79 1.6136
1.3273 3.8597 1.6218
1.3303 3.5355 1.6117
1.3332 5.1085 1.6016
1.3362 5.2404 1.6007
1.3392 4.5003 1.6116
1.3422 4.3955 1.609
1.3452 3.374 1.5976
1.3482 3.8063 1.6088
1.3512 4.7429 1.5982
1.3542 4.3873 1.594
1.3572 4.0324 1.6031
1.3602 3.4152 1.5919
1.3631 4.688 1.5966
1.3661 4.0411 1.5933
1.3691 3.8794 1.5941
1.3721 4.1624 1.5892
1.3751 4.277 1.581
1.3781 4.1239 1.5903
1.3811 3.7772 1.5808
1.3841 3.8078 1.5852
1.3871 4.1949 1.5856
1.3901 3.9047 1.5694
1.3931 4.0487 1.5785
1.396 4.027 1.5695
1.399 3.4855 1.5851
1.402 3.4253 1.57
1.405 4.7342 1.575
1.408 3.8336 1.5678
1.411 4.5537 1.5528
1.414 3.5208 1.5797
1.417 4.2034 1.5511
1.42 4.0191 1.5673
1.423 3.5758 1.5612
1.4259 3.2628 1.5603
1.4289 3.7535 1.5617
1.4319 3.7575 1.5475
1.4349 3.0003 1.5646
1.4379 3.8056 1.5524
1.4409 3.3358 1.5582
1.4439 2.893 1.5669
1.4469 4.3319 1.5338
1.4499 4.626 1.5481
1.4528 3.8062 1.5381
1.4558 2.6782 1.5509
1.4588 3.0998 1.552
1.4618 4.739 1.5294
1.4648 4.103 1.5413
1.4678 3.6241 1.5346
1.4708 4.1793 1.5388
1.4738 3.017 1.5436
1.4768 2.966 1.5365
1.4798 3.8971 1.5394
1.4827 3.5378 1.527
1.4857 3.4458 1.5235
1.4887 2.7953 1.5349
1.4917 4.3411 1.5229
1.4947 3.4007 1.5313
1.4977 3.4244 1.5223
1.5007 3.3983 1.5282
1.5037 3.8174 1.5084
1.5067 3.2928 1.5209
1.5097 3.4663 1.5218
1.5127 2.798 1.5213
1.5156 2.7176 1.5272
1.5186 2.4963 1.5077
1.5216 2.3105 1.5133
1.5246 3.0846 1.5148
1.5276 2.6461 1.5682
1.5306 4.0856 1.5871
1.5336 3.7303 1.5901
1.5366 1.8501 1.619
1.5396 3.2303 1.6131
1.5426 2.855 1.6407
1.5455 3.1747 1.6472
1.5485 2.9328 1.6514
1.5515 2.6471 1.6863
1.5545 3.5927 1.6503
1.5575 3.0613 1.6801
1.5605 3.3399 1.67
1.5635 4.3113 1.6676
1.5665 2.2157 1.7023
1.5695 1.7596 1.6902
1.5724 3.1033 1.6952
1.5754 3.5349 1.6544
1.5784 1.8236 1.6381
1.5814 2.0883 1.6084
1.5844 2.4191 1.5845
1.5874 2.9408 1.5692
1.5904 3.1662 1.5643
1.5934 1.8286 1.5554
1.5964 2.7169 1.5378
1.5994 2.2272 1.539
1.6023 2.3958 1.5463
1.6053 2.4979 1.5259
1.6083 2.5614 1.5374
1.6113 2.9705 1.5162
1.6143 1.8855 1.5289
1.6173 2.2978 1.5344
1.6203 1.8071 1.5168
1.6233 2.0848 1.5261
1.6263 3.53 1.5025
1.6293 3.1431 1.5192
1.6323 1.7442 1.5187
1.6352 2.6784 1.499
1.6382 2.0208 1.5154
1.6412 1.561 1.5016
1.6442 2.4189 1.5042
1.6472 3.5215 1.4969
1.6502 2.6624 1.4894
1.6532 2.7929 1.5072
1.6562 2.6761 1.4875
1.6592 2.9211 1.4959
1.6622 2.1739 1.4919
1.6651 2.3613 1.4885
1.6681 1.8559 1.4868
1.6711 2.0733 1.4867
1.6741 2.5168 1.492
1.6771 1.4955 1.4861
1.6801 2.7932 1.4915
1.6831 3.0677 1.4745
1.6861 2.4582 1.4754
1.6891 1.7717 1.4825
1.692 2.2093 1.4781
1.695 2.1521 1.4759
1.698 2.9108 1.4669
1.701 1.5233 1.4741
1.704 1.6682 1.4785
1.707 2.2008 1.4699
1.71 1.6214 1.47
1.713 2.3202 1.4597
1.716 1.8099 1.4702
1.719 2.5593 1.4677
1.7219 2.7255 1.4522
1.7249 1.9529 1.4579
1.7279 1.9366 1.4539
1.7309 2.5802 1.4602
1.7339 2.2406 1.4592
1.7369 2.7517 1.4503
1.7399 2.0119 1.4548
1.7429 2.2566 1.4463
1.7459 3.141 1.4537
1.7489 1.5439 1.4558
1.7519 2.1109 1.4413
1.7548 2.0849 1.4472
1.7578 2.5964 1.4376
1.7608 1.7224 1.4516
1.7638 2.2288 1.4362
1.7668 2.8296 1.4389
1.7698 2.3717 1.4391
1.7728 1.3336 1.4487
1.7758 2.4813 1.4348
1.7788 2.9248 1.4229
1.7818 0.71269 1.4477
1.7847 3.5305 1.4211
1.7877 2.2831 1.4329
1.7907 2.3423 1.4298
1.7937 2.4084 1.425
1.7967 1.4593 1.4315
1.7997 1.9087 1.4266
1.8027 1.977 1.4301
1.8057 2.6521 1.4189
1.8087 1.6143 1.4275
1.8116 2.1244 1.4357
1.8146 1.5938 1.4088
1.8176 2.2584 1.4208
1.8206 2.3174 1.4147
1.8236 2.378 1.4214
1.8266 1.3002 1.4266
1.8296 1.3203 1.4134
1.8326 2.3962 1.4151
1.8356 2.3027 1.405
1.8386 1.8413 1.4114
1.8416 1.3796 1.4181
1.8445 1.3509 1.408
1.8475 2.4933 1.4149
1.8505 1.3718 1.3998
1.8535 2.4871 1.4095
1.8565 1.857 1.408
1.8595 2.0534 1.3937
1.8625 1.4971 1.4137
1.8655 2.6215 1.3917
1.8685 1.5565 1.4105
1.8715 2.0859 1.3959
1.8744 1.6669 1.4032
1.8774 1.684 1.3986
1.8804 1.6989 1.3934
1.8834 2.0537 1.3974
1.8864 2.2254 1.3904
1.8894 2.9188 1.3836
1.8924 0.77565 1.3954
1.8954 2.3704 1.3878
1.8984 1.8911 1.39
1.9013 1.0779 1.3866
1.9043 2.3322 1.3923
1.9073 2.0506 1.3833
1.9103 2.3208 1.3779
1.9133 2.0885 1.3906
1.9163 0.63519 1.3814
1.9193 1.4093 1.3912
1.9223 1.8502 1.3751
1.9253 2.0562 1.3837
1.9283 2.8178 1.3656
1.9312 2.0852 1.3745
1.9342 1.3477 1.3821
1.9372 1.0936 1.3762
1.9402 1.6986 1.384
1.9432 1.9203 1.365
1.9462 0.96373 1.3776
1.9492 2.34 1.3748
1.9522 2.1402 1.3595
1.9552 2.4125 1.3715
1.9582 1.3163 1.3696
1.9612 1.1129 1.3608
1.9641 1.8839 1.3609
1.9671 2.0393 1.3531
1.9701 1.296 1.3718
1.9731 1.2354 1.3544
1.9761 1.9195 1.3588
1.9791 1.5088 1.3556
1.9821 0.94763 1.3581
1.9851 1.2685 1.3604
1.9881 1.6143 1.3497
1.9911 1.3083 1.3602
1.994 0.77488 1.3586
1.997 1.1427 1.3576
2 1.7011 1.3469
2.003 1.2925 1.3578
2.006 1.9147 1.3524
2.009 1.7483 1.345
2.012 1.129 1.3549
2.015 1.379 1.3475
2.018 1.9254 1.3443
2.0209 1.7986 1.3508
2.0239 1.8669 1.3377
2.0269 1.7538 1.3498
2.0299 1.8099 1.3415
2.0329 0.9306 1.343
2.0359 2.2399 1.3403
2.0389 2.3191 1.3297
2.0419 1.1368 1.3514
2.0449 1.6189 1.3362
2.0479 1.1951 1.3495
2.0508 1.2171 1.3322
2.0538 1.1879 1.3331
2.0568 1.1863 1.3387
2.0598 1.3094 1.331
2.0628 1.2785 1.3345
2.0658 0.90816 1.3407
2.0688 1.856 1.3325
2.0718 0.51732 1.339
2.0748 1.3059 1.3198
2.0778 2.0008 1.33
2.0808 0.62122 1.3311
2.0837 1.2725 1.3363
2.0867 0.66189 1.3357
2.0897 1.5826 1.3184
2.0927 1.8996 1.3274
2.0957 1.1506 1.3229
2.0987 0.46257 1.3329
2.1017 1.8162 1.3175
2.1047 1.2137 1.3239
2.1077 1.8607 1.3219
2.1107 1.6001 1.3124
2.1136 1.4619 1.3178
2.1166 1.9942 1.3137
2.1196 1.0794 1.3219
2.1226 0.91549 1.3218
2.1256 1.4243 1.3109
2.1286 1.6764 1.3136
2.1316 1.4675 1.3015
2.1346 1.718 1.3207
2.1376 1.3429 1.3131
2.1405 1.7129 1.3113
2.1435 2.1574 1.3064
2.1465 0.46127 1.3119
2.1495 1.3294 1.3116
2.1525 1.4603 1.3108
2.1555 1.5813 1.3107
2.1585 1.6431 1.3211
2.1615 0.90267 1.352
2.1645 1.4521 1.3592
2.1675 1.4098 1.378
2.1704 1.6782 1.3891
2.1734 1.3325 1.4075
2.1764 1.1987 1.3975
2.1794 1.6228 1.4082
2.1824 1.1681 1.4049
2.1854 1.3874 1.4176
2.1884 1.511 1.4195
2.1914 0.89963 1.4243
2.1944 1.5673 1.4227
2.1974 0.9988 1.4383
2.2004 0.7585 1.4242
2.2033 1.2133 1.4243
2.2063 0.99815 1.4415
2.2093 1.5457 1.4174
2.2123 1.4993 1.3885
2.2153 1.007 1.365
2.2183 1.1493 1.3527
2.2213 1.0329 1.3433
2.2243 1.2113 1.3346
2.2273 1.5467 1.3328
2.2303 1.6732 1.3325
2.2332 1.3969 1.3178
2.2362 0.52639 1.3393
2.2392 0.71981 1.3183
2.2422 1.0276 1.3296
2.2452 1.3149 1.3272
2.2482 1.2084 1.3159
2.2512 0.60072 1.3242
2.2542 1.4361 1.3101
2.2572 1.6023 1.3128
2.2601 0.75208 1.3175
2.2631 1.2991 1.3053
2.2661 0.94914 1.3129
2.2691 1.2851 1.3016
2.2721 1.0115 1.3109
2.2751 -0.063742 1.3171
2.2781 0.9936 1.3036
2.2811 0.99969 1.3077
2.2841 0.8977 1.2972
2.2871 0.41046 1.3096
2.29 1.9944 1.2891
2.293 0.80741 1.2997
2.296 1.1593 1.2952
2.299 1.4093 1.2862
2.302 1.25 1.2912
2.305 0.9592 1.291
2.308 1.4868 1.2921
2.311 0.98739 1.2881
2.314 0.79046 1.2904
2.317 1.3472 1.2841
2.32 0.96056 1.2845
2.3229 1.1892 1.2872
2.3259 0.49645 1.2832
2.3289 1.0889 1.2866
2.3319 0.63364 1.2851
2.3349 1.1209 1.2726
2.3379 0.9079 1.2911
2.3409 1.0342 1.2732
2.3439 0.45672 1.2891
2.3469 1.266 1.2741
2.3498 0.6412 1.2749
2.3528 1.6437 1.2749
2.3558 1.1199 1.27
2.3588 1.8973 1.2696
2.3618 0.381 1.2769
2.3648 0.54919 1.2717
2.3678 0.96091 1.2735
2.3708 1.3802 1.2602
2.3738 0.93296 1.2705
2.3768 1.1077 1.2648
2.3797 1.306 1.2693
2.3827 1.4338 1.269
2.3857 0.81426 1.2556
2.3887 0.17477 1.2717
2.3917 1.5909 1.2494
2.3947 0.24496 1.2699
2.3977 0.88782 1.2608
2.4007 1.6387 1.259
2.4037 1.0321 1.2603
2.4067 0.97154 1.2533
2.4097 0.82011 1.2602
2.4126 0.39283 1.2587
2.4156 1.597 1.2565
2.4186 1.4053 1.2632
2.4216 0.94986 1.2443
2.4246 1.2693 1.2504
2.4276 0.37592 1.256
2.4306 1.3001 1.253
2.4336 0.1554 1.2529
2.4366 1.46 1.2464
2.4396 1.1757 1.2524
2.4425 1.2901 1.2417
2.4455 0.69436 1.2502
2.4485 0.55935 1.2438
2.4515 0.46897 1.2512
2.4545 1.1485 1.2513
2.4575 1.96 1.2305
2.4605 0.82264 1.2416
2.4635 1.2503 1.2381
2.4665 1.2861 1.2419
2.4694 0.5148 1.2447
2.4724 0.9881 1.2387
2.4754 1.0081 1.2424
2.4784 0.25223 1.2346
2.4814 0.10471 1.2472
2.4844 0.81039 1.2289
2.4874 0.3472 1.2378
2.4904 0.85413 1.2356
2.4934 0.92946 1.2249
2.4964 1.6994 1.2259
2.4993 0.71494 1.2253
2.5023 0.94345 1.2337
2.5053 0.90831 1.2288
2.5083 1.221 1.2263
2.5113 1.399 1.2236
2.5143 1.3696 1.2153
2.5173 0.95512 1.2265
2.5203 0.4965 1.2261
2.5233 1.7478 1.2227
2.5263 0.8335 1.2302
2.5293 0.5952 1.223
2.5322 1.1658 1.2247
2.5352 1.1279 1.2182
2.5382 0.69836 1.2234
2.5412 0.47369 1.2282
2.5442 1.278 1.2109
2.5472 1.1447 1.2249
2.5502 0.93135 1.211
2.5532 1.2885 1.2189
2.5562 1.649 1.2137
2.5592 0.73721 1.2169
2.5622 1.363 1.2242
2.5651 1.0292 1.2075
2.5681 0.24046 1.2186
2.5711 0.9491 1.212
2.5741 0.61175 1.2125
2.5771 0.21443 1.2251
2.5801 0.73308 1.209
2.5831 1.0078 1.2121
2.5861 0.36085 1.2084
2.5891 0.15804 1.2106
2.5921 1.0006 1.2134
2.595 1.2454 1.2035
2.598 0.78192 1.2082
2.601 0.67691 1.2085
2.604 0.5288 1.2101
2.607 1.0156 1.1995
2.61 1.3063 1.1999
2.613 0.52241 1.21
2.616 0.73417 1.1995
2.619 0.26435 1.2073
2.622 0.23074 1.2046
2.6249 0.62798 1.1984
2.6279 0.64581 1.2083
2.6309 0.95419 1.1941
2.6339 1.2018 1.2033
2.6369 1.3481 1.1921
2.6399 0.63236 1.1994
2.6429 1.0464 1.1907
2.6459 1.0585 1.197
2.6489 0.37012 1.2002
2.6519 1.3597 1.1924
2.6548 1.5584 1.1944
2.6578 -0.059832 1.1935
2.6608 0.7104 1.1914
2.6638 0.49689 1.1976
2.6668 0.55631 1.1881
2.6698 1.1645 1.1902
2.6728 1.254 1.1881
2.6758 0.10446 1.1917
2.6788 0.54632 1.1917
2.6817 0.38444 1.1875
2.6847 0.78727 1.1936
2.6877 0.54818 1.1818
2.6907 0.72145 1.1929
2.6937 0.66549 1.1919
2.6967 0.17985 1.189
2.6997 0.81517 1.2128
2.7027 -0.070194 1.2228
2.7057 1.6858 1.2392
2.7087 1.081 1.2408
2.7116 1.0785 1.2559
2.7146 1.2142 1.2549
2.7176 1.4155 1.2513
2.7206 0.23674 1.2723
2.7236 0.76893 1.2621
2.7266 0.59689 1.2711
2.7296 0.71763 1.2734
2.7326 0.17265 1.2771
2.7356 1.1175 1.2802
2.7386 0.94826 1.2678
2.7415 0.13004 1.2885
2.7445 0.95054 1.28
2.7475 1.3996 1.2778
2.7505 1.1739 1.2913
2.7535 1.0167 1.273
2.7565 0.69986 1.2933
2.7595 0.21042 1.285
2.7625 0.70217 1.2965
2.7655 0.41585 1.2957
2.7685 0.17942 1.2938
2.7714 -0.33583 1.3093
2.7744 0.52653 1.2923
2.7774 1.1202 1.2945
2.7804 0.70194 1.299
2.7834 0.61215 1.2979
2.7864 0.62902 1.3142
2.7894 1.4316 1.2971
2.7924 1.1472 1.3174
2.7954 0.55815 1.3593
2.7984 1.1442 1.3752
2.8014 0.33426 1.4036
2.8043 0.46643 1.4147
2.8073 -0.068124 1.4378
2.8103 0.82678 1.418
2.8133 0.73623 1.4345
2.8163 0.57277 1.4477
2.8193 1.5689 1.4474
2.8223 0.4335 1.4703
2.8253 1.3376 1.4565
2.8283 0.89377 1.4639
2.8313 0.73006 1.4729
2.8342 1.3092 1.4766
2.8372 0.14483 1.5083
2.8402 0.68 1.4758
2.8432 0.99122 1.5038
2.8462 0.42253 1.4913
2.8492 1.174 1.5029
2.8522 0.6209 1.503
2.8552 0.16186 1.5053
2.8582 0.9661 1.5191
2.8612 -0.15577 1.5139
2.8641 0.64403 1.5291
2.8671 -0.16658 1.5346
2.8701 0.74301 1.5321
2.8731 0.39091 1.5427
2.8761 0.4226 1.5462
2.8791 0.90816 1.5508
2.8821 0.38987 1.5553
2.8851 0.67694 1.5528
2.8881 -0.043119 1.5733
2.8911 -0.082879 1.5689
2.894 1.2312 1.5808
2.897 -0.025909 1.5785
2.9 1.2022 1.588
2.903 0.91837 1.5806
2.906 -0.081822 1.5954
2.909 1.4216 1.5995
2.912 1.0264 1.5857
2.915 0.0082514 1.6259
2.918 1.5238 1.5957
2.9209 0.45593 1.622
2.9239 0.45301 1.6209
2.9269 0.72898 1.6093
2.9299 -0.65586 1.6448
2.9329 0.45951 1.6218
2.9359 1.0846 1.6413
2.9389 -0.4626 1.643
2.9419 0.043725 1.6535
2.9449 1.2821 1.6555
2.9479 1.3239 1.6382
2.9508 -0.00092056 1.6754
2.9538 0.21194 1.6522
2.9568 1.4913 1.6713
2.9598 1.3707 1.6801
2.9628 1.0355 1.6593
2.9658 0.28174 1.6956
2.9688 1.0785 1.679
2.9718 0.76934 1.7015
2.9748 0.9853 1.6986
2.9778 1.92 1.684
2.9807 0.0028276 1.7313
2.9837 0.17784 1.6975
2.9867 0.59367 1.7268
2.9897 0.56726 1.7172
2.9927 0.71617 1.7057
2.9957 0.66031 1.7587
2.9987 0.31771 1.7128
3.0017 1.8036 1.7501
3.0047 0.5114 1.7263
3.0077 0.091055 1.7675
3.0107 1.0965 1.7475
3.0136 0.72525 1.7442
3.0166 1.1186 1.7738
3.0196 0.73744 1.7486
3.0226 1.0066 1.7799
3.0256 -0.56027 1.7672
3.0286 0.5496 1.7757
3.0316 0.36028 1.8008
3.0346 -0.1321 1.7945
3.0376 -0.4463 1.8078
3.0406 0.63866 1.7858
3.0435 0.21087 1.8112
3.0465 0.77429 1.82
3.0495 1.0007 1.8022
3.0525 0.81786 1.7986
3.0555 0.71523 1.8151
3.0585 1.2787 1.8197
3.0615 0.95846 1.8171
3.0645 0.45778 1.8158
3.0675 1.4629 1.8282
3.0705 -0.063345 1.843
3.0734 -0.24215 1.8505
3.0764 0.53826 1.8389
3.0794 0.33452 1.8422
3.0824 0.47656 1.8639
3.0854 0.52691 1.8688
3.0884 1.2171 1.8485
3.0914 0.075965 1.8877
3.0944 0.35878 1.8685
3.0974 0.12618 1.9096
3.1004 0.21485 1.8594
3.1033 -0.065666 1.8894
3.1063 1.1128 1.8839
3.1093 0.8165 1.8831
3.1123 0.53398 1.8988
3.1153 0.14986 1.8872
3.1183 0.25208 1.9012
3.1213 0.51678 1.8813
3.1243 -0.23249 1.9107
3.1273 -0.18536 1.8975
3.1302 1.6097 1.8998
3.1332 -0.033106 1.9142
3.1362 0.32277 1.8958
3.1392 0.4902 1.9265
3.1422 -0.055118 1.9066
3.1452 0.97503 1.9515
3.1482 0.67797 1.9263
3.1512 1.6185 1.9259
3.1542 0.38644 1.9638
3.1572 1.131 1.9352
3.1601 0.12682 1.9682
3.1631 0.99736 1.9418
3.1661 1.2169 1.9621
3.1691 1.1904 1.9917
3.1721 2.1506 1.9358
3.1751 1.5764 1.9846
3.1781 -0.80046 1.9808
3.1811 -0.50352 2.0123
3.1841 0.15712 2.0091
3.1871 0.54937 2.063
3.19 0.099569 2.024
3.193 2.3573 1.9764
3.196 1.3813 2.0297
3.199 0.043867 2.0186
3.202 0.66725 2.0354
3.205 0.27486 2.064
3.208 0.52094 2.0139
3.211 0.82601 2.0672
3.214 0.49626 2.0439
3.217 0.36934 2.0663
3.2199 2.3458 2.0565
3.2229 1.0253 2.0482
3.2259 0.50152 2.1015
3.2289 0.65629 2.052
3.2319 -0.2421 2.1323
3.2349 0.12559 2.0721
3.2379 1.6623 2.0907
3.2409 1.0052 2.1139
3.2439 0.52174 2.074
3.2469 1.4452 2.1362
3.2499 -0.99846 2.1092
3.2528 0.42239 2.1352
3.2558 0.38042 2.1801
3.2588 1.197 2.0799
3.2618 0.82313 2.1904
3.2648 1.1019 2.1184
3.2678 1.213 2.1568
3.2708 -0.72367 2.1953
3.2738 0.91271 2.1368
3.2768 1.1368 2.2137
3.2798 -0.019046 2.1501
3.2827 0.39638 2.2079
3.2857 0.89809 2.1794
3.2887 -0.10265 2.188
3.2917 -0.33377 2.2564
3.2947 0.24169 2.185
3.2977 0.10293 2.2417
3.3007 1.2607 2.2056
3.3037 -0.27506 2.2341
3.3067 0.38396 2.2829
3.3097 -0.63888 2.2316
3.3126 0.38684 2.2924
3.3156 0.29182 2.2454
3.3186 -0.11827 2.2807
3.3216 0.50021 2.2927
3.3246 0.59655 2.2691
3.3276 0.45013 2.3292
3.3306 -0.25037 2.2795
3.3336 1.107 2.3108
3.3366 -0.15857 2.2983
3.3396 0.5808 2.3306
3.3425 0.84328 2.3687
3.3455 0.7328 2.2785
3.3485 0.17742 2.3668
3.3515 0.66788 2.331
3.3545 0.61782 2.3662
3.3575 0.68833 2.3587
3.3605 -0.26007 2.3744
3.3635 0.59085 2.4108
3.3665 0.0054099 2.3575
3.3694 -0.002155 2.4199
3.3724 1.1484 2.3837
3.3754 -0.15935 2.4253
3.3784 1.7516 2.44
3.3814 0.9529 2.3824
3.3844 -0.49189 2.4807
3.3874 -0.49808 2.4197
3.3904 0.71764 2.469
3.3934 -0.85579 2.4819
3.3964 1.0348 2.451
3.3993 -0.37892 2.5428
3.4023 -0.22789 2.4432
3.4053 2.6068 2.5086
3.4083 2.0242 2.4782
3.4113 -0.42663 2.5303
3.4143 0.83633 2.5638
3.4173 0.30354 2.4815
3.4203 -0.41907 2.599
3.4233 0.41813 2.5127
3.4263 0.073836 2.5807
3.4292 0.75053 2.6074
3.4322 0.56709 2.5294
3.4352 0.81663 2.6508
3.4382 -0.76198 2.5675
3.4412 -0.15906 2.6305
3.4442 0.98119 2.6381
3.4472 0.40884 2.6215
3.4502 0.17383 2.6858
3.4532 2.2133 2.5729
3.4562 1.1632 2.6768
3.4591 0.34043 2.6274
3.4621 0.61409 2.6783
3.4651 0.69491 2.6948
3.4681 1.7975 2.5912
3.4711 -1.4828 2.7237
3.4741 0.38471 2.6173
3.4771 1.9021 2.6794
3.4801 0.14552 2.667
3.4831 0.60141 2.6415
3.4861 -0.49158 2.7082
3.4891 1.6064 2.6228
3.492 1.3021 2.7298
3.495 -0.67192 2.6972
3.498 0.95502 2.7153
3.501 0.92058 2.7917
3.504 0.18755 2.6828
3.507 1.7046 2.7809
3.51 -0.3443 2.7413
3.513 0.54264 2.7836
3.516 1.7188 2.8149
3.519 1.163 2.7275
3.5219 1.1204 2.8679
3.5249 0.059885 2.7557
3.5279 1.2776 2.8749
3.5309 0.91359 2.8237
3.5339 1.5874 2.8573
3.5369 1.5005 2.9311
3.5399 0.39824 2.8072
3.5429 -0.20821 2.9749
3.5459 -0.064757 2.86
3.5489 1.1716 2.9406
3.5518 1.0013 3.0227
3.5548 0.41422 2.8287
3.5578 1.421 3.0449
3.5608 1.8178 2.8925
3.5638 2.0083 3.0203
3.5668 0.4951 3.009
3.5698 -1.4377 3.0091
3.5728 1.9766 3.1079
3.5758 -0.53982 2.9998
3.5787 1.0572 3.1386
3.5817 0.38148 3.0581
3.5847 1.0485 3.0906
3.5877 0.42975 3.2508
3.5907 -0.87779 3.0417
3.5937 -1.7252 3.2732
3.5967 0.99153 3.1203
3.5997 1.3067 3.2149
3.6027 -0.25035 3.281
3.6057 1.4584 3.1461
3.6086 -1.1081 3.361
3.6116 0.90622 3.1638
3.6146 -1.3623 3.3721
3.6176 0.97951 3.2619
3.6206 0.58455 3.2817
3.6236 0.086766 3.4892
3.6266 0.5426 3.2172
3.6296 1.2072 3.4667
3.6326 1.01 3.332
3.6356 1.0569 3.4623
3.6385 -1.2432 3.6121
3.6415 0.96703 3.3146
3.6445 1.7795 3.6226
3.6475 -1.6155 3.421
3.6505 -0.71022 3.6056
3.6535 1.9281 3.5403
3.6565 0.57298 3.5471
3.6595 -0.060084 3.7922
3.6625 -1.0382 3.5198
3.6655 0.81015 3.7402
3.6684 1.933 3.5927
3.6714 -1.3937 3.7477
3.6744 -2.1778 3.9436
3.6774 0.46465 3.5625
3.6804 -1.3295 3.9312
3.6834 1.9725 3.6913
3.6864 0.52745 3.9139
3.6894 -2.7889 3.9918
3.6924 -1.8403 3.8896
3.6954 1.9678 4.0618
3.6984 1.1023 3.8299
3.7013 -1.5909 4.1772
3.7043 1.5557 4.0209
3.7073 -0.21026 4.0739
3.7103 -0.51243 4.4338
3.7133 2.5052 3.8836
3.7163 -0.73896 4.3769
3.7193 -1.0698 4.1617
3.7223 -1.3763 4.2935
3.7253 1.3175 4.5357
3.7283 0.42833 4.1127
3.7312 1.1638 4.714
3.7342 0.37896 4.141
3.7372 1.1874 4.6897
3.7402 2.104 4.4824
3.7432 1.6217 4.5791
3.7462 0.46473 5.0401
3.7492 -3.117 4.3898
3.7522 2.1026 5.0693
3.7552 0.010436 4.5994
3.7582 0.82439 5.0263
3.7611 0.58537 5.3378
3.7641 -0.095491 4.656
3.7671 -0.86835 5.4574
3.7701 1.9663 4.7864
3.7731 -1.4181 5.4412
3.7761 -0.0037113 5.2393
3.7791 0.62013 5.3678
3.7821 2.9898 5.764
3.7851 0.61868 5.1356
3.7881 1.4186 5.898
3.791 -4.5537 5.7265
3.794 -0.2675 5.9129
3.797 -0.41327 6.4703
3.8 -2.1046 5.5942
3.803 2.0789 6.6489
3.806 1.9221 5.9172
3.809 -0.21801 6.6109
3.812 -0.32758 6.7333
3.815 3.7921 6.3758
3.8179 -0.41072 7.2716
3.8209 1.3917 6.6927
3.8239 2.5768 7.3294
3.8269 -3.2471 7.6921
3.8299 -1.7876 7.3484
3.8329 -1.5886 8.5457
3.8359 4.1672 7.4789
3.8389 -1.2614 8.7758
3.8419 -1.3551 9.3997
3.8449 6.3674 8.3446
3.8478 -1.4022 11.077
3.8508 0.51376 8.977
3.8538 -1.2532 11.672
3.8568 -8.915 11.869
3.8598 1.1019 11.604
3.8658 4.2479 12.158
