# DATA=SAXS
  2.522430e-02   5.316000e+03   6.895513e+03
  2.799600e-02  -3.298000e+03   4.724631e+03
  3.076770e-02   5.062000e+03   3.506166e+03
  3.353940e-02   9.270000e+03   2.851645e+03
  3.631110e-02   1.634100e+04   2.252716e+03
  3.908280e-02   1.459480e+04   1.916453e+03
  4.185460e-02   1.849170e+04   1.541433e+03
  4.462630e-02   1.868850e+04   1.315178e+03
  4.739800e-02   1.632790e+04   1.108608e+03
  5.016970e-02   1.691140e+04   9.478092e+02
  5.294140e-02   1.941880e+04   8.239397e+02
  5.571310e-02   2.012830e+04   7.163230e+02
  5.848480e-02   1.821050e+04   6.265796e+02
  6.125650e-02   1.803320e+04   5.579092e+02
  6.402830e-02   1.869030e+04   4.975150e+02
  6.680000e-02   1.837782e+04   4.466892e+02
  6.957170e-02   1.844679e+04   4.119663e+02
  7.234340e-02   1.821151e+04   3.683924e+02
  7.511510e-02   1.819374e+04   3.414920e+02
  7.788680e-02   1.848476e+04   3.185887e+02
  8.065850e-02   1.799052e+04   2.894748e+02
  8.343020e-02   1.837114e+04   2.795218e+02
  8.620190e-02   1.782647e+04   2.585944e+02
  8.897370e-02   1.820538e+04   2.441319e+02
  9.174540e-02   1.800520e+04   2.283639e+02
  9.451710e-02   1.791807e+04   2.185419e+02
  9.728880e-02   1.813433e+04   2.110302e+02
  1.000610e-01   1.796072e+04   2.011762e+02
  1.028320e-01   1.813261e+04   1.924907e+02
  1.056040e-01   1.770443e+04   1.843206e+02
  1.083760e-01   1.742712e+04   1.757948e+02
  1.111470e-01   1.765041e+04   1.754126e+02
  1.139190e-01   1.754339e+04   1.659065e+02
  1.166910e-01   1.787423e+04   1.623384e+02
  1.194620e-01   1.739668e+04   1.559169e+02
  1.222340e-01   1.726262e+04   1.520510e+02
  1.250060e-01   1.753120e+04   1.491674e+02
  1.277780e-01   1.734204e+04   1.438077e+02
  1.305490e-01   1.750525e+04   1.431359e+02
  1.333210e-01   1.752404e+04   1.386159e+02
  1.360930e-01   1.717213e+04   1.350676e+02
  1.388640e-01   1.707903e+04   1.320752e+02
  1.416360e-01   1.679397e+04   1.292663e+02
  1.444080e-01   1.696902e+04   1.281596e+02
  1.471800e-01   1.681036e+04   1.257073e+02
  1.499510e-01   1.681541e+04   1.233496e+02
  1.527230e-01   1.665927e+04   1.210067e+02
  1.554950e-01   1.658488e+04   1.190435e+02
  1.582660e-01   1.671078e+04   1.176508e+02
  1.610380e-01   1.686111e+04   1.155838e+02
  1.638100e-01   1.653666e+04   1.135483e+02
  1.665820e-01   1.628592e+04   1.122760e+02
  1.693530e-01   1.639992e+04   1.123359e+02
  1.721250e-01   1.612717e+04   1.091997e+02
  1.748970e-01   1.609589e+04   1.065303e+02
  1.776680e-01   1.602969e+04   1.070597e+02
  1.804400e-01   1.584630e+04   1.048993e+02
  1.832120e-01   1.582148e+04   1.041194e+02
  1.859840e-01   1.577867e+04   1.024051e+02
  1.887550e-01   1.569783e+04   1.007138e+02
  1.915270e-01   1.559418e+04   1.003147e+02
  1.942990e-01   1.540410e+04   9.849920e+01
  1.970700e-01   1.548062e+04   9.830212e+01
  1.998420e-01   1.540691e+04   9.671408e+01
  2.026140e-01   1.535845e+04   9.557395e+01
  2.053860e-01   1.529383e+04   9.548578e+01
  2.081570e-01   1.527113e+04   9.323362e+01
  2.109290e-01   1.516493e+04   9.298186e+01
  2.137010e-01   1.504862e+04   9.195037e+01
  2.164720e-01   1.495303e+04   9.364366e+01
  2.192440e-01   1.489834e+04   9.353417e+01
  2.220160e-01   1.475845e+04   9.267849e+01
  2.247880e-01   1.462725e+04   9.344168e+01
  2.275590e-01   1.465355e+04   9.356909e+01
  2.303310e-01   1.467365e+04   9.358744e+01
  2.331030e-01   1.431884e+04   9.209499e+01
  2.358740e-01   1.422949e+04   9.172922e+01
  2.386460e-01   1.411795e+04   9.184869e+01
  2.414180e-01   1.412304e+04   9.117332e+01
  2.441900e-01   1.424947e+04   9.129751e+01
  2.469610e-01   1.405001e+04   9.039455e+01
  2.497330e-01   1.389642e+04   9.068102e+01
  2.525050e-01   1.381857e+04   9.017950e+01
  2.552760e-01   1.377682e+04   8.882957e+01
  2.580480e-01   1.362812e+04   8.955643e+01
  2.608200e-01   1.360531e+04   8.840908e+01
  2.635910e-01   1.349141e+04   8.861006e+01
  2.663630e-01   1.338149e+04   8.739674e+01
  2.691350e-01   1.350450e+04   8.711869e+01
  2.719070e-01   1.318224e+04   8.771987e+01
  2.746780e-01   1.319048e+04   8.586153e+01
  2.774500e-01   1.319700e+04   8.441051e+01
  2.802220e-01   1.293578e+04   8.121770e+01
  2.829930e-01   1.283483e+04   8.116947e+01
  2.857650e-01   1.285878e+04   8.108556e+01
  2.885370e-01   1.261492e+04   7.848302e+01
  2.913090e-01   1.257161e+04   7.861176e+01
  2.940800e-01   1.264046e+04   7.681584e+01
  2.968520e-01   1.249813e+04   7.669053e+01
  2.996240e-01   1.246532e+04   7.642021e+01
  3.023950e-01   1.232444e+04   7.450393e+01
  3.051670e-01   1.222374e+04   7.493968e+01
  3.079390e-01   1.222467e+04   7.398256e+01
  3.107110e-01   1.205744e+04   7.287067e+01
  3.134820e-01   1.192058e+04   7.277288e+01
  3.162540e-01   1.194710e+04   7.141421e+01
  3.190260e-01   1.176855e+04   7.323013e+01
  3.217970e-01   1.181840e+04   7.295288e+01
  3.245690e-01   1.168568e+04   7.298229e+01
  3.273410e-01   1.166227e+04   7.292019e+01
  3.301130e-01   1.146330e+04   7.290748e+01
  3.328840e-01   1.135063e+04   7.293390e+01
  3.356560e-01   1.123619e+04   7.243181e+01
  3.384280e-01   1.134325e+04   7.261235e+01
  3.411990e-01   1.119602e+04   7.257950e+01
  3.439710e-01   1.109583e+04   7.162425e+01
  3.467430e-01   1.107937e+04   7.196067e+01
  3.495150e-01   1.095519e+04   7.121586e+01
  3.522860e-01   1.077906e+04   7.125373e+01
  3.550580e-01   1.084519e+04   7.113878e+01
  3.578300e-01   1.074156e+04   7.080619e+01
  3.606010e-01   1.071474e+04   7.045311e+01
  3.633730e-01   1.054023e+04   6.980913e+01
  3.661450e-01   1.040432e+04   6.984364e+01
  3.689170e-01   1.035808e+04   6.950889e+01
  3.716880e-01   1.018211e+04   6.934984e+01
  3.744600e-01   1.018388e+04   6.901102e+01
  3.772320e-01   1.019862e+04   6.908217e+01
  3.800030e-01   1.012495e+04   6.833182e+01
  3.827750e-01   1.000221e+04   6.775766e+01
  3.855470e-01   9.908186e+03   6.791133e+01
  3.883190e-01   9.667947e+03   6.746954e+01
  3.910900e-01   9.772132e+03   6.746374e+01
  3.938620e-01   9.660327e+03   6.729719e+01
  3.966340e-01   9.584697e+03   6.598809e+01
  3.994050e-01   9.480837e+03   6.665702e+01
  4.021770e-01   9.480780e+03   6.634415e+01
  4.049490e-01   9.391565e+03   6.618630e+01
  4.077200e-01   9.254809e+03   6.593496e+01
  4.104920e-01   9.271532e+03   6.518720e+01
  4.132640e-01   9.023923e+03   6.493117e+01
  4.160360e-01   9.113888e+03   6.518264e+01
  4.188070e-01   9.075171e+03   6.496743e+01
  4.215790e-01   8.915352e+03   6.433638e+01
  4.243510e-01   8.974922e+03   6.498468e+01
  4.271220e-01   8.778682e+03   6.504487e+01
  4.298940e-01   8.764415e+03   6.513932e+01
  4.326660e-01   8.596654e+03   6.521286e+01
  4.354380e-01   8.556889e+03   6.553853e+01
  4.382090e-01   8.557993e+03   6.637082e+01
  4.409810e-01   8.449655e+03   6.608199e+01
  4.437530e-01   8.483905e+03   6.678438e+01
  4.465240e-01   8.470359e+03   6.595531e+01
  4.492960e-01   8.295794e+03   6.658430e+01
  4.520680e-01   8.086176e+03   6.637430e+01
  4.548400e-01   8.190356e+03   6.624192e+01
  4.576110e-01   8.165881e+03   6.720937e+01
  4.603830e-01   7.991352e+03   6.588966e+01
  4.631550e-01   8.006108e+03   6.570700e+01
  4.659260e-01   8.061511e+03   6.506245e+01
  4.686980e-01   7.831987e+03   6.391488e+01
  4.714700e-01   7.719274e+03   6.428318e+01
  4.742420e-01   7.758175e+03   6.324551e+01
  4.770130e-01   7.679959e+03   6.353954e+01
  4.797850e-01   7.552429e+03   6.233169e+01
  4.825570e-01   7.553836e+03   6.174784e+01
  4.853280e-01   7.547419e+03   6.177301e+01
  4.881000e-01   7.320303e+03   6.126755e+01
  4.908720e-01   7.337080e+03   6.079651e+01
  4.936440e-01   7.306440e+03   6.084555e+01
  4.964150e-01   7.299104e+03   5.972624e+01
  4.991870e-01   7.239491e+03   6.004543e+01
  5.019590e-01   7.171190e+03   5.896296e+01
  5.047300e-01   7.148847e+03   5.950345e+01
  5.075020e-01   7.026128e+03   5.919851e+01
  5.102740e-01   7.089087e+03   5.865094e+01
  5.130460e-01   6.918778e+03   5.850648e+01
  5.158170e-01   6.737983e+03   5.766700e+01
  5.185890e-01   6.837354e+03   5.776625e+01
  5.213610e-01   6.740247e+03   5.765761e+01
  5.241320e-01   6.788396e+03   5.787958e+01
  5.269040e-01   6.609677e+03   5.711009e+01
  5.296760e-01   6.556998e+03   5.697973e+01
  5.324480e-01   6.580367e+03   5.677784e+01
  5.352190e-01   6.465121e+03   5.680238e+01
  5.379910e-01   6.490223e+03   5.664137e+01
  5.407630e-01   6.387259e+03   5.616448e+01
  5.435340e-01   6.429560e+03   5.601847e+01
  5.463060e-01   6.334221e+03   5.604165e+01
  5.490780e-01   6.274446e+03   5.542825e+01
  5.518490e-01   6.255701e+03   5.513518e+01
  5.546210e-01   6.210616e+03   5.521376e+01
  5.573930e-01   6.121384e+03   5.512993e+01
  5.601650e-01   6.135103e+03   5.505787e+01
  5.629360e-01   5.972307e+03   5.430082e+01
  5.657080e-01   5.970620e+03   5.463867e+01
  5.684800e-01   5.986747e+03   5.394529e+01
  5.712510e-01   5.930569e+03   5.431828e+01
  5.740230e-01   5.925875e+03   5.379328e+01
  5.767950e-01   5.789157e+03   5.390467e+01
  5.795670e-01   5.832593e+03   5.349841e+01
  5.823380e-01   5.721749e+03   5.359271e+01
  5.851100e-01   5.826016e+03   5.306822e+01
  5.878820e-01   5.688323e+03   5.298436e+01
  5.906530e-01   5.521029e+03   5.261723e+01
  5.934250e-01   5.560956e+03   5.276516e+01
  5.961970e-01   5.647695e+03   5.273749e+01
  5.989690e-01   5.580725e+03   5.230235e+01
  6.017400e-01   5.496777e+03   5.216226e+01
  6.045120e-01   5.374328e+03   5.190503e+01
  6.072840e-01   5.318655e+03   5.188830e+01
  6.100550e-01   5.353356e+03   5.139973e+01
  6.128270e-01   5.324142e+03   5.162529e+01
  6.155990e-01   5.197001e+03   5.135298e+01
  6.183710e-01   5.203506e+03   5.111402e+01
  6.211420e-01   5.112988e+03   5.092294e+01
  6.239140e-01   5.156010e+03   5.078874e+01
  6.266860e-01   5.011404e+03   5.078558e+01
  6.294570e-01   5.063634e+03   5.034085e+01
  6.322290e-01   5.107167e+03   5.061038e+01
  6.350010e-01   5.045924e+03   4.995130e+01
  6.377730e-01   4.929972e+03   5.001486e+01
  6.405440e-01   4.974476e+03   5.009536e+01
  6.433160e-01   4.954556e+03   4.938152e+01
  6.460880e-01   4.808607e+03   4.996536e+01
  6.488590e-01   4.835238e+03   4.923098e+01
  6.516310e-01   4.786379e+03   4.948757e+01
  6.544030e-01   4.797582e+03   4.943848e+01
  6.571750e-01   4.737088e+03   4.874033e+01
  6.599460e-01   4.682271e+03   4.888448e+01
  6.627180e-01   4.639245e+03   4.889756e+01
  6.654900e-01   4.640805e+03   4.852334e+01
  6.682610e-01   4.569901e+03   4.818986e+01
  6.710330e-01   4.600825e+03   4.835558e+01
  6.738050e-01   4.604634e+03   4.831536e+01
  6.765770e-01   4.547325e+03   4.813291e+01
  6.793480e-01   4.526777e+03   4.775779e+01
  6.821200e-01   4.476409e+03   4.816984e+01
  6.848920e-01   4.374965e+03   4.763231e+01
  6.876630e-01   4.335962e+03   4.739238e+01
  6.904350e-01   4.298203e+03   4.705353e+01
  6.932070e-01   4.339444e+03   4.727478e+01
  6.959780e-01   4.242274e+03   4.719142e+01
  6.987500e-01   4.260776e+03   4.694138e+01
  7.015220e-01   4.178049e+03   4.686890e+01
  7.042940e-01   4.184350e+03   4.655664e+01
  7.070650e-01   4.119093e+03   4.632132e+01
  7.098370e-01   4.131377e+03   4.652946e+01
  7.126090e-01   4.165480e+03   4.652730e+01
  7.153800e-01   4.036399e+03   4.600157e+01
  7.181520e-01   3.926686e+03   4.620970e+01
  7.209240e-01   4.015807e+03   4.582623e+01
  7.236960e-01   3.957602e+03   4.566589e+01
  7.264670e-01   3.990930e+03   4.562787e+01
  7.292390e-01   3.986167e+03   4.562019e+01
  7.320110e-01   3.944544e+03   4.575668e+01
  7.347820e-01   3.973637e+03   4.530278e+01
  7.375540e-01   3.898677e+03   4.515774e+01
  7.403260e-01   3.902212e+03   4.540988e+01
  7.430980e-01   3.863959e+03   4.476370e+01
  7.458690e-01   3.779572e+03   4.512726e+01
  7.486410e-01   3.811227e+03   4.436016e+01
  7.514130e-01   3.753467e+03   4.489370e+01
  7.541840e-01   3.772629e+03   4.462401e+01
  7.569560e-01   3.705644e+03   4.449707e+01
  7.597280e-01   3.733448e+03   4.455561e+01
  7.625000e-01   3.689826e+03   4.400757e+01
  7.652710e-01   3.518031e+03   4.428585e+01
  7.680430e-01   3.588445e+03   4.385260e+01
  7.708150e-01   3.537204e+03   4.370845e+01
  7.735860e-01   3.567216e+03   4.412404e+01
  7.763580e-01   3.541809e+03   4.340214e+01
  7.791300e-01   3.495239e+03   4.376555e+01
  7.819020e-01   3.547759e+03   4.349723e+01
  7.846730e-01   3.520910e+03   4.314187e+01
  7.874450e-01   3.466151e+03   4.332192e+01
  7.902170e-01   3.392004e+03   4.297442e+01
  7.929880e-01   3.409135e+03   4.310590e+01
  7.957600e-01   3.455455e+03   4.303500e+01
  7.985320e-01   3.350912e+03   4.279323e+01
  8.013040e-01   3.325018e+03   4.296071e+01
  8.040750e-01   3.370131e+03   4.345273e+01
  8.068470e-01   3.430320e+03   4.410215e+01
  8.096190e-01   3.250556e+03   4.433125e+01
  8.123900e-01   3.289525e+03   4.445795e+01
  8.151620e-01   3.222824e+03   4.481774e+01
  8.179340e-01   3.180311e+03   4.453611e+01
  8.207060e-01   3.229362e+03   4.510406e+01
  8.234770e-01   3.292016e+03   4.526364e+01
  8.262490e-01   3.256768e+03   4.531838e+01
  8.290210e-01   3.192584e+03   4.530116e+01
  8.317920e-01   3.076090e+03   4.515557e+01
  8.345640e-01   3.083975e+03   4.533348e+01
  8.373360e-01   3.058308e+03   4.576657e+01
  8.401080e-01   3.089197e+03   4.570839e+01
  8.428790e-01   3.122952e+03   4.572672e+01
  8.456510e-01   2.977439e+03   4.594222e+01
  8.484230e-01   3.068528e+03   4.604941e+01
  8.511940e-01   3.105033e+03   4.619480e+01
  8.539660e-01   2.994123e+03   4.588620e+01
  8.567380e-01   2.926654e+03   4.579791e+01
  8.595090e-01   2.987536e+03   4.654026e+01
  8.622810e-01   2.996143e+03   4.605964e+01
  8.650530e-01   2.976012e+03   4.528866e+01
  8.678250e-01   2.840619e+03   4.423922e+01
  8.705960e-01   2.900899e+03   4.438292e+01
  8.733680e-01   2.935685e+03   4.400750e+01
  8.761400e-01   2.827945e+03   4.349747e+01
  8.789110e-01   2.864551e+03   4.345890e+01
  8.816830e-01   2.885581e+03   4.300467e+01
  8.844550e-01   2.794081e+03   4.293853e+01
  8.872270e-01   2.854882e+03   4.286869e+01
  8.899980e-01   2.828351e+03   4.244142e+01
  8.927700e-01   2.765938e+03   4.263870e+01
  8.955420e-01   2.756279e+03   4.206340e+01
  8.983130e-01   2.773867e+03   4.208665e+01
  9.010850e-01   2.728002e+03   4.185451e+01
  9.038570e-01   2.684663e+03   4.168073e+01
  9.066290e-01   2.652236e+03   4.165639e+01
  9.094000e-01   2.696419e+03   4.149752e+01
  9.121720e-01   2.679892e+03   4.117321e+01
  9.149440e-01   2.630880e+03   4.107345e+01
  9.177150e-01   2.590111e+03   4.099517e+01
  9.204870e-01   2.596302e+03   4.105133e+01
  9.232590e-01   2.488191e+03   4.111747e+01
  9.260310e-01   2.581981e+03   4.175315e+01
  9.288020e-01   2.637947e+03   4.225165e+01
  9.315740e-01   2.578277e+03   4.258375e+01
  9.343460e-01   2.499042e+03   4.263185e+01
  9.371170e-01   2.506786e+03   4.245901e+01
  9.398890e-01   2.554262e+03   4.316122e+01
  9.426610e-01   2.432292e+03   4.294740e+01
  9.454330e-01   2.515562e+03   4.314217e+01
  9.482040e-01   2.460790e+03   4.298642e+01
  9.509760e-01   2.445009e+03   4.323854e+01
  9.537480e-01   2.532148e+03   4.352544e+01
  9.565190e-01   2.437832e+03   4.241218e+01
  9.592910e-01   2.458093e+03   4.192047e+01
  9.620630e-01   2.462669e+03   4.152413e+01
  9.648350e-01   2.440687e+03   4.114108e+01
  9.676060e-01   2.421036e+03   4.114118e+01
  9.703780e-01   2.328117e+03   4.062629e+01
  9.731500e-01   2.341621e+03   4.072311e+01
  9.759210e-01   2.257008e+03   4.042828e+01
  9.786930e-01   2.290564e+03   3.992723e+01
  9.814650e-01   2.349736e+03   4.001977e+01
  9.842370e-01   2.269405e+03   3.975067e+01
  9.870080e-01   2.287055e+03   3.995454e+01
  9.897800e-01   2.221593e+03   3.970086e+01
  9.925520e-01   2.273297e+03   3.968897e+01
  9.953230e-01   2.267147e+03   3.929185e+01
  9.980950e-01   2.288013e+03   3.938510e+01
  1.000870e+00   2.288135e+03   3.919709e+01
  1.003640e+00   2.189282e+03   3.904586e+01
  1.006410e+00   2.239521e+03   3.928156e+01
  1.009180e+00   2.179399e+03   3.898275e+01
  1.011950e+00   2.157546e+03   3.880533e+01
  1.014730e+00   2.220566e+03   3.873775e+01
  1.017500e+00   2.197905e+03   3.842215e+01
  1.020270e+00   2.199889e+03   3.875772e+01
  1.023040e+00   2.118589e+03   3.851271e+01
  1.025810e+00   2.172653e+03   3.858230e+01
  1.028580e+00   2.105641e+03   3.824628e+01
  1.031360e+00   2.183451e+03   3.829055e+01
  1.034130e+00   2.071563e+03   3.834212e+01
  1.036900e+00   2.061311e+03   3.809038e+01
  1.039670e+00   2.115446e+03   3.840504e+01
  1.042440e+00   2.110892e+03   3.794284e+01
  1.045210e+00   2.137879e+03   3.784937e+01
  1.047990e+00   2.130990e+03   3.810505e+01
  1.050760e+00   2.039625e+03   3.774217e+01
  1.053530e+00   2.011632e+03   3.796392e+01
  1.056300e+00   2.092501e+03   3.760687e+01
  1.059070e+00   2.010562e+03   3.747857e+01
  1.061840e+00   2.020895e+03   3.755998e+01
  1.064620e+00   2.015865e+03   3.730874e+01
  1.067390e+00   1.943137e+03   3.738536e+01
  1.070160e+00   1.995791e+03   3.740663e+01
  1.072930e+00   1.981482e+03   3.729394e+01
  1.075700e+00   1.988332e+03   3.735220e+01
  1.078470e+00   1.960692e+03   3.677415e+01
  1.081250e+00   1.974278e+03   3.695826e+01
  1.084020e+00   1.964583e+03   3.716367e+01
  1.086790e+00   1.922796e+03   3.696167e+01
  1.089560e+00   1.949623e+03   3.695276e+01
  1.092330e+00   1.870860e+03   3.660065e+01
  1.095100e+00   1.888148e+03   3.649756e+01
  1.097880e+00   1.850447e+03   3.663145e+01
  1.100650e+00   1.780223e+03   3.634757e+01
  1.103420e+00   1.836847e+03   3.642874e+01
  1.106190e+00   1.777641e+03   3.642443e+01
  1.108960e+00   1.851490e+03   3.634850e+01
  1.111740e+00   1.832606e+03   3.638833e+01
  1.114510e+00   1.803175e+03   3.588548e+01
  1.117280e+00   1.807232e+03   3.624626e+01
  1.120050e+00   1.803915e+03   3.609803e+01
  1.122820e+00   1.796147e+03   3.595975e+01
  1.125590e+00   1.772718e+03   3.590152e+01
  1.128370e+00   1.822305e+03   3.580897e+01
  1.131140e+00   1.840192e+03   3.582867e+01
  1.133910e+00   1.763382e+03   3.586523e+01
  1.136680e+00   1.746445e+03   3.560892e+01
  1.139450e+00   1.845192e+03   3.580470e+01
  1.142220e+00   1.793513e+03   3.539650e+01
  1.145000e+00   1.763149e+03   3.554735e+01
  1.147770e+00   1.684387e+03   3.531345e+01
  1.150540e+00   1.707893e+03   3.523716e+01
  1.153310e+00   1.722614e+03   3.563590e+01
  1.156080e+00   1.675456e+03   3.511906e+01
  1.158850e+00   1.684510e+03   3.521447e+01
  1.161630e+00   1.724262e+03   3.519188e+01
  1.164400e+00   1.742217e+03   3.508829e+01
  1.167170e+00   1.687041e+03   3.521517e+01
  1.169940e+00   1.715130e+03   3.500240e+01
  1.172710e+00   1.697202e+03   3.481294e+01
  1.175480e+00   1.652304e+03   3.485265e+01
  1.178260e+00   1.692622e+03   3.478287e+01
  1.181030e+00   1.647569e+03   3.479944e+01
  1.183800e+00   1.733347e+03   3.460081e+01
  1.186570e+00   1.637060e+03   3.467619e+01
  1.189340e+00   1.581243e+03   3.462453e+01
  1.192110e+00   1.584441e+03   3.441768e+01
  1.194890e+00   1.599494e+03   3.461537e+01
  1.197660e+00   1.577908e+03   3.430428e+01
  1.200430e+00   1.653510e+03   3.436724e+01
  1.203200e+00   1.599948e+03   3.425058e+01
  1.205970e+00   1.600079e+03   3.421241e+01
  1.208750e+00   1.635552e+03   3.440362e+01
  1.211520e+00   1.558975e+03   3.406247e+01
  1.214290e+00   1.584198e+03   3.412362e+01
  1.217060e+00   1.566842e+03   3.394471e+01
  1.219830e+00   1.565632e+03   3.397983e+01
  1.222600e+00   1.545334e+03   3.397792e+01
  1.225380e+00   1.503691e+03   3.371834e+01
  1.228150e+00   1.539534e+03   3.372437e+01
  1.230920e+00   1.549704e+03   3.367202e+01
  1.233690e+00   1.546176e+03   3.367548e+01
  1.236460e+00   1.511618e+03   3.354790e+01
  1.239230e+00   1.536353e+03   3.340452e+01
  1.242010e+00   1.503577e+03   3.325481e+01
  1.244780e+00   1.447252e+03   3.330931e+01
  1.247550e+00   1.474212e+03   3.330124e+01
  1.250320e+00   1.508885e+03   3.318044e+01
  1.253090e+00   1.489712e+03   3.305626e+01
  1.255860e+00   1.473013e+03   3.313829e+01
  1.258640e+00   1.444669e+03   3.300551e+01
  1.261410e+00   1.445131e+03   3.317041e+01
  1.264180e+00   1.460395e+03   3.296760e+01
  1.266950e+00   1.383894e+03   3.277435e+01
  1.269720e+00   1.456452e+03   3.305828e+01
  1.272490e+00   1.439190e+03   3.289188e+01
  1.275270e+00   1.483718e+03   3.297851e+01
  1.278040e+00   1.405171e+03   3.280709e+01
  1.280810e+00   1.510474e+03   3.316613e+01
  1.283580e+00   1.415621e+03   3.268406e+01
  1.286350e+00   1.384446e+03   3.287013e+01
  1.289120e+00   1.362941e+03   3.262568e+01
  1.291900e+00   1.406709e+03   3.267443e+01
  1.294670e+00   1.384011e+03   3.275760e+01
  1.297440e+00   1.402904e+03   3.256049e+01
  1.300210e+00   1.381961e+03   3.273286e+01
  1.302980e+00   1.398541e+03   3.234941e+01
  1.305760e+00   1.347109e+03   3.258070e+01
  1.308530e+00   1.398866e+03   3.250754e+01
  1.311300e+00   1.364997e+03   3.239552e+01
  1.314070e+00   1.341285e+03   3.249866e+01
  1.316840e+00   1.377074e+03   3.223078e+01
  1.319610e+00   1.260792e+03   3.225547e+01
  1.322390e+00   1.335606e+03   3.223412e+01
  1.325160e+00   1.342957e+03   3.197782e+01
  1.327930e+00   1.320684e+03   3.236305e+01
  1.330700e+00   1.332949e+03   3.206384e+01
  1.333470e+00   1.348351e+03   3.213652e+01
  1.336240e+00   1.303182e+03   3.186849e+01
  1.339020e+00   1.312651e+03   3.203972e+01
  1.341790e+00   1.227883e+03   3.193773e+01
  1.344560e+00   1.337258e+03   3.199017e+01
  1.347330e+00   1.316261e+03   3.186361e+01
  1.350100e+00   1.272407e+03   3.183568e+01
  1.352870e+00   1.306278e+03   3.171206e+01
  1.355650e+00   1.299778e+03   3.176751e+01
  1.358420e+00   1.294780e+03   3.161475e+01
  1.361190e+00   1.272520e+03   3.174856e+01
  1.363960e+00   1.283625e+03   3.168552e+01
  1.366730e+00   1.307794e+03   3.158002e+01
  1.369500e+00   1.236384e+03   3.150377e+01
  1.372280e+00   1.227435e+03   3.138336e+01
  1.375050e+00   1.213921e+03   3.142595e+01
  1.377820e+00   1.236900e+03   3.154150e+01
  1.380590e+00   1.231449e+03   3.136558e+01
  1.383360e+00   1.220977e+03   3.128692e+01
  1.386130e+00   1.199721e+03   3.132490e+01
  1.388910e+00   1.240340e+03   3.127108e+01
  1.391680e+00   1.179835e+03   3.184950e+01
  1.394450e+00   1.215385e+03   3.204982e+01
  1.397220e+00   1.222237e+03   3.233631e+01
  1.399990e+00   1.247235e+03   3.250687e+01
  1.402760e+00   1.246296e+03   3.261530e+01
  1.405540e+00   1.177383e+03   3.269525e+01
  1.408310e+00   1.209324e+03   3.285543e+01
  1.411080e+00   1.238868e+03   3.280947e+01
  1.413850e+00   1.122098e+03   3.318713e+01
  1.416620e+00   1.177127e+03   3.296157e+01
  1.419400e+00   1.129751e+03   3.308290e+01
  1.422170e+00   1.123044e+03   3.334828e+01
  1.424940e+00   1.171925e+03   3.325183e+01
  1.427710e+00   1.143190e+03   3.375206e+01
  1.430480e+00   1.135340e+03   3.326803e+01
  1.433250e+00   1.162940e+03   3.360071e+01
  1.436030e+00   1.170776e+03   3.362875e+01
  1.438800e+00   1.162264e+03   3.353029e+01
  1.441570e+00   1.130120e+03   3.389333e+01
  1.444340e+00   1.078467e+03   3.364754e+01
  1.447110e+00   1.116134e+03   3.391610e+01
  1.449880e+00   1.139365e+03   3.387931e+01
  1.452660e+00   1.109734e+03   3.315094e+01
  1.455430e+00   1.101607e+03   3.288834e+01
  1.458200e+00   1.117320e+03   3.252372e+01
  1.460970e+00   1.115545e+03   3.253619e+01
  1.463740e+00   1.070728e+03   3.218977e+01
  1.466510e+00   1.084242e+03   3.204636e+01
  1.469290e+00   1.080783e+03   3.196827e+01
  1.472060e+00   1.136581e+03   3.178441e+01
  1.474830e+00   1.103115e+03   3.184321e+01
  1.477600e+00   1.144333e+03   3.163135e+01
  1.480370e+00   1.098443e+03   3.156555e+01
  1.483140e+00   1.073907e+03   3.151835e+01
  1.485920e+00   1.072970e+03   3.133946e+01
  1.488690e+00   1.057196e+03   3.128003e+01
  1.491460e+00   1.035189e+03   3.126283e+01
  1.494230e+00   1.059673e+03   3.103243e+01
  1.497000e+00   1.105170e+03   3.131892e+01
  1.499770e+00   1.059459e+03   3.094809e+01
  1.502550e+00   1.051731e+03   3.097407e+01
  1.505320e+00   1.111305e+03   3.097713e+01
  1.508090e+00   1.035558e+03   3.097576e+01
  1.510860e+00   9.987570e+02   3.089026e+01
  1.513630e+00   1.084234e+03   3.068248e+01
  1.516410e+00   1.077036e+03   3.100715e+01
  1.519180e+00   1.024166e+03   3.078238e+01
  1.521950e+00   9.821340e+02   3.078598e+01
  1.524720e+00   1.036586e+03   3.058027e+01
  1.527490e+00   1.011531e+03   3.063645e+01
  1.530260e+00   1.022160e+03   3.064454e+01
  1.533040e+00   1.054165e+03   3.053217e+01
  1.535810e+00   1.052217e+03   3.047708e+01
  1.538580e+00   9.994930e+02   3.041445e+01
  1.541350e+00   9.751210e+02   3.035313e+01
  1.544120e+00   1.037246e+03   3.047294e+01
  1.546890e+00   1.051040e+03   3.039478e+01
  1.549670e+00   9.627070e+02   3.021032e+01
  1.552440e+00   9.958090e+02   3.027463e+01
  1.555210e+00   9.864470e+02   3.016058e+01
  1.557980e+00   1.010015e+03   3.010870e+01
  1.560750e+00   9.974020e+02   3.013072e+01
  1.563520e+00   9.425070e+02   3.000353e+01
  1.566300e+00   9.648060e+02   3.001841e+01
  1.569070e+00   1.007916e+03   2.995467e+01
  1.571840e+00   9.557940e+02   2.982670e+01
  1.574610e+00   9.641850e+02   2.992761e+01
  1.577380e+00   9.720550e+02   2.970384e+01
  1.580150e+00   9.968070e+02   2.983063e+01
  1.582930e+00   9.671600e+02   2.964719e+01
  1.585700e+00   9.035820e+02   2.965047e+01
  1.588470e+00   1.039796e+03   2.989998e+01
  1.591240e+00   9.538650e+02   2.961715e+01
  1.594010e+00   9.140120e+02   2.943122e+01
  1.596780e+00   9.584430e+02   2.954961e+01
  1.599560e+00   9.285710e+02   2.945605e+01
  1.602330e+00   9.720610e+02   2.983008e+01
  1.605100e+00   9.590390e+02   2.923943e+01
  1.607870e+00   9.674610e+02   2.942150e+01
  1.610640e+00   9.281230e+02   2.938086e+01
  1.613420e+00   9.133630e+02   2.927886e+01
  1.616190e+00   9.236650e+02   2.927237e+01
  1.618960e+00   9.106000e+02   2.915263e+01
  1.621730e+00   9.041090e+02   2.933977e+01
  1.624500e+00   9.332780e+02   2.916704e+01
  1.627270e+00   8.990520e+02   2.910390e+01
  1.630050e+00   9.006220e+02   2.914239e+01
  1.632820e+00   8.727410e+02   2.894472e+01
  1.635590e+00   9.237240e+02   2.923731e+01
  1.638360e+00   9.062530e+02   2.901074e+01
  1.641130e+00   9.119640e+02   2.894580e+01
  1.643900e+00   9.221020e+02   2.895410e+01
  1.646680e+00   9.025570e+02   2.897927e+01
  1.649450e+00   9.282740e+02   2.889951e+01
  1.652220e+00   9.055380e+02   2.885537e+01
  1.654990e+00   9.443020e+02   2.891756e+01
  1.657760e+00   9.148780e+02   2.896350e+01
  1.660530e+00   8.585520e+02   2.872674e+01
  1.663310e+00   8.987390e+02   2.874445e+01
  1.666080e+00   8.499690e+02   2.865098e+01
  1.668850e+00   8.734750e+02   2.867854e+01
  1.671620e+00   8.606400e+02   2.870255e+01
  1.674390e+00   9.024740e+02   2.859588e+01
  1.677160e+00   9.104940e+02   2.852976e+01
  1.679940e+00   8.465930e+02   2.854460e+01
  1.682710e+00   8.976540e+02   2.859038e+01
  1.685480e+00   8.951820e+02   2.845339e+01
  1.688250e+00   8.354770e+02   2.828994e+01
  1.691020e+00   8.659310e+02   2.846027e+01
  1.693790e+00   8.271660e+02   2.824436e+01
  1.696570e+00   8.181140e+02   2.833313e+01
  1.699340e+00   8.545270e+02   2.827580e+01
  1.702110e+00   8.258300e+02   2.826972e+01
  1.704880e+00   8.348500e+02   2.826110e+01
  1.707650e+00   8.434130e+02   2.821298e+01
  1.710420e+00   8.263440e+02   2.818747e+01
  1.713200e+00   8.043490e+02   2.799966e+01
  1.715970e+00   8.464660e+02   2.846122e+01
  1.718740e+00   8.735090e+02   2.810297e+01
  1.721510e+00   7.939990e+02   2.814633e+01
  1.724280e+00   8.062220e+02   2.807839e+01
  1.727060e+00   7.834900e+02   2.803451e+01
  1.729830e+00   8.310550e+02   2.824233e+01
  1.732600e+00   8.422540e+02   2.808772e+01
  1.735370e+00   8.378540e+02   2.816601e+01
  1.738140e+00   7.823660e+02   2.810216e+01
  1.740910e+00   8.468450e+02   2.804036e+01
  1.743690e+00   8.804380e+02   2.817984e+01
  1.746460e+00   7.951010e+02   2.793074e+01
  1.749230e+00   8.120750e+02   2.807502e+01
  1.752000e+00   7.956720e+02   2.799537e+01
  1.754770e+00   8.380930e+02   2.795064e+01
  1.757540e+00   7.775280e+02   2.795406e+01
  1.760320e+00   7.555160e+02   2.777092e+01
  1.763090e+00   7.737360e+02   2.794413e+01
  1.765860e+00   7.952020e+02   2.788925e+01
  1.768630e+00   7.983350e+02   2.783045e+01
  1.771400e+00   8.159990e+02   2.790348e+01
  1.774170e+00   8.019690e+02   2.781138e+01
  1.776950e+00   7.976800e+02   2.777265e+01
  1.779720e+00   7.913330e+02   2.775488e+01
  1.782490e+00   7.926220e+02   2.771015e+01
  1.785260e+00   7.604460e+02   2.775931e+01
  1.788030e+00   8.253450e+02   2.770039e+01
  1.790800e+00   7.639750e+02   2.779143e+01
  1.793580e+00   8.027650e+02   2.774183e+01
  1.796350e+00   7.922910e+02   2.763824e+01
  1.799120e+00   8.109120e+02   2.763530e+01
  1.801890e+00   7.671720e+02   2.760447e+01
  1.804660e+00   7.288900e+02   2.756218e+01
  1.807430e+00   7.372690e+02   2.754615e+01
  1.810210e+00   7.441670e+02   2.758035e+01
  1.812980e+00   7.885680e+02   2.751660e+01
  1.815750e+00   7.891190e+02   2.764828e+01
  1.818520e+00   7.408900e+02   2.753675e+01
  1.821290e+00   7.914540e+02   2.764927e+01
  1.824070e+00   7.723970e+02   2.757395e+01
  1.826840e+00   7.165910e+02   2.763339e+01
  1.829610e+00   7.454380e+02   2.774937e+01
  1.832380e+00   7.363720e+02   2.759218e+01
  1.835150e+00   7.348910e+02   2.762836e+01
  1.837920e+00   7.619570e+02   2.770728e+01
  1.840700e+00   7.416020e+02   2.769425e+01
  1.843470e+00   6.984960e+02   2.771234e+01
  1.846240e+00   7.329750e+02   2.755495e+01
  1.849010e+00   7.505530e+02   2.773575e+01
  1.851780e+00   7.255240e+02   2.764520e+01
  1.854550e+00   7.147060e+02   2.753975e+01
  1.857330e+00   7.613010e+02   2.766047e+01
  1.860100e+00   6.876630e+02   2.752150e+01
  1.862870e+00   7.053380e+02   2.768220e+01
  1.865640e+00   7.208140e+02   2.729225e+01
  1.868410e+00   7.233100e+02   2.739696e+01
  1.871180e+00   6.897670e+02   2.738442e+01
  1.873960e+00   7.363740e+02   2.735603e+01
  1.876730e+00   7.122270e+02   2.744258e+01
  1.879500e+00   7.520740e+02   2.727785e+01
  1.882270e+00   7.124200e+02   2.734287e+01
  1.885040e+00   6.958280e+02   2.722593e+01
  1.887810e+00   7.199340e+02   2.717998e+01
  1.890590e+00   7.288410e+02   2.720857e+01
  1.893360e+00   7.204250e+02   2.714524e+01
  1.896130e+00   7.523030e+02   2.732952e+01
  1.898900e+00   6.959460e+02   2.700431e+01
  1.901670e+00   6.489650e+02   2.687877e+01
  1.904440e+00   6.790210e+02   2.707138e+01
  1.907220e+00   6.792000e+02   2.696331e+01
  1.909990e+00   7.218960e+02   2.718334e+01
  1.912760e+00   6.842100e+02   2.692179e+01
  1.915530e+00   7.101030e+02   2.689298e+01
  1.918300e+00   7.114920e+02   2.696435e+01
  1.921080e+00   6.901500e+02   2.687136e+01
  1.923850e+00   6.503580e+02   2.685398e+01
  1.926620e+00   6.468030e+02   2.683141e+01
  1.929390e+00   7.034340e+02   2.688070e+01
  1.932160e+00   7.536780e+02   2.695244e+01
  1.934930e+00   6.457890e+02   2.665590e+01
  1.937710e+00   6.995340e+02   2.682864e+01
  1.940480e+00   6.595100e+02   2.679494e+01
  1.943250e+00   6.601840e+02   2.674520e+01
  1.946020e+00   7.004570e+02   2.682072e+01
  1.948790e+00   7.203010e+02   2.673148e+01
  1.951560e+00   6.856290e+02   2.665588e+01
  1.954340e+00   6.144600e+02   2.667026e+01
  1.957110e+00   7.152650e+02   2.659158e+01
  1.959880e+00   6.727580e+02   2.667057e+01
  1.962650e+00   6.465030e+02   2.661527e+01
  1.965420e+00   6.744160e+02   2.661801e+01
  1.968190e+00   6.370690e+02   2.660131e+01
  1.970970e+00   6.496770e+02   2.641820e+01
  1.973740e+00   6.611850e+02   2.648424e+01
  1.976510e+00   6.838980e+02   2.655963e+01
  1.979280e+00   6.562460e+02   2.674426e+01
  1.982050e+00   6.376540e+02   2.701437e+01
  1.984820e+00   6.616500e+02   2.714109e+01
  1.987600e+00   6.398780e+02   2.732740e+01
  1.990370e+00   6.178920e+02   2.747527e+01
  1.993140e+00   7.078320e+02   2.749136e+01
  1.995910e+00   6.204630e+02   2.768312e+01
  1.998680e+00   6.579930e+02   2.777846e+01
  2.001450e+00   6.177020e+02   2.783523e+01
  2.004230e+00   6.298860e+02   2.800506e+01
  2.007000e+00   6.922540e+02   2.795318e+01
  2.009770e+00   6.367230e+02   2.821864e+01
  2.012540e+00   6.495250e+02   2.826992e+01
  2.015310e+00   6.286840e+02   2.834388e+01
  2.018080e+00   6.341240e+02   2.849771e+01
  2.020860e+00   6.553450e+02   2.850436e+01
  2.023630e+00   6.816170e+02   2.866435e+01
  2.026400e+00   6.373580e+02   2.851643e+01
  2.029170e+00   6.725150e+02   2.853284e+01
  2.031940e+00   6.194020e+02   2.867393e+01
  2.034720e+00   6.407930e+02   2.867656e+01
  2.037490e+00   6.534090e+02   2.889602e+01
  2.040260e+00   6.355060e+02   2.827534e+01
  2.043030e+00   5.998720e+02   2.787751e+01
  2.045800e+00   6.484950e+02   2.801684e+01
  2.048570e+00   6.388530e+02   2.771650e+01
  2.051350e+00   6.004210e+02   2.776133e+01
  2.054120e+00   6.311600e+02   2.745252e+01
  2.056890e+00   6.148740e+02   2.749374e+01
  2.059660e+00   6.611830e+02   2.743657e+01
  2.062430e+00   6.041210e+02   2.722620e+01
  2.065200e+00   6.573150e+02   2.729487e+01
  2.067980e+00   6.379350e+02   2.723591e+01
  2.070750e+00   6.443140e+02   2.716069e+01
  2.073520e+00   6.019070e+02   2.715480e+01
  2.076290e+00   5.854750e+02   2.690872e+01
  2.079060e+00   5.836600e+02   2.687380e+01
  2.081830e+00   6.103120e+02   2.711483e+01
  2.084610e+00   6.631040e+02   2.696330e+01
  2.087380e+00   5.980250e+02   2.688425e+01
  2.090150e+00   6.235940e+02   2.696328e+01
  2.092920e+00   6.430470e+02   2.694073e+01
  2.095690e+00   6.482630e+02   2.695589e+01
  2.098460e+00   6.066020e+02   2.687002e+01
  2.101240e+00   6.091180e+02   2.672380e+01
  2.104010e+00   6.103430e+02   2.678116e+01
  2.106780e+00   5.950600e+02   2.673764e+01
  2.109550e+00   6.418520e+02   2.668868e+01
  2.112320e+00   5.956060e+02   2.663463e+01
  2.115090e+00   5.759380e+02   2.654722e+01
  2.117870e+00   5.911400e+02   2.665890e+01
  2.120640e+00   6.043400e+02   2.650155e+01
  2.123410e+00   5.689000e+02   2.654806e+01
  2.126180e+00   6.040350e+02   2.648426e+01
  2.128950e+00   5.969540e+02   2.649089e+01
  2.131730e+00   6.673560e+02   2.662724e+01
  2.134500e+00   5.953680e+02   2.627313e+01
  2.137270e+00   6.036730e+02   2.658948e+01
  2.140040e+00   5.489140e+02   2.626700e+01
  2.142810e+00   6.265580e+02   2.633124e+01
  2.145580e+00   5.908290e+02   2.631295e+01
  2.148360e+00   5.837260e+02   2.630822e+01
  2.151130e+00   5.776710e+02   2.638975e+01
  2.153900e+00   5.514520e+02   2.616108e+01
  2.156670e+00   5.420510e+02   2.625012e+01
  2.159440e+00   5.437270e+02   2.611270e+01
  2.162210e+00   5.886390e+02   2.611302e+01
  2.164990e+00   5.986140e+02   2.626376e+01
  2.167760e+00   5.454650e+02   2.611346e+01
  2.170530e+00   6.031140e+02   2.620190e+01
  2.173300e+00   5.537680e+02   2.602563e+01
  2.176070e+00   5.945210e+02   2.607941e+01
  2.178840e+00   5.700870e+02   2.617321e+01
  2.181620e+00   5.899150e+02   2.597106e+01
  2.184390e+00   5.642220e+02   2.611825e+01
  2.187160e+00   5.971710e+02   2.595651e+01
  2.189930e+00   5.616280e+02   2.584800e+01
  2.192700e+00   5.808180e+02   2.594607e+01
  2.195470e+00   5.660990e+02   2.577962e+01
  2.198250e+00   5.803690e+02   2.590642e+01
  2.201020e+00   5.808980e+02   2.587333e+01
  2.203790e+00   5.912780e+02   2.584216e+01
  2.206560e+00   5.141370e+02   2.569114e+01
  2.209330e+00   5.871080e+02   2.567041e+01
  2.212100e+00   5.732000e+02   2.578895e+01
  2.214880e+00   5.889820e+02   2.582568e+01
  2.217650e+00   5.837310e+02   2.566875e+01
  2.220420e+00   5.526190e+02   2.576108e+01
  2.223190e+00   5.846690e+02   2.559211e+01
  2.225960e+00   5.463560e+02   2.556189e+01
  2.228740e+00   5.688450e+02   2.559779e+01
  2.231510e+00   5.456920e+02   2.559852e+01
  2.234280e+00   5.619500e+02   2.567884e+01
  2.237050e+00   5.491750e+02   2.555000e+01
  2.239820e+00   6.045230e+02   2.554194e+01
  2.242590e+00   5.525770e+02   2.557800e+01
  2.245370e+00   5.486250e+02   2.555379e+01
  2.248140e+00   4.959570e+02   2.553795e+01
  2.250910e+00   5.603440e+02   2.553725e+01
  2.253680e+00   5.250620e+02   2.548820e+01
  2.256450e+00   5.470390e+02   2.556706e+01
  2.259220e+00   5.260110e+02   2.545792e+01
  2.262000e+00   5.330430e+02   2.544524e+01
  2.264770e+00   5.278550e+02   2.540041e+01
  2.267540e+00   5.044540e+02   2.538182e+01
  2.270310e+00   5.511660e+02   2.563765e+01
  2.273080e+00   5.376980e+02   2.527645e+01
  2.275850e+00   5.185560e+02   2.523980e+01
  2.278630e+00   5.919790e+02   2.545823e+01
  2.281400e+00   5.352430e+02   2.517875e+01
  2.284170e+00   5.305870e+02   2.547615e+01
  2.286940e+00   5.226820e+02   2.523277e+01
  2.289710e+00   5.126030e+02   2.512708e+01
  2.292480e+00   5.481200e+02   2.522742e+01
  2.295260e+00   5.053550e+02   2.507219e+01
  2.298030e+00   5.625260e+02   2.535708e+01
  2.300800e+00   4.997260e+02   2.505157e+01
  2.303570e+00   5.447660e+02   2.513777e+01
  2.306340e+00   5.755370e+02   2.521270e+01
  2.309110e+00   4.947030e+02   2.490789e+01
  2.311890e+00   5.075900e+02   2.524961e+01
  2.314660e+00   5.172760e+02   2.518517e+01
  2.317430e+00   5.178730e+02   2.531113e+01
  2.320200e+00   4.923640e+02   2.531029e+01
  2.322970e+00   5.293220e+02   2.520335e+01
  2.325740e+00   5.531800e+02   2.540555e+01
  2.328520e+00   5.323910e+02   2.536426e+01
  2.331290e+00   5.199080e+02   2.549815e+01
  2.334060e+00   4.837910e+02   2.546212e+01
  2.336830e+00   5.283290e+02   2.534335e+01
  2.339600e+00   5.290610e+02   2.550587e+01
  2.342380e+00   5.153530e+02   2.538504e+01
  2.345150e+00   5.228490e+02   2.542160e+01
  2.347920e+00   5.389160e+02   2.550258e+01
  2.350690e+00   5.076210e+02   2.527692e+01
  2.353460e+00   4.863190e+02   2.548470e+01
  2.356230e+00   5.022810e+02   2.527083e+01
  2.359010e+00   5.153450e+02   2.515464e+01
  2.361780e+00   5.222820e+02   2.524724e+01
  2.364550e+00   4.486450e+02   2.517252e+01
  2.367320e+00   4.889380e+02   2.519973e+01
  2.370090e+00   5.112140e+02   2.506632e+01
  2.372860e+00   5.212530e+02   2.519379e+01
  2.375640e+00   4.649740e+02   2.508829e+01
  2.378410e+00   4.539690e+02   2.505374e+01
  2.381180e+00   4.580720e+02   2.497630e+01
  2.383950e+00   4.934450e+02   2.503998e+01
  2.386720e+00   5.267150e+02   2.499447e+01
  2.389490e+00   4.935400e+02   2.506680e+01
  2.392270e+00   4.861620e+02   2.497728e+01
  2.395040e+00   4.833190e+02   2.486393e+01
  2.397810e+00   4.808110e+02   2.497713e+01
  2.400580e+00   4.820430e+02   2.491831e+01
  2.403350e+00   4.963520e+02   2.482052e+01
  2.406120e+00   5.011010e+02   2.487559e+01
  2.408900e+00   5.208630e+02   2.483727e+01
  2.411670e+00   5.392010e+02   2.492210e+01
  2.414440e+00   5.470340e+02   2.481808e+01
  2.417210e+00   4.830710e+02   2.470932e+01
  2.419980e+00   4.722510e+02   2.474832e+01
  2.422750e+00   4.577310e+02   2.471126e+01
  2.425530e+00   4.630810e+02   2.475141e+01
  2.428300e+00   5.068470e+02   2.461676e+01
  2.431070e+00   4.734310e+02   2.470759e+01
  2.433840e+00   5.403860e+02   2.472303e+01
  2.436610e+00   4.465570e+02   2.455898e+01
  2.439390e+00   4.984680e+02   2.458514e+01
  2.442160e+00   4.961510e+02   2.451720e+01
  2.444930e+00   4.406860e+02   2.456193e+01
  2.447700e+00   4.456160e+02   2.448360e+01
  2.450470e+00   4.822730e+02   2.450100e+01
  2.453240e+00   5.135590e+02   2.437998e+01
  2.456020e+00   4.993850e+02   2.438360e+01
  2.458790e+00   4.666520e+02   2.452299e+01
  2.461560e+00   4.820690e+02   2.436108e+01
  2.464330e+00   4.699920e+02   2.437721e+01
  2.467100e+00   4.771820e+02   2.451772e+01
  2.469870e+00   4.989970e+02   2.432627e+01
  2.472650e+00   4.370760e+02   2.453582e+01
  2.475420e+00   4.369490e+02   2.428771e+01
  2.478190e+00   4.959010e+02   2.458472e+01
  2.480960e+00   4.362240e+02   2.448268e+01
  2.483730e+00   5.239420e+02   2.442179e+01
  2.486500e+00   4.239160e+02   2.441513e+01
  2.489280e+00   4.675700e+02   2.443676e+01
  2.492050e+00   4.121770e+02   2.445391e+01
  2.494820e+00   4.835900e+02   2.446982e+01
  2.497590e+00   4.313610e+02   2.425481e+01
  2.500360e+00   4.774800e+02   2.436888e+01
  2.503130e+00   4.383840e+02   2.432503e+01
  2.505910e+00   4.621610e+02   2.439241e+01
  2.508680e+00   4.706040e+02   2.438500e+01
  2.511450e+00   4.888940e+02   2.430538e+01
  2.514220e+00   4.600140e+02   2.439189e+01
  2.516990e+00   4.211520e+02   2.418780e+01
  2.519760e+00   4.511100e+02   2.426871e+01
  2.522540e+00   4.373310e+02   2.425824e+01
  2.525310e+00   4.454490e+02   2.428993e+01
  2.528080e+00   4.592740e+02   2.442693e+01
  2.530850e+00   4.770410e+02   2.417380e+01
  2.533620e+00   4.591350e+02   2.429130e+01
  2.536400e+00   4.611720e+02   2.427261e+01
  2.539170e+00   4.721800e+02   2.424216e+01
  2.541940e+00   4.815990e+02   2.426266e+01
  2.544710e+00   4.558880e+02   2.415438e+01
  2.547480e+00   4.647680e+02   2.419535e+01
  2.550250e+00   4.370790e+02   2.413080e+01
  2.553030e+00   4.619780e+02   2.428054e+01
  2.555800e+00   4.675840e+02   2.409441e+01
  2.558570e+00   4.589540e+02   2.411050e+01
  2.561340e+00   4.863930e+02   2.421659e+01
  2.564110e+00   4.779230e+02   2.410143e+01
  2.566880e+00   4.462810e+02   2.460568e+01
  2.569660e+00   4.836610e+02   2.459878e+01
  2.572430e+00   4.636900e+02   2.497743e+01
  2.575200e+00   4.416350e+02   2.499314e+01
  2.577970e+00   4.277410e+02   2.516054e+01
  2.580740e+00   4.542100e+02   2.523710e+01
  2.583510e+00   4.715480e+02   2.519985e+01
  2.586290e+00   4.756230e+02   2.546161e+01
  2.589060e+00   4.289450e+02   2.542576e+01
  2.591830e+00   4.569860e+02   2.555225e+01
  2.594600e+00   4.615070e+02   2.565611e+01
  2.597370e+00   4.223810e+02   2.559272e+01
  2.600140e+00   4.594010e+02   2.581987e+01
  2.602920e+00   4.551770e+02   2.572960e+01
  2.605690e+00   4.597610e+02   2.582354e+01
  2.608460e+00   4.511610e+02   2.604012e+01
  2.611230e+00   4.865700e+02   2.584105e+01
  2.614000e+00   4.557060e+02   2.614841e+01
  2.616770e+00   4.516960e+02   2.605590e+01
  2.619550e+00   3.919210e+02   2.609797e+01
  2.622320e+00   4.301100e+02   2.629078e+01
  2.625090e+00   4.168030e+02   2.608892e+01
  2.627860e+00   4.596130e+02   2.586770e+01
  2.630630e+00   4.435940e+02   2.573244e+01
  2.633400e+00   4.206150e+02   2.527907e+01
  2.636180e+00   4.433400e+02   2.548523e+01
  2.638950e+00   4.526670e+02   2.521634e+01
  2.641720e+00   4.195090e+02   2.511718e+01
  2.644490e+00   4.504000e+02   2.519854e+01
  2.647260e+00   4.444940e+02   2.500042e+01
  2.650040e+00   4.637000e+02   2.503628e+01
  2.652810e+00   4.193650e+02   2.494478e+01
  2.655580e+00   4.007030e+02   2.486634e+01
  2.658350e+00   4.013210e+02   2.485813e+01
  2.661120e+00   4.142760e+02   2.481363e+01
  2.663890e+00   4.582320e+02   2.486682e+01
  2.666670e+00   4.214180e+02   2.487405e+01
  2.669440e+00   4.367450e+02   2.471782e+01
  2.672210e+00   4.494220e+02   2.482318e+01
  2.674980e+00   4.372280e+02   2.456861e+01
  2.677750e+00   4.013850e+02   2.461080e+01
  2.680520e+00   4.296270e+02   2.462881e+01
  2.683300e+00   4.202190e+02   2.448252e+01
  2.686070e+00   4.412110e+02   2.447091e+01
  2.688840e+00   4.480640e+02   2.440924e+01
  2.691610e+00   3.840570e+02   2.439413e+01
  2.694380e+00   4.509800e+02   2.434477e+01
  2.697150e+00   4.211090e+02   2.418931e+01
  2.699930e+00   4.558140e+02   2.432826e+01
  2.702700e+00   3.923500e+02   2.405586e+01
  2.705470e+00   4.356260e+02   2.425104e+01
  2.708240e+00   4.145770e+02   2.412043e+01
  2.711010e+00   4.284460e+02   2.402702e+01
  2.713780e+00   4.606460e+02   2.425935e+01
  2.716560e+00   3.969380e+02   2.392577e+01
  2.719330e+00   4.245580e+02   2.415887e+01
  2.722100e+00   4.203230e+02   2.403096e+01
  2.724870e+00   3.915890e+02   2.404461e+01
  2.727640e+00   3.940660e+02   2.407293e+01
  2.730410e+00   3.948210e+02   2.398036e+01
  2.733190e+00   3.775450e+02   2.401712e+01
  2.735960e+00   4.660240e+02   2.397112e+01
  2.738730e+00   3.731260e+02   2.397553e+01
  2.741500e+00   4.177750e+02   2.405496e+01
  2.744270e+00   4.278990e+02   2.396914e+01
  2.747050e+00   4.007290e+02   2.400702e+01
  2.749820e+00   4.222740e+02   2.389528e+01
  2.752590e+00   3.836280e+02   2.400389e+01
  2.755360e+00   4.321870e+02   2.398005e+01
  2.758130e+00   4.194000e+02   2.383115e+01
  2.760900e+00   4.449320e+02   2.395734e+01
  2.763680e+00   4.652790e+02   2.397210e+01
  2.766450e+00   3.779720e+02   2.393638e+01
  2.769220e+00   4.170400e+02   2.380063e+01
  2.771990e+00   4.521360e+02   2.382384e+01
  2.774760e+00   4.059640e+02   2.386534e+01
  2.777530e+00   3.714140e+02   2.374140e+01
  2.780310e+00   4.130860e+02   2.376745e+01
  2.783080e+00   4.113260e+02   2.382421e+01
  2.785850e+00   3.893930e+02   2.382778e+01
  2.788620e+00   4.021260e+02   2.386108e+01
  2.791390e+00   4.020820e+02   2.373358e+01
  2.794160e+00   3.766860e+02   2.377082e+01
  2.796940e+00   3.979600e+02   2.380390e+01
  2.799710e+00   4.111890e+02   2.376495e+01
  2.802480e+00   4.000300e+02   2.380665e+01
  2.805250e+00   3.738080e+02   2.361888e+01
  2.808020e+00   4.278000e+02   2.374956e+01
  2.810790e+00   4.350640e+02   2.375806e+01
  2.813570e+00   3.989930e+02   2.369339e+01
  2.816340e+00   4.306550e+02   2.375986e+01
  2.819110e+00   4.013540e+02   2.367838e+01
  2.821880e+00   4.006210e+02   2.364674e+01
  2.824650e+00   3.936280e+02   2.373728e+01
  2.827420e+00   4.115620e+02   2.350730e+01
  2.830200e+00   3.801830e+02   2.367443e+01
  2.832970e+00   4.019100e+02   2.356381e+01
  2.835740e+00   3.794190e+02   2.361269e+01
  2.838510e+00   3.939800e+02   2.357488e+01
  2.841280e+00   4.204770e+02   2.355501e+01
  2.844050e+00   3.896440e+02   2.357281e+01
  2.846830e+00   3.521370e+02   2.358253e+01
  2.849600e+00   3.621550e+02   2.342822e+01
  2.852370e+00   3.783770e+02   2.354233e+01
  2.855140e+00   3.797490e+02   2.352241e+01
  2.857910e+00   4.420430e+02   2.352218e+01
  2.860690e+00   3.785720e+02   2.359857e+01
  2.863460e+00   4.166100e+02   2.336251e+01
  2.866230e+00   3.686130e+02   2.347428e+01
  2.869000e+00   4.036050e+02   2.349767e+01
  2.871770e+00   4.493440e+02   2.345863e+01
  2.874540e+00   3.565000e+02   2.343773e+01
  2.877320e+00   3.743110e+02   2.339665e+01
  2.880090e+00   3.874880e+02   2.345730e+01
  2.882860e+00   4.082980e+02   2.342864e+01
  2.885630e+00   3.761870e+02   2.329958e+01
  2.888400e+00   3.861510e+02   2.343945e+01
  2.891170e+00   4.219470e+02   2.332449e+01
  2.893950e+00   3.894970e+02   2.341716e+01
  2.896720e+00   3.734890e+02   2.328309e+01
  2.899490e+00   3.569270e+02   2.331180e+01
  2.902260e+00   3.690400e+02   2.338830e+01
  2.905030e+00   3.705980e+02   2.343062e+01
  2.907800e+00   3.920830e+02   2.320859e+01
  2.910580e+00   3.598160e+02   2.329637e+01
  2.913350e+00   3.799250e+02   2.328317e+01
  2.916120e+00   4.050870e+02   2.338865e+01
  2.918890e+00   3.959120e+02   2.328855e+01
  2.921660e+00   4.189400e+02   2.317303e+01
  2.924430e+00   3.790390e+02   2.324409e+01
  2.927210e+00   3.628140e+02   2.327054e+01
  2.929980e+00   3.328040e+02   2.324152e+01
  2.932750e+00   3.653000e+02   2.320998e+01
  2.935520e+00   4.224450e+02   2.317779e+01
  2.938290e+00   3.662980e+02   2.322316e+01
  2.941060e+00   3.952960e+02   2.313593e+01
  2.943840e+00   4.288290e+02   2.321358e+01
  2.946610e+00   4.181170e+02   2.322071e+01
  2.949380e+00   3.959810e+02   2.304950e+01
  2.952150e+00   3.927010e+02   2.323753e+01
  2.954920e+00   3.647460e+02   2.309341e+01
  2.957700e+00   3.472440e+02   2.301824e+01
  2.960470e+00   3.997310e+02   2.322675e+01
  2.963240e+00   3.887940e+02   2.308649e+01
  2.966010e+00   4.014830e+02   2.308686e+01
  2.968780e+00   3.797560e+02   2.308480e+01
  2.971550e+00   4.172480e+02   2.305161e+01
  2.974330e+00   3.359590e+02   2.311921e+01
  2.977100e+00   3.348470e+02   2.295994e+01
  2.979870e+00   3.683890e+02   2.307405e+01
  2.982640e+00   3.880600e+02   2.308412e+01
  2.985410e+00   3.291900e+02   2.295404e+01
  2.988180e+00   3.726910e+02   2.310788e+01
  2.990960e+00   4.147010e+02   2.298484e+01
  2.993730e+00   4.126040e+02   2.303546e+01
  2.996500e+00   3.816400e+02   2.295110e+01
  2.999270e+00   3.533670e+02   2.297098e+01
  3.002040e+00   3.818710e+02   2.299630e+01
  3.004810e+00   3.628430e+02   2.290360e+01
  3.007590e+00   3.528830e+02   2.302469e+01
  3.010360e+00   3.555510e+02   2.287591e+01
  3.013130e+00   3.768640e+02   2.291103e+01
  3.015900e+00   4.252960e+02   2.292314e+01
  3.018670e+00   3.671180e+02   2.292798e+01
  3.021440e+00   4.004750e+02   2.302197e+01
  3.024220e+00   3.349960e+02   2.289065e+01
  3.026990e+00   3.563020e+02   2.282079e+01
  3.029760e+00   3.636950e+02   2.294344e+01
  3.032530e+00   3.786850e+02   2.277170e+01
  3.035300e+00   3.702040e+02   2.291009e+01
  3.038070e+00   3.908050e+02   2.278638e+01
  3.040850e+00   3.991280e+02   2.289745e+01
  3.043620e+00   3.496480e+02   2.277000e+01
  3.046390e+00   3.616700e+02   2.270000e+01
  3.049160e+00   3.228230e+02   2.274979e+01
  3.051930e+00   3.695740e+02   2.270732e+01
  3.054710e+00   3.585250e+02   2.269967e+01
  3.057480e+00   3.493460e+02   2.274581e+01
  3.060250e+00   3.533950e+02   2.265990e+01
  3.063020e+00   3.504050e+02   2.269097e+01
  3.065790e+00   3.241780e+02   2.264067e+01
  3.068560e+00   3.848720e+02   2.267131e+01
  3.071340e+00   3.902320e+02   2.270955e+01
  3.074110e+00   3.475850e+02   2.267601e+01
  3.076880e+00   3.974320e+02   2.280813e+01
  3.079650e+00   3.714450e+02   2.264306e+01
  3.082420e+00   3.873110e+02   2.269182e+01
  3.085190e+00   3.491970e+02   2.260855e+01
  3.087970e+00   3.498200e+02   2.267651e+01
  3.090740e+00   3.358480e+02   2.276884e+01
  3.093510e+00   3.558210e+02   2.269117e+01
  3.096280e+00   3.619730e+02   2.261645e+01
  3.099050e+00   3.976290e+02   2.269878e+01
  3.101820e+00   3.790350e+02   2.267068e+01
  3.104600e+00   3.569950e+02   2.267376e+01
  3.107370e+00   3.365810e+02   2.269444e+01
  3.110140e+00   3.557550e+02   2.263266e+01
  3.112910e+00   3.556840e+02   2.267957e+01
  3.115680e+00   3.733350e+02   2.258951e+01
  3.118450e+00   3.405270e+02   2.258418e+01
  3.121230e+00   3.768670e+02   2.269746e+01
  3.124000e+00   3.900070e+02   2.255504e+01
  3.126770e+00   3.161660e+02   2.263170e+01
  3.129540e+00   3.818670e+02   2.252539e+01
  3.132310e+00   3.469440e+02   2.255983e+01
  3.135080e+00   3.355560e+02   2.251766e+01
  3.137860e+00   3.852420e+02   2.248327e+01
  3.140630e+00   3.616900e+02   2.261919e+01
  3.143400e+00   3.285790e+02   2.241690e+01
  3.146170e+00   3.475250e+02   2.243511e+01
  3.148940e+00   3.232630e+02   2.245401e+01
  3.151710e+00   3.871700e+02   2.241282e+01
  3.154490e+00   3.404860e+02   2.290323e+01
  3.157260e+00   3.313730e+02   2.294270e+01
  3.160030e+00   3.305480e+02   2.310443e+01
  3.162800e+00   3.744250e+02   2.327262e+01
  3.165570e+00   3.327880e+02   2.326671e+01
  3.168350e+00   3.380560e+02   2.350509e+01
  3.171120e+00   3.892020e+02   2.351928e+01
  3.173890e+00   3.269670e+02   2.347402e+01
  3.176660e+00   3.508520e+02   2.379035e+01
  3.179430e+00   3.545810e+02   2.367583e+01
  3.182200e+00   3.554880e+02   2.384118e+01
  3.184980e+00   3.864680e+02   2.380317e+01
  3.187750e+00   3.506080e+02   2.394570e+01
  3.190520e+00   3.841710e+02   2.414027e+01
  3.193290e+00   3.163730e+02   2.394870e+01
  3.196060e+00   3.994100e+02   2.413728e+01
  3.198830e+00   3.212820e+02   2.417591e+01
  3.201610e+00   3.420730e+02   2.428739e+01
  3.204380e+00   3.197020e+02   2.426132e+01
  3.207150e+00   3.351500e+02   2.436299e+01
  3.209920e+00   3.527140e+02   2.441392e+01
  3.212690e+00   3.217150e+02   2.451551e+01
  3.215460e+00   3.626200e+02   2.400859e+01
  3.218240e+00   3.265850e+02   2.391205e+01
  3.221010e+00   3.517570e+02   2.379392e+01
  3.223780e+00   2.676440e+02   2.355049e+01
  3.226550e+00   3.486920e+02   2.361484e+01
  3.229320e+00   3.314030e+02   2.347322e+01
  3.232090e+00   3.318620e+02   2.337205e+01
  3.234870e+00   3.544810e+02   2.348199e+01
  3.237640e+00   3.257450e+02   2.328615e+01
  3.240410e+00   3.694710e+02   2.332176e+01
  3.243180e+00   3.691740e+02   2.325673e+01
  3.245950e+00   3.384870e+02   2.329141e+01
  3.248720e+00   3.146350e+02   2.317104e+01
  3.251500e+00   3.506970e+02   2.318717e+01
  3.254270e+00   3.473190e+02   2.324472e+01
  3.257040e+00   2.853270e+02   2.298011e+01
  3.259810e+00   3.442980e+02   2.312463e+01
  3.262580e+00   3.825990e+02   2.308729e+01
  3.265360e+00   3.306020e+02   2.297180e+01
  3.268130e+00   3.266410e+02   2.304186e+01
  3.270900e+00   3.598750e+02   2.299954e+01
  3.273670e+00   3.263930e+02   2.283630e+01
  3.276440e+00   3.299380e+02   2.292162e+01
  3.279210e+00   3.551320e+02   2.297333e+01
  3.281990e+00   3.736280e+02   2.295812e+01
  3.284760e+00   3.202340e+02   2.279856e+01
  3.287530e+00   3.545380e+02   2.290207e+01
  3.290300e+00   3.597570e+02   2.277446e+01
  3.293070e+00   3.254180e+02   2.274315e+01
  3.295840e+00   3.344120e+02   2.276155e+01
  3.298620e+00   3.758320e+02   2.275980e+01
  3.301390e+00   3.663410e+02   2.276597e+01
  3.304160e+00   3.631360e+02   2.268866e+01
  3.306930e+00   3.727840e+02   2.271626e+01
  3.309700e+00   3.273750e+02   2.264093e+01
  3.312470e+00   3.126310e+02   2.271604e+01
  3.315250e+00   3.605350e+02   2.274747e+01
  3.318020e+00   3.509010e+02   2.261106e+01
  3.320790e+00   3.234860e+02   2.260816e+01
  3.323560e+00   3.370850e+02   2.263667e+01
  3.326330e+00   3.369610e+02   2.257852e+01
  3.329100e+00   3.498730e+02   2.266508e+01
  3.331880e+00   3.462040e+02   2.259338e+01
  3.334650e+00   3.666060e+02   2.258472e+01
  3.337420e+00   3.535000e+02   2.260438e+01
  3.340190e+00   2.859630e+02   2.248114e+01
  3.342960e+00   3.350420e+02   2.254861e+01
  3.345730e+00   3.790930e+02   2.256561e+01
  3.348510e+00   3.412020e+02   2.259678e+01
  3.351280e+00   3.492420e+02   2.259787e+01
  3.354050e+00   3.281420e+02   2.247324e+01
  3.356820e+00   3.371560e+02   2.251697e+01
  3.359590e+00   3.111920e+02   2.261357e+01
  3.362370e+00   3.572900e+02   2.256119e+01
  3.365140e+00   3.809770e+02   2.262588e+01
  3.367910e+00   3.315800e+02   2.239460e+01
  3.370680e+00   3.270870e+02   2.247258e+01
  3.373450e+00   3.129680e+02   2.250154e+01
  3.376220e+00   2.891140e+02   2.235495e+01
  3.379000e+00   3.622340e+02   2.248683e+01
  3.381770e+00   3.580120e+02   2.250064e+01
  3.384540e+00   3.137350e+02   2.246043e+01
  3.387310e+00   2.915220e+02   2.242411e+01
  3.390080e+00   3.104400e+02   2.233322e+01
  3.392850e+00   3.367060e+02   2.234985e+01
  3.395630e+00   3.526260e+02   2.247425e+01
  3.398400e+00   3.152080e+02   2.233066e+01
  3.401170e+00   3.461230e+02   2.239279e+01
  3.403940e+00   3.216010e+02   2.222629e+01
  3.406710e+00   3.069790e+02   2.232370e+01
  3.409480e+00   3.153400e+02   2.237818e+01
  3.412260e+00   3.237500e+02   2.222194e+01
  3.415030e+00   3.352740e+02   2.239435e+01
  3.417800e+00   3.275820e+02   2.227078e+01
  3.420570e+00   2.998900e+02   2.220210e+01
  3.423340e+00   3.112090e+02   2.226982e+01
  3.426110e+00   3.152730e+02   2.214270e+01
  3.428890e+00   3.463280e+02   2.241090e+01
  3.431660e+00   3.650190e+02   2.218544e+01
  3.434430e+00   2.914250e+02   2.219562e+01
  3.437200e+00   2.980960e+02   2.219107e+01
  3.439970e+00   3.221300e+02   2.207728e+01
  3.442740e+00   3.241880e+02   2.223972e+01
  3.445520e+00   3.145300e+02   2.207124e+01
  3.448290e+00   2.966000e+02   2.217585e+01
  3.451060e+00   3.225860e+02   2.211904e+01
  3.453830e+00   3.900450e+02   2.205038e+01
  3.456600e+00   3.346230e+02   2.212173e+01
  3.459370e+00   3.327850e+02   2.205349e+01
  3.462150e+00   3.403000e+02   2.204710e+01
  3.464920e+00   3.224430e+02   2.209832e+01
  3.467690e+00   3.359970e+02   2.197692e+01
  3.470460e+00   3.697160e+02   2.205205e+01
  3.473230e+00   3.248670e+02   2.201592e+01
  3.476010e+00   2.679890e+02   2.200814e+01
  3.478780e+00   2.903060e+02   2.201407e+01
  3.481550e+00   3.092210e+02   2.194254e+01
  3.484320e+00   3.081050e+02   2.207402e+01
  3.487090e+00   3.115350e+02   2.196762e+01
  3.489860e+00   3.154720e+02   2.197587e+01
  3.492640e+00   3.510570e+02   2.211465e+01
  3.495410e+00   3.185750e+02   2.200374e+01
  3.498180e+00   3.463070e+02   2.205848e+01
  3.500950e+00   2.978450e+02   2.199246e+01
  3.503720e+00   3.053200e+02   2.201080e+01
  3.506490e+00   3.603580e+02   2.205144e+01
  3.509270e+00   3.192590e+02   2.202301e+01
  3.512040e+00   3.137940e+02   2.203831e+01
  3.514810e+00   3.279420e+02   2.206312e+01
  3.517580e+00   3.182770e+02   2.203319e+01
  3.520350e+00   2.982160e+02   2.192095e+01
  3.523120e+00   3.140630e+02   2.210101e+01
  3.525900e+00   2.978370e+02   2.196570e+01
  3.528670e+00   3.148530e+02   2.203772e+01
  3.531440e+00   2.926970e+02   2.199121e+01
  3.534210e+00   3.220570e+02   2.199971e+01
  3.536980e+00   3.333400e+02   2.208049e+01
  3.539750e+00   3.014180e+02   2.188378e+01
  3.542530e+00   3.271290e+02   2.212659e+01
  3.545300e+00   3.362630e+02   2.202105e+01
  3.548070e+00   3.339740e+02   2.202645e+01
  3.550840e+00   3.243040e+02   2.207601e+01
  3.553610e+00   2.799040e+02   2.189947e+01
  3.556380e+00   3.031070e+02   2.203508e+01
  3.559160e+00   2.917220e+02   2.200607e+01
  3.561930e+00   3.022650e+02   2.205507e+01
  3.564700e+00   3.057030e+02   2.197496e+01
  3.567470e+00   3.175300e+02   2.201960e+01
  3.570240e+00   2.942870e+02   2.197892e+01
  3.573020e+00   3.152190e+02   2.199361e+01
  3.575790e+00   2.971010e+02   2.204467e+01
  3.578560e+00   3.202300e+02   2.197571e+01
  3.581330e+00   2.820180e+02   2.200374e+01
  3.584100e+00   3.520490e+02   2.199873e+01
  3.586870e+00   2.812010e+02   2.196631e+01
  3.589650e+00   2.922150e+02   2.205986e+01
  3.592420e+00   3.012540e+02   2.196883e+01
  3.595190e+00   3.253260e+02   2.203581e+01
  3.597960e+00   3.315220e+02   2.201326e+01
  3.600730e+00   3.118250e+02   2.197816e+01
  3.603500e+00   3.449970e+02   2.201726e+01
  3.606280e+00   3.209470e+02   2.204598e+01
  3.609050e+00   3.070710e+02   2.204136e+01
  3.611820e+00   3.177800e+02   2.199233e+01
  3.614590e+00   3.299400e+02   2.201010e+01
  3.617360e+00   3.200040e+02   2.198723e+01
  3.620130e+00   2.831290e+02   2.201008e+01
  3.622910e+00   3.043880e+02   2.204519e+01
  3.625680e+00   2.945770e+02   2.196453e+01
  3.628450e+00   2.759330e+02   2.198849e+01
  3.631220e+00   3.233880e+02   2.194667e+01
  3.633990e+00   2.850500e+02   2.198292e+01
  3.636760e+00   3.030260e+02   2.196249e+01
  3.639540e+00   3.367950e+02   2.197759e+01
  3.642310e+00   2.892210e+02   2.194014e+01
  3.645080e+00   3.278700e+02   2.198431e+01
  3.647850e+00   2.919970e+02   2.193503e+01
  3.650620e+00   3.081220e+02   2.197742e+01
  3.653390e+00   3.055390e+02   2.194862e+01
  3.656170e+00   2.990570e+02   2.198316e+01
  3.658940e+00   2.870730e+02   2.189397e+01
  3.661710e+00   3.252110e+02   2.194001e+01
  3.664480e+00   2.974880e+02   2.202622e+01
  3.667250e+00   3.033880e+02   2.192918e+01
  3.670030e+00   3.118400e+02   2.196089e+01
  3.672800e+00   3.109150e+02   2.196628e+01
  3.675570e+00   2.803950e+02   2.194380e+01
  3.678340e+00   3.138510e+02   2.197739e+01
  3.681110e+00   2.829310e+02   2.191580e+01
  3.683880e+00   3.046780e+02   2.199326e+01
  3.686660e+00   3.220850e+02   2.196631e+01
  3.689430e+00   2.900230e+02   2.204043e+01
  3.692200e+00   2.864320e+02   2.195850e+01
  3.694970e+00   2.980710e+02   2.201221e+01
  3.697740e+00   2.496190e+02   2.199839e+01
  3.700510e+00   2.537690e+02   2.187803e+01
  3.703290e+00   2.914360e+02   2.212361e+01
  3.706060e+00   2.628060e+02   2.193599e+01
  3.708830e+00   2.537650e+02   2.189776e+01
  3.711600e+00   2.834730e+02   2.207343e+01
  3.714370e+00   3.030830e+02   2.189560e+01
  3.717140e+00   2.776940e+02   2.200604e+01
  3.719920e+00   2.895670e+02   2.197175e+01
  3.722690e+00   2.976740e+02   2.207365e+01
  3.725460e+00   2.864020e+02   2.206832e+01
  3.728230e+00   3.456700e+02   2.189423e+01
  3.731000e+00   2.763450e+02   2.205489e+01
  3.733770e+00   3.193200e+02   2.199699e+01
  3.736550e+00   2.698550e+02   2.194530e+01
  3.739320e+00   2.875590e+02   2.206160e+01
  3.742090e+00   2.663470e+02   2.223696e+01
  3.744860e+00   2.990960e+02   2.253007e+01
  3.747630e+00   3.004610e+02   2.262195e+01
  3.750400e+00   3.006010e+02   2.277581e+01
  3.753180e+00   3.294460e+02   2.296536e+01
  3.755950e+00   3.244470e+02   2.291962e+01
  3.758720e+00   2.974960e+02   2.311674e+01
  3.761490e+00   3.258710e+02   2.315458e+01
  3.764260e+00   2.854020e+02   2.317564e+01
  3.767030e+00   2.891880e+02   2.322560e+01
  3.769810e+00   2.810020e+02   2.336066e+01
  3.772580e+00   3.005390e+02   2.332481e+01
  3.775350e+00   2.536530e+02   2.342065e+01
  3.778120e+00   2.593620e+02   2.345862e+01
  3.780890e+00   3.100000e+02   2.366856e+01
  3.783670e+00   2.828700e+02   2.363934e+01
  3.786440e+00   2.695760e+02   2.363145e+01
  3.789210e+00   2.789750e+02   2.382575e+01
  3.791980e+00   3.083450e+02   2.382019e+01
  3.794750e+00   3.024990e+02   2.394594e+01
  3.797520e+00   2.747520e+02   2.392248e+01
  3.800300e+00   2.623270e+02   2.398993e+01
  3.803070e+00   2.453420e+02   2.366526e+01
  3.805840e+00   2.850850e+02   2.350316e+01
  3.808610e+00   2.779700e+02   2.330916e+01
  3.811380e+00   2.787750e+02   2.321929e+01
  3.814150e+00   2.839350e+02   2.314775e+01
  3.816930e+00   2.487800e+02   2.322466e+01
  3.819700e+00   3.025720e+02   2.302721e+01
  3.822470e+00   3.189560e+02   2.301826e+01
  3.825240e+00   3.137990e+02   2.306375e+01
  3.828010e+00   3.018690e+02   2.295549e+01
  3.830780e+00   3.137100e+02   2.302121e+01
  3.833560e+00   2.864960e+02   2.289064e+01
  3.836330e+00   2.556850e+02   2.290125e+01
  3.839100e+00   2.903070e+02   2.288068e+01
  3.841870e+00   2.948540e+02   2.288275e+01
  3.844640e+00   2.879580e+02   2.284700e+01
  3.847410e+00   2.954090e+02   2.280313e+01
  3.850190e+00   2.919790e+02   2.285713e+01
  3.852960e+00   2.737680e+02   2.280896e+01
  3.855730e+00   2.908170e+02   2.272057e+01
  3.858500e+00   2.706800e+02   2.268563e+01
  3.861270e+00   2.955030e+02   2.271420e+01
  3.864040e+00   3.355190e+02   2.281081e+01
  3.866820e+00   2.587440e+02   2.258373e+01
  3.869590e+00   2.485680e+02   2.265091e+01
  3.872360e+00   2.972390e+02   2.258748e+01
  3.875130e+00   3.169370e+02   2.265844e+01
  3.877900e+00   3.216570e+02   2.263913e+01
  3.880680e+00   2.804550e+02   2.258402e+01
  3.883450e+00   2.699550e+02   2.265877e+01
  3.886220e+00   2.500900e+02   2.250310e+01
  3.888990e+00   2.952140e+02   2.252133e+01
  3.891760e+00   2.638890e+02   2.255005e+01
  3.894530e+00   2.703130e+02   2.249906e+01
  3.897310e+00   2.709340e+02   2.254671e+01
  3.900080e+00   2.955820e+02   2.247624e+01
  3.902850e+00   2.838980e+02   2.242718e+01
  3.905620e+00   2.776180e+02   2.242811e+01
  3.908390e+00   2.552880e+02   2.237429e+01
  3.911160e+00   2.942860e+02   2.244632e+01
  3.913940e+00   3.105230e+02   2.237962e+01
  3.916710e+00   2.707600e+02   2.238672e+01
  3.919480e+00   2.886020e+02   2.245740e+01
  3.922250e+00   2.995870e+02   2.239134e+01
  3.925020e+00   3.226310e+02   2.241225e+01
  3.927790e+00   2.565540e+02   2.237246e+01
  3.930570e+00   2.472600e+02   2.235623e+01
  3.933340e+00   2.643610e+02   2.234478e+01
  3.936110e+00   2.733820e+02   2.234410e+01
  3.938880e+00   2.638150e+02   2.234190e+01
  3.941650e+00   3.031090e+02   2.237886e+01
  3.944420e+00   3.037190e+02   2.236201e+01
  3.947200e+00   3.043240e+02   2.241305e+01
  3.949970e+00   2.741380e+02   2.241653e+01
  3.952740e+00   2.715250e+02   2.240270e+01
  3.955510e+00   2.460280e+02   2.236547e+01
  3.958280e+00   2.760620e+02   2.252841e+01
  3.961050e+00   2.836090e+02   2.236467e+01
  3.963830e+00   2.535700e+02   2.249977e+01
  3.966600e+00   2.325230e+02   2.239718e+01
  3.969370e+00   2.807370e+02   2.253200e+01
  3.972140e+00   2.895610e+02   2.247858e+01
  3.974910e+00   2.689820e+02   2.240006e+01
  3.977690e+00   2.663200e+02   2.264717e+01
  3.980460e+00   2.947240e+02   2.243952e+01
  3.983230e+00   2.387380e+02   2.246429e+01
  3.986000e+00   2.845120e+02   2.245954e+01
  3.988770e+00   2.342160e+02   2.246856e+01
  3.991540e+00   2.251510e+02   2.255656e+01
  3.994320e+00   2.922150e+02   2.249581e+01
  3.997090e+00   2.669520e+02   2.251986e+01
  3.999860e+00   2.828910e+02   2.252400e+01
  4.002630e+00   2.962580e+02   2.247543e+01
  4.005400e+00   2.993400e+02   2.259204e+01
  4.008170e+00   2.627300e+02   2.242976e+01
  4.010950e+00   2.751300e+02   2.261277e+01
  4.013720e+00   2.613140e+02   2.260122e+01
  4.016490e+00   2.843010e+02   2.251639e+01
  4.019260e+00   2.719070e+02   2.263967e+01
  4.022030e+00   2.813890e+02   2.249474e+01
  4.024800e+00   2.559950e+02   2.256092e+01
  4.027580e+00   2.866250e+02   2.262462e+01
  4.030350e+00   2.928020e+02   2.255095e+01
  4.033120e+00   2.628620e+02   2.258906e+01
  4.035890e+00   2.885490e+02   2.254668e+01
  4.038660e+00   2.488700e+02   2.259584e+01
  4.041430e+00   2.157610e+02   2.254223e+01
  4.044210e+00   2.633600e+02   2.257394e+01
  4.046980e+00   2.913480e+02   2.266820e+01
  4.049750e+00   3.184830e+02   2.257293e+01
  4.052520e+00   2.889330e+02   2.265629e+01
  4.055290e+00   2.654710e+02   2.261248e+01
  4.058060e+00   2.743810e+02   2.259703e+01
  4.060840e+00   2.627440e+02   2.259629e+01
  4.063610e+00   2.917970e+02   2.266178e+01
  4.066380e+00   2.331300e+02   2.255466e+01
  4.069150e+00   2.676170e+02   2.258205e+01
  4.071920e+00   2.714570e+02   2.263474e+01
  4.074690e+00   2.914460e+02   2.262029e+01
  4.077470e+00   2.599920e+02   2.262779e+01
  4.080240e+00   2.643730e+02   2.260185e+01
  4.083010e+00   2.976710e+02   2.263970e+01
  4.085780e+00   2.984490e+02   2.268136e+01
  4.088550e+00   2.846000e+02   2.254955e+01
  4.091330e+00   2.681110e+02   2.272346e+01
  4.094100e+00   2.888730e+02   2.258388e+01
  4.096870e+00   3.012230e+02   2.259359e+01
  4.099640e+00   2.470060e+02   2.258282e+01
  4.102410e+00   2.837040e+02   2.254665e+01
  4.105180e+00   2.589540e+02   2.266569e+01
  4.107960e+00   2.924720e+02   2.255261e+01
  4.110730e+00   2.482610e+02   2.269681e+01
  4.113500e+00   2.738170e+02   2.251509e+01
  4.116270e+00   2.273000e+02   2.254684e+01
  4.119040e+00   3.071140e+02   2.260556e+01
  4.121810e+00   3.244460e+02   2.261245e+01
  4.124590e+00   2.420260e+02   2.264292e+01
  4.127360e+00   2.878940e+02   2.256435e+01
  4.130130e+00   2.518150e+02   2.259668e+01
  4.132900e+00   2.802230e+02   2.263110e+01
  4.135670e+00   2.847560e+02   2.259421e+01
  4.138440e+00   2.898020e+02   2.271256e+01
  4.141220e+00   2.481670e+02   2.257944e+01
  4.143990e+00   2.845440e+02   2.263846e+01
  4.146760e+00   3.075110e+02   2.263803e+01
  4.149530e+00   2.764240e+02   2.257700e+01
  4.152300e+00   2.732020e+02   2.271491e+01
  4.155070e+00   2.754210e+02   2.253600e+01
  4.157850e+00   2.876920e+02   2.266259e+01
  4.160620e+00   2.907330e+02   2.252107e+01
  4.163390e+00   2.618790e+02   2.253616e+01
  4.166160e+00   2.258450e+02   2.259304e+01
  4.168930e+00   2.645180e+02   2.252366e+01
  4.171700e+00   2.525320e+02   2.258244e+01
  4.174480e+00   2.781450e+02   2.257825e+01
  4.177250e+00   2.596900e+02   2.247931e+01
  4.180020e+00   2.562320e+02   2.246462e+01
  4.182790e+00   3.014220e+02   2.256144e+01
  4.185560e+00   2.477980e+02   2.251594e+01
  4.188340e+00   2.585400e+02   2.255397e+01
  4.191110e+00   2.412870e+02   2.251447e+01
  4.193880e+00   2.293830e+02   2.254646e+01
  4.196650e+00   2.405820e+02   2.248817e+01
  4.199420e+00   2.511910e+02   2.251579e+01
  4.202190e+00   2.881780e+02   2.260101e+01
  4.204970e+00   2.951730e+02   2.261810e+01
  4.207740e+00   2.751990e+02   2.259173e+01
  4.210510e+00   2.841330e+02   2.253989e+01
  4.213280e+00   2.489670e+02   2.261913e+01
  4.216050e+00   2.847840e+02   2.265522e+01
  4.218820e+00   2.485880e+02   2.270372e+01
  4.221600e+00   2.729530e+02   2.262566e+01
  4.224370e+00   2.619180e+02   2.266886e+01
  4.227140e+00   2.638550e+02   2.265456e+01
  4.229910e+00   2.522100e+02   2.263774e+01
  4.232680e+00   2.883210e+02   2.269194e+01
  4.235450e+00   2.955460e+02   2.269470e+01
  4.238230e+00   2.702010e+02   2.275958e+01
  4.241000e+00   2.716160e+02   2.259227e+01
  4.243770e+00   2.345230e+02   2.269394e+01
  4.246540e+00   2.654410e+02   2.264229e+01
  4.249310e+00   2.229670e+02   2.264780e+01
  4.252080e+00   2.591510e+02   2.281540e+01
  4.254860e+00   2.661890e+02   2.259980e+01
  4.257630e+00   2.368380e+02   2.271585e+01
  4.260400e+00   2.669460e+02   2.267413e+01
  4.263170e+00   2.839110e+02   2.269426e+01
  4.265940e+00   2.688730e+02   2.281249e+01
  4.268710e+00   2.584510e+02   2.268337e+01
  4.271490e+00   3.042250e+02   2.282146e+01
  4.274260e+00   2.579180e+02   2.268871e+01
  4.277030e+00   2.666330e+02   2.266217e+01
  4.279800e+00   2.226630e+02   2.272989e+01
  4.282570e+00   2.399260e+02   2.266597e+01
  4.285350e+00   2.634110e+02   2.285722e+01
  4.288120e+00   2.853570e+02   2.280062e+01
  4.290890e+00   2.455140e+02   2.262943e+01
  4.293660e+00   2.448860e+02   2.284115e+01
  4.296430e+00   2.709070e+02   2.273823e+01
  4.299200e+00   2.269180e+02   2.276231e+01
  4.301980e+00   2.669380e+02   2.276753e+01
  4.304750e+00   2.552880e+02   2.280852e+01
  4.307520e+00   2.108710e+02   2.275473e+01
  4.310290e+00   2.750700e+02   2.273087e+01
  4.313060e+00   2.746520e+02   2.278096e+01
  4.315830e+00   2.644000e+02   2.280593e+01
  4.318610e+00   2.407990e+02   2.282769e+01
  4.321380e+00   2.668730e+02   2.284219e+01
  4.324150e+00   2.762950e+02   2.275669e+01
  4.326920e+00   2.415640e+02   2.284756e+01
  4.329690e+00   2.645470e+02   2.326772e+01
  4.332460e+00   2.236620e+02   2.342171e+01
  4.335240e+00   2.480060e+02   2.366939e+01
  4.338010e+00   2.498660e+02   2.374908e+01
  4.340780e+00   2.677340e+02   2.398645e+01
  4.343550e+00   2.374320e+02   2.414687e+01
  4.346320e+00   2.174890e+02   2.416968e+01
  4.349090e+00   2.463850e+02   2.428830e+01
  4.351870e+00   2.613810e+02   2.438979e+01
  4.354640e+00   2.625220e+02   2.448069e+01
  4.357410e+00   2.902880e+02   2.459546e+01
  4.360180e+00   2.978740e+02   2.464744e+01
  4.362950e+00   2.246340e+02   2.475246e+01
  4.365720e+00   2.724240e+02   2.495672e+01
  4.368500e+00   2.467840e+02   2.490188e+01
  4.371270e+00   2.265870e+02   2.505169e+01
  4.374040e+00   2.310010e+02   2.506232e+01
  4.376810e+00   2.738410e+02   2.517048e+01
  4.379580e+00   3.208040e+02   2.543256e+01
  4.382350e+00   2.674990e+02   2.523523e+01
  4.385130e+00   2.517530e+02   2.558895e+01
  4.387900e+00   2.765300e+02   2.553487e+01
  4.390670e+00   2.695730e+02   2.508164e+01
  4.393440e+00   2.937600e+02   2.491253e+01
  4.396210e+00   2.541510e+02   2.462425e+01
  4.398990e+00   2.611360e+02   2.471341e+01
  4.401760e+00   2.579000e+02   2.440722e+01
  4.404530e+00   2.661520e+02   2.439023e+01
  4.407300e+00   2.651100e+02   2.432134e+01
  4.410070e+00   2.203780e+02   2.421482e+01
  4.412840e+00   2.045840e+02   2.426048e+01
  4.415620e+00   2.792380e+02   2.425356e+01
  4.418390e+00   2.822350e+02   2.420791e+01
  4.421160e+00   2.222690e+02   2.421041e+01
  4.423930e+00   2.601530e+02   2.414110e+01
  4.426700e+00   2.528570e+02   2.408390e+01
  4.429470e+00   2.505330e+02   2.402329e+01
  4.432250e+00   2.693390e+02   2.403737e+01
  4.435020e+00   2.346430e+02   2.401777e+01
  4.437790e+00   2.813310e+02   2.391021e+01
  4.440560e+00   2.455890e+02   2.389187e+01
  4.443330e+00   2.159920e+02   2.397121e+01
  4.446100e+00   2.620060e+02   2.405436e+01
  4.448880e+00   2.283940e+02   2.391318e+01
  4.451650e+00   2.384820e+02   2.392968e+01
  4.454420e+00   2.393110e+02   2.389432e+01
  4.457190e+00   2.960770e+02   2.402731e+01
  4.459960e+00   2.484840e+02   2.391711e+01
  4.462730e+00   2.532140e+02   2.400016e+01
  4.465510e+00   2.560120e+02   2.387744e+01
  4.468280e+00   2.647540e+02   2.395946e+01
  4.471050e+00   2.469350e+02   2.382364e+01
  4.473820e+00   2.351250e+02   2.383234e+01
  4.476590e+00   2.257080e+02   2.375008e+01
  4.479360e+00   1.996040e+02   2.373762e+01
  4.482140e+00   2.590550e+02   2.383429e+01
  4.484910e+00   2.395040e+02   2.364384e+01
  4.487680e+00   2.623250e+02   2.372459e+01
  4.490450e+00   2.192540e+02   2.367388e+01
  4.493220e+00   2.284810e+02   2.380699e+01
  4.496000e+00   2.396910e+02   2.370958e+01
  4.498770e+00   2.651080e+02   2.358287e+01
  4.501540e+00   2.638570e+02   2.367415e+01
  4.504310e+00   2.720430e+02   2.366023e+01
  4.507080e+00   2.251650e+02   2.366225e+01
  4.509850e+00   2.467240e+02   2.366328e+01
  4.512630e+00   2.673770e+02   2.359561e+01
  4.515400e+00   2.281930e+02   2.354253e+01
  4.518170e+00   2.253120e+02   2.355783e+01
  4.520940e+00   2.560210e+02   2.363792e+01
  4.523710e+00   2.498120e+02   2.353419e+01
  4.526480e+00   2.732000e+02   2.364847e+01
  4.529260e+00   2.691990e+02   2.370241e+01
  4.532030e+00   2.952720e+02   2.357781e+01
  4.534800e+00   2.810630e+02   2.364997e+01
  4.537570e+00   2.523550e+02   2.357011e+01
  4.540340e+00   2.333550e+02   2.368380e+01
  4.543110e+00   2.544840e+02   2.356526e+01
  4.545890e+00   2.726380e+02   2.361041e+01
  4.548660e+00   2.713220e+02   2.363877e+01
  4.551430e+00   2.785520e+02   2.355210e+01
  4.554200e+00   2.479410e+02   2.367809e+01
  4.556970e+00   2.636680e+02   2.360819e+01
  4.559740e+00   2.706280e+02   2.363478e+01
  4.562520e+00   2.274430e+02   2.363995e+01
  4.565290e+00   2.029880e+02   2.346587e+01
  4.568060e+00   2.314360e+02   2.363122e+01
  4.570830e+00   2.587720e+02   2.350174e+01
  4.573600e+00   2.067130e+02   2.357605e+01
  4.576370e+00   2.454080e+02   2.367576e+01
  4.579150e+00   2.890410e+02   2.359014e+01
  4.581920e+00   2.284360e+02   2.365759e+01
  4.584690e+00   2.633340e+02   2.357966e+01
  4.587460e+00   2.764720e+02   2.363670e+01
  4.590230e+00   2.524860e+02   2.359335e+01
  4.593010e+00   2.621560e+02   2.358174e+01
  4.595780e+00   2.603410e+02   2.371181e+01
  4.598550e+00   2.452250e+02   2.347299e+01
  4.601320e+00   2.109790e+02   2.360868e+01
  4.604090e+00   2.633380e+02   2.369609e+01
  4.606860e+00   2.497080e+02   2.349604e+01
  4.609640e+00   2.474180e+02   2.367638e+01
  4.612410e+00   2.512750e+02   2.358190e+01
  4.615180e+00   2.640530e+02   2.369021e+01
  4.617950e+00   2.260020e+02   2.354669e+01
  4.620720e+00   2.642270e+02   2.365247e+01
  4.623490e+00   2.767210e+02   2.373433e+01
  4.626270e+00   2.290080e+02   2.355878e+01
  4.629040e+00   2.418290e+02   2.358622e+01
  4.631810e+00   2.546900e+02   2.355863e+01
  4.634580e+00   2.212330e+02   2.366120e+01
  4.637350e+00   2.237390e+02   2.352760e+01
  4.640120e+00   2.809600e+02   2.362107e+01
  4.642900e+00   2.234280e+02   2.369462e+01
  4.645670e+00   2.595190e+02   2.356513e+01
  4.648440e+00   2.353870e+02   2.361415e+01
  4.651210e+00   2.483270e+02   2.356658e+01
  4.653980e+00   2.405570e+02   2.368484e+01
  4.656750e+00   2.039220e+02   2.357530e+01
  4.659530e+00   2.302410e+02   2.361160e+01
  4.662300e+00   2.318540e+02   2.373563e+01
  4.665070e+00   1.994070e+02   2.347691e+01
  4.667840e+00   2.663730e+02   2.368379e+01
  4.670610e+00   2.800080e+02   2.367739e+01
  4.673380e+00   2.425290e+02   2.364378e+01
  4.676160e+00   2.638000e+02   2.366865e+01
  4.678930e+00   2.264940e+02   2.355968e+01
  4.681700e+00   2.420970e+02   2.369537e+01
  4.684470e+00   2.465140e+02   2.351811e+01
  4.687240e+00   2.457980e+02   2.371170e+01
  4.690010e+00   2.288250e+02   2.360524e+01
  4.692790e+00   2.185570e+02   2.363946e+01
  4.695560e+00   2.547380e+02   2.362234e+01
  4.698330e+00   2.464140e+02   2.350599e+01
  4.701100e+00   2.526000e+02   2.359690e+01
  4.703870e+00   2.272670e+02   2.361697e+01
  4.706650e+00   2.145740e+02   2.354946e+01
  4.709420e+00   2.327730e+02   2.373830e+01
  4.712190e+00   2.039470e+02   2.343788e+01
  4.714960e+00   2.361900e+02   2.369384e+01
  4.717730e+00   2.476620e+02   2.352576e+01
  4.720500e+00   2.033190e+02   2.361677e+01
  4.723280e+00   2.327520e+02   2.364611e+01
  4.726050e+00   2.158080e+02   2.348486e+01
  4.728820e+00   2.057460e+02   2.371322e+01
  4.731590e+00   2.494460e+02   2.351708e+01
  4.734360e+00   2.444860e+02   2.357484e+01
  4.737130e+00   2.654350e+02   2.368725e+01
  4.739910e+00   2.214050e+02   2.357212e+01
  4.742680e+00   2.305300e+02   2.376149e+01
  4.745450e+00   2.474790e+02   2.357508e+01
  4.748220e+00   2.432650e+02   2.370793e+01
  4.750990e+00   2.507320e+02   2.368700e+01
  4.753760e+00   2.648090e+02   2.375052e+01
  4.756540e+00   2.335130e+02   2.376427e+01
  4.759310e+00   2.331980e+02   2.362566e+01
  4.762080e+00   2.458380e+02   2.377771e+01
  4.764850e+00   2.491370e+02   2.368717e+01
  4.767620e+00   2.613950e+02   2.376787e+01
  4.770390e+00   2.011340e+02   2.369566e+01
  4.773170e+00   2.059120e+02   2.376493e+01
  4.775940e+00   2.350030e+02   2.374931e+01
  4.778710e+00   2.571130e+02   2.366190e+01
  4.781480e+00   2.733930e+02   2.385105e+01
  4.784250e+00   2.375990e+02   2.365481e+01
  4.787020e+00   2.181080e+02   2.379796e+01
  4.789800e+00   2.362480e+02   2.381949e+01
  4.792570e+00   2.618050e+02   2.365815e+01
  4.795340e+00   2.549290e+02   2.376641e+01
  4.798110e+00   2.402010e+02   2.371155e+01
  4.800880e+00   2.022190e+02   2.380965e+01
  4.803660e+00   2.547900e+02   2.374868e+01
  4.806430e+00   2.107900e+02   2.367784e+01
  4.809200e+00   2.119000e+02   2.388426e+01
  4.811970e+00   2.223560e+02   2.366065e+01
  4.814740e+00   2.666430e+02   2.381634e+01
  4.817510e+00   2.446520e+02   2.370499e+01
  4.820290e+00   2.534580e+02   2.386261e+01
  4.823060e+00   2.756370e+02   2.388028e+01
  4.825830e+00   2.678230e+02   2.370959e+01
  4.828600e+00   2.095610e+02   2.380855e+01
  4.831370e+00   2.380670e+02   2.371779e+01
  4.834140e+00   2.423120e+02   2.381810e+01
  4.836920e+00   2.632440e+02   2.386665e+01
  4.839690e+00   2.700360e+02   2.363362e+01
  4.842460e+00   2.331580e+02   2.376163e+01
  4.845230e+00   2.490030e+02   2.367042e+01
  4.848000e+00   2.569020e+02   2.377788e+01
  4.850770e+00   2.438610e+02   2.378124e+01
  4.853550e+00   2.460150e+02   2.368294e+01
  4.856320e+00   1.887540e+02   2.373898e+01
  4.859090e+00   2.187430e+02   2.367286e+01
  4.861860e+00   2.259600e+02   2.373408e+01
  4.864630e+00   2.375380e+02   2.369130e+01
  4.867400e+00   2.509540e+02   2.363779e+01
  4.870180e+00   2.716120e+02   2.382035e+01
  4.872950e+00   2.637630e+02   2.362107e+01
  4.875720e+00   2.592070e+02   2.377945e+01
  4.878490e+00   1.830190e+02   2.358237e+01
  4.881260e+00   2.396760e+02   2.374538e+01
  4.884030e+00   2.448290e+02   2.377048e+01
  4.886810e+00   2.144790e+02   2.363625e+01
  4.889580e+00   2.024770e+02   2.375030e+01
  4.892350e+00   2.488540e+02   2.366998e+01
  4.895120e+00   2.395550e+02   2.376042e+01
  4.897890e+00   2.468580e+02   2.378442e+01
  4.900670e+00   2.092990e+02   2.366039e+01
  4.903440e+00   2.449010e+02   2.379792e+01
  4.906210e+00   2.421690e+02   2.356900e+01
  4.908980e+00   2.113060e+02   2.366734e+01
  4.911750e+00   2.375080e+02   2.365769e+01
  4.914520e+00   2.563570e+02   2.365559e+01
  4.917300e+00   2.405650e+02   2.416349e+01
  4.920070e+00   2.318420e+02   2.438425e+01
  4.922840e+00   2.100800e+02   2.452383e+01
  4.925610e+00   2.227050e+02   2.472369e+01
  4.928380e+00   2.615920e+02   2.491824e+01
  4.931150e+00   2.304540e+02   2.498881e+01
  4.933930e+00   2.171090e+02   2.517057e+01
  4.936700e+00   2.077950e+02   2.524064e+01
  4.939470e+00   1.985250e+02   2.534709e+01
  4.942240e+00   1.944100e+02   2.536197e+01
  4.945010e+00   2.580620e+02   2.550590e+01
  4.947780e+00   2.068570e+02   2.560341e+01
  4.950560e+00   2.544030e+02   2.585833e+01
  4.953330e+00   2.121240e+02   2.571224e+01
  4.956100e+00   2.142580e+02   2.605180e+01
  4.958870e+00   2.546980e+02   2.596299e+01
  4.961640e+00   2.353380e+02   2.640895e+01
  4.964410e+00   2.731000e+02   2.625411e+01
  4.967190e+00   2.007490e+02   2.641262e+01
  4.969960e+00   1.976770e+02   2.662980e+01
  4.972730e+00   2.588000e+02   2.649690e+01
  4.975500e+00   2.844000e+02   2.679693e+01
  4.978270e+00   2.780430e+02   2.618815e+01
  4.981040e+00   2.405860e+02   2.588365e+01
  4.983820e+00   2.488270e+02   2.587345e+01
  4.986590e+00   2.153090e+02   2.553101e+01
  4.989360e+00   2.327930e+02   2.560989e+01
  4.992130e+00   2.069440e+02   2.529886e+01
  4.994900e+00   2.239390e+02   2.535794e+01
  4.997670e+00   2.352000e+02   2.551101e+01
