# DATA=SAXS PRIOR=GAUSS  
  9.737630e-02   1.650547e+03   4.955999e+01
  1.001430e-01   1.692983e+03   4.796958e+01
  1.029090e-01   1.683816e+03   4.525286e+01
  1.056750e-01   1.662735e+03   4.608175e+01
  1.084420e-01   1.667999e+03   4.203713e+01
  1.112080e-01   1.711518e+03   4.146148e+01
  1.139750e-01   1.616874e+03   4.095227e+01
  1.167410e-01   1.683302e+03   3.856311e+01
  1.195070e-01   1.658033e+03   3.852197e+01
  1.222740e-01   1.654745e+03   3.639113e+01
  1.250400e-01   1.671162e+03   3.652881e+01
  1.278060e-01   1.603542e+03   3.580615e+01
  1.305730e-01   1.622295e+03   3.358010e+01
  1.333390e-01   1.644233e+03   3.405535e+01
  1.361060e-01   1.653988e+03   3.267268e+01
  1.388720e-01   1.618533e+03   3.252369e+01
  1.416380e-01   1.570140e+03   3.212568e+01
  1.444050e-01   1.598790e+03   3.041514e+01
  1.471710e-01   1.567641e+03   3.104689e+01
  1.499370e-01   1.591013e+03   2.990682e+01
  1.527040e-01   1.590126e+03   2.939522e+01
  1.554700e-01   1.551110e+03   2.899496e+01
  1.582360e-01   1.605158e+03   2.847594e+01
  1.610030e-01   1.565197e+03   2.835612e+01
  1.637690e-01   1.613667e+03   2.753736e+01
  1.665360e-01   1.545017e+03   2.718820e+01
  1.693020e-01   1.569190e+03   2.703812e+01
  1.720680e-01   1.505251e+03   2.680130e+01
  1.748350e-01   1.540095e+03   2.644447e+01
  1.776010e-01   1.514653e+03   2.571201e+01
  1.803670e-01   1.530929e+03   2.550684e+01
  1.831340e-01   1.504279e+03   2.551926e+01
  1.859000e-01   1.548106e+03   2.516474e+01
  1.886670e-01   1.435128e+03   2.477269e+01
  1.914330e-01   1.507604e+03   2.443572e+01
  1.941990e-01   1.454739e+03   2.418858e+01
  1.969660e-01   1.529724e+03   2.408128e+01
  1.997320e-01   1.462333e+03   2.342967e+01
  2.024980e-01   1.511579e+03   2.381779e+01
  2.052650e-01   1.446848e+03   2.347279e+01
  2.080310e-01   1.419741e+03   2.327140e+01
  2.107980e-01   1.418870e+03   2.271491e+01
  2.135640e-01   1.455339e+03   2.278041e+01
  2.163300e-01   1.417075e+03   2.241508e+01
  2.190970e-01   1.418420e+03   2.255315e+01
  2.218630e-01   1.362735e+03   2.199620e+01
  2.246290e-01   1.388983e+03   2.188965e+01
  2.273960e-01   1.409736e+03   2.165787e+01
  2.301620e-01   1.433181e+03   2.153404e+01
  2.329280e-01   1.343965e+03   2.164814e+01
  2.356950e-01   1.324136e+03   2.113878e+01
  2.384610e-01   1.347943e+03   2.118221e+01
  2.412280e-01   1.339153e+03   2.084097e+01
  2.439940e-01   1.339400e+03   2.090363e+01
  2.467600e-01   1.351688e+03   2.078728e+01
  2.495270e-01   1.314835e+03   2.036137e+01
  2.522930e-01   1.282574e+03   2.047038e+01
  2.550590e-01   1.314592e+03   2.035366e+01
  2.578260e-01   1.343195e+03   2.005871e+01
  2.605920e-01   1.284502e+03   1.997357e+01
  2.633590e-01   1.256295e+03   1.976373e+01
  2.661250e-01   1.270836e+03   1.988312e+01
  2.688910e-01   1.251145e+03   1.966903e+01
  2.716580e-01   1.285374e+03   1.945021e+01
  2.744240e-01   1.252087e+03   1.950044e+01
  2.771900e-01   1.231731e+03   1.931325e+01
  2.799570e-01   1.223119e+03   1.925297e+01
  2.827230e-01   1.205829e+03   1.889713e+01
  2.854900e-01   1.267275e+03   1.903436e+01
  2.882560e-01   1.216242e+03   1.883301e+01
  2.910220e-01   1.221790e+03   1.872332e+01
  2.937890e-01   1.205723e+03   1.863616e+01
  2.965550e-01   1.172756e+03   1.856941e+01
  2.993210e-01   1.197833e+03   1.860927e+01
  3.020880e-01   1.180804e+03   1.834366e+01
  3.048540e-01   1.172393e+03   1.826556e+01
  3.076210e-01   1.162273e+03   1.821100e+01
  3.103870e-01   1.160100e+03   1.799517e+01
  3.131530e-01   1.135488e+03   1.801178e+01
  3.159200e-01   1.147149e+03   1.793944e+01
  3.186860e-01   1.154307e+03   1.776517e+01
  3.214520e-01   1.128696e+03   1.771048e+01
  3.242190e-01   1.112999e+03   1.772974e+01
  3.269850e-01   1.100659e+03   1.757666e+01
  3.297510e-01   1.053590e+03   1.746526e+01
  3.325180e-01   1.125391e+03   1.744476e+01
  3.352840e-01   1.097758e+03   1.731875e+01
  3.380510e-01   1.084496e+03   1.728385e+01
  3.408170e-01   1.055469e+03   1.712774e+01
  3.435830e-01   1.063592e+03   1.715577e+01
  3.463500e-01   1.071087e+03   1.703692e+01
  3.491160e-01   1.036151e+03   1.689379e+01
  3.518820e-01   1.063839e+03   1.706254e+01
  3.546490e-01   1.041687e+03   1.680139e+01
  3.574150e-01   1.028808e+03   1.672296e+01
  3.601820e-01   1.013020e+03   1.693611e+01
  3.629480e-01   1.016180e+03   1.657270e+01
  3.657140e-01   9.831412e+02   1.662488e+01
  3.684810e-01   9.997047e+02   1.639476e+01
  3.712470e-01   9.992905e+02   1.649052e+01
  3.740130e-01   9.934522e+02   1.658801e+01
  3.767800e-01   9.971028e+02   1.624124e+01
  3.795460e-01   9.923411e+02   1.635785e+01
  3.823130e-01   9.655195e+02   1.622716e+01
  3.850790e-01   9.819625e+02   1.613604e+01
  3.878450e-01   9.734823e+02   1.618170e+01
  3.906120e-01   9.617626e+02   1.592631e+01
  3.933780e-01   9.606109e+02   1.608536e+01
  3.961440e-01   9.324332e+02   1.584183e+01
  3.989110e-01   9.191149e+02   1.588461e+01
  4.016770e-01   9.132195e+02   1.585297e+01
  4.044430e-01   9.128375e+02   1.562116e+01
  4.072100e-01   9.090330e+02   1.576822e+01
  4.099760e-01   9.048708e+02   1.560140e+01
  4.127430e-01   8.839216e+02   1.566867e+01
  4.155090e-01   8.722272e+02   1.557323e+01
  4.182750e-01   8.940296e+02   1.534130e+01
  4.210420e-01   8.810559e+02   1.542890e+01
  4.238080e-01   8.626036e+02   1.529852e+01
  4.265740e-01   8.469096e+02   1.531753e+01
  4.293410e-01   8.746105e+02   1.532983e+01
  4.321070e-01   8.466992e+02   1.512970e+01
  4.348740e-01   8.567666e+02   1.522942e+01
  4.376400e-01   8.546510e+02   1.499839e+01
  4.404060e-01   8.396545e+02   1.509153e+01
  4.431730e-01   8.209432e+02   1.516874e+01
  4.459390e-01   8.163963e+02   1.491914e+01
  4.487050e-01   8.231323e+02   1.501284e+01
  4.514720e-01   8.045699e+02   1.494276e+01
  4.542380e-01   7.677603e+02   1.509447e+01
  4.570050e-01   8.060587e+02   1.522011e+01
  4.597710e-01   7.947427e+02   1.507970e+01
  4.625370e-01   8.010235e+02   1.524675e+01
  4.653040e-01   7.699269e+02   1.563286e+01
  4.680700e-01   7.648853e+02   1.574309e+01
  4.708360e-01   7.552147e+02   1.584972e+01
  4.736030e-01   7.618036e+02   1.589314e+01
  4.763690e-01   7.417442e+02   1.589178e+01
  4.791350e-01   7.583958e+02   1.607405e+01
  4.819020e-01   7.447091e+02   1.596106e+01
  4.846680e-01   7.518555e+02   1.605668e+01
  4.874350e-01   7.398438e+02   1.624768e+01
  4.902010e-01   7.006746e+02   1.607104e+01
  4.929670e-01   7.041219e+02   1.636871e+01
  4.957340e-01   6.979139e+02   1.613193e+01
  4.985000e-01   7.180023e+02   1.632508e+01
  5.012660e-01   6.903971e+02   1.644061e+01
  5.040330e-01   7.045750e+02   1.628402e+01
  5.067990e-01   6.420242e+02   1.660616e+01
  5.095660e-01   6.958461e+02   1.627481e+01
  5.123320e-01   6.817618e+02   1.604117e+01
  5.150980e-01   6.729397e+02   1.559381e+01
  5.178650e-01   6.876011e+02   1.540428e+01
  5.206310e-01   6.477684e+02   1.531659e+01
  5.233970e-01   6.728824e+02   1.509867e+01
  5.261640e-01   6.610340e+02   1.504632e+01
  5.289300e-01   6.446704e+02   1.489797e+01
  5.316970e-01   6.287924e+02   1.474725e+01
  5.344630e-01   6.188085e+02   1.478403e+01
  5.372290e-01   6.333134e+02   1.452770e+01
  5.399960e-01   6.484180e+02   1.467068e+01
  5.427620e-01   6.343802e+02   1.440558e+01
  5.455280e-01   6.309298e+02   1.433938e+01
  5.482950e-01   5.899897e+02   1.439718e+01
  5.510610e-01   6.109208e+02   1.425896e+01
  5.538270e-01   5.900249e+02   1.424871e+01
  5.565940e-01   5.921637e+02   1.409362e+01
  5.593600e-01   5.764641e+02   1.415032e+01
  5.621270e-01   5.694275e+02   1.404165e+01
  5.648930e-01   5.989916e+02   1.391408e+01
  5.676590e-01   5.743104e+02   1.390254e+01
  5.704260e-01   5.892334e+02   1.390091e+01
  5.731920e-01   5.741025e+02   1.393272e+01
  5.759580e-01   5.474106e+02   1.373939e+01
  5.787250e-01   5.668797e+02   1.369223e+01
  5.814910e-01   5.423059e+02   1.368051e+01
  5.842580e-01   5.727473e+02   1.361254e+01
  5.870240e-01   5.576240e+02   1.360357e+01
  5.897900e-01   5.307329e+02   1.355965e+01
  5.925570e-01   5.457457e+02   1.343783e+01
  5.953230e-01   5.550331e+02   1.344276e+01
  5.980890e-01   5.427226e+02   1.336016e+01
  6.008560e-01   5.255937e+02   1.339216e+01
  6.036220e-01   5.366392e+02   1.331375e+01
  6.063890e-01   5.430039e+02   1.336665e+01
  6.091550e-01   5.240970e+02   1.321504e+01
  6.119210e-01   5.323058e+02   1.313586e+01
  6.146880e-01   5.173531e+02   1.317163e+01
  6.174540e-01   5.126528e+02   1.318737e+01
  6.202200e-01   5.108342e+02   1.310189e+01
  6.229870e-01   5.101751e+02   1.303861e+01
  6.257530e-01   5.120272e+02   1.298462e+01
  6.285190e-01   4.981905e+02   1.297437e+01
  6.312860e-01   4.848185e+02   1.294581e+01
  6.340520e-01   4.899478e+02   1.293337e+01
  6.368190e-01   4.785239e+02   1.281925e+01
  6.395850e-01   4.651270e+02   1.285364e+01
  6.423510e-01   4.966497e+02   1.276820e+01
  6.451180e-01   4.776158e+02   1.273995e+01
  6.478840e-01   4.789170e+02   1.265610e+01
  6.506500e-01   4.395971e+02   1.259409e+01
  6.534170e-01   4.728075e+02   1.272491e+01
  6.561830e-01   4.608136e+02   1.249385e+01
  6.589500e-01   4.425486e+02   1.252475e+01
  6.617160e-01   4.553050e+02   1.248632e+01
  6.644820e-01   4.330617e+02   1.242367e+01
  6.672490e-01   4.562640e+02   1.252220e+01
  6.700150e-01   4.682778e+02   1.232997e+01
  6.727810e-01   4.619074e+02   1.235701e+01
  6.755480e-01   4.430649e+02   1.236751e+01
  6.783140e-01   4.571687e+02   1.224324e+01
  6.810810e-01   4.356305e+02   1.230509e+01
  6.838470e-01   4.305735e+02   1.221952e+01
  6.866130e-01   4.283440e+02   1.227767e+01
  6.893800e-01   4.402853e+02   1.233273e+01
  6.921460e-01   4.389386e+02   1.220552e+01
  6.949120e-01   4.282677e+02   1.213243e+01
  6.976790e-01   4.231216e+02   1.216096e+01
  7.004450e-01   4.127560e+02   1.214976e+01
  7.032110e-01   4.250259e+02   1.213820e+01
  7.059780e-01   4.032719e+02   1.203511e+01
  7.087440e-01   4.114044e+02   1.206661e+01
  7.115110e-01   4.233624e+02   1.203775e+01
  7.142770e-01   4.107710e+02   1.196242e+01
  7.170430e-01   4.003376e+02   1.202015e+01
  7.198100e-01   4.036236e+02   1.192290e+01
  7.225760e-01   3.857836e+02   1.198006e+01
  7.253420e-01   3.855404e+02   1.184082e+01
  7.281090e-01   3.775838e+02   1.184094e+01
  7.308750e-01   4.079691e+02   1.184252e+01
  7.336420e-01   4.022046e+02   1.178230e+01
  7.364080e-01   3.893716e+02   1.184324e+01
  7.391740e-01   3.766752e+02   1.176686e+01
  7.419410e-01   3.705575e+02   1.169045e+01
  7.447070e-01   3.724609e+02   1.173480e+01
  7.474730e-01   3.740512e+02   1.171392e+01
  7.502400e-01   3.786381e+02   1.160704e+01
  7.530060e-01   3.735216e+02   1.167558e+01
  7.557730e-01   3.446138e+02   1.157385e+01
  7.585390e-01   3.550941e+02   1.161893e+01
  7.613050e-01   3.466517e+02   1.152108e+01
  7.640720e-01   3.625429e+02   1.147102e+01
  7.668380e-01   3.592117e+02   1.158039e+01
  7.696040e-01   3.581852e+02   1.149404e+01
  7.723710e-01   3.520775e+02   1.151017e+01
  7.751370e-01   3.562116e+02   1.141411e+01
  7.779030e-01   3.395338e+02   1.141367e+01
  7.806700e-01   3.274354e+02   1.144685e+01
  7.834360e-01   3.542433e+02   1.132777e+01
  7.862030e-01   3.461861e+02   1.140651e+01
  7.889690e-01   3.521149e+02   1.129939e+01
  7.917350e-01   3.528048e+02   1.129338e+01
  7.945020e-01   3.388204e+02   1.137675e+01
  7.972680e-01   3.356004e+02   1.117949e+01
  8.000340e-01   3.325402e+02   1.128558e+01
  8.028010e-01   3.406602e+02   1.122082e+01
  8.055670e-01   3.241688e+02   1.116346e+01
  8.083340e-01   3.352600e+02   1.121625e+01
  8.111000e-01   3.098011e+02   1.107644e+01
  8.138660e-01   3.220754e+02   1.119816e+01
  8.166330e-01   3.362933e+02   1.107908e+01
  8.193990e-01   3.200897e+02   1.107460e+01
  8.221650e-01   3.169196e+02   1.108152e+01
  8.249320e-01   3.207422e+02   1.103328e+01
  8.276980e-01   3.145500e+02   1.104490e+01
  8.304650e-01   3.103759e+02   1.099348e+01
  8.332310e-01   3.173551e+02   1.098100e+01
  8.359970e-01   3.113017e+02   1.097495e+01
  8.387640e-01   3.178828e+02   1.096547e+01
  8.415300e-01   2.926037e+02   1.089000e+01
  8.442960e-01   2.915577e+02   1.086579e+01
  8.470630e-01   2.966873e+02   1.090297e+01
  8.498290e-01   3.015448e+02   1.079670e+01
  8.525950e-01   2.833558e+02   1.084475e+01
  8.553620e-01   2.910764e+02   1.086600e+01
  8.581280e-01   2.899798e+02   1.078704e+01
  8.608950e-01   2.912955e+02   1.078845e+01
  8.636610e-01   2.951131e+02   1.073220e+01
  8.664270e-01   2.816796e+02   1.079067e+01
  8.691940e-01   2.981544e+02   1.072531e+01
  8.719600e-01   2.787422e+02   1.062609e+01
  8.747260e-01   3.060333e+02   1.070440e+01
  8.774930e-01   2.833083e+02   1.067615e+01
  8.802590e-01   2.850902e+02   1.070258e+01
  8.830260e-01   2.799338e+02   1.061543e+01
  8.857920e-01   2.698762e+02   1.056304e+01
  8.885580e-01   2.553442e+02   1.061570e+01
  8.913250e-01   2.715340e+02   1.057060e+01
  8.940910e-01   2.746131e+02   1.057111e+01
  8.968570e-01   2.619731e+02   1.047300e+01
  8.996240e-01   2.530413e+02   1.057714e+01
  9.023900e-01   2.703202e+02   1.043266e+01
  9.051570e-01   2.598248e+02   1.064589e+01
  9.079230e-01   2.513924e+02   1.075516e+01
  9.106890e-01   2.671592e+02   1.082454e+01
  9.134560e-01   2.559502e+02   1.088318e+01
  9.162220e-01   2.552479e+02   1.082889e+01
  9.189880e-01   2.747629e+02   1.084812e+01
  9.217550e-01   2.399719e+02   1.090414e+01
  9.245210e-01   2.244440e+02   1.072854e+01
  9.272870e-01   2.479760e+02   1.068428e+01
  9.300540e-01   2.568298e+02   1.043337e+01
  9.328200e-01   2.561278e+02   1.046932e+01
  9.355870e-01   2.535627e+02   1.049268e+01
  9.383530e-01   2.431659e+02   1.037954e+01
  9.411190e-01   2.524686e+02   1.052884e+01
  9.438860e-01   2.548084e+02   1.032056e+01
  9.466520e-01   2.709745e+02   1.038823e+01
  9.494180e-01   2.413013e+02   1.032979e+01
  9.521850e-01   2.316180e+02   1.028822e+01
  9.549510e-01   2.486288e+02   1.032645e+01
  9.577180e-01   2.507392e+02   1.026318e+01
  9.604840e-01   2.365674e+02   1.029239e+01
  9.632500e-01   2.543690e+02   1.020421e+01
  9.660170e-01   2.157526e+02   1.016031e+01
  9.687830e-01   2.482968e+02   1.023664e+01
  9.715490e-01   2.309113e+02   1.015796e+01
  9.743160e-01   2.348899e+02   1.019694e+01
  9.770820e-01   2.278303e+02   1.014380e+01
  9.798490e-01   2.149686e+02   1.011520e+01
  9.826150e-01   2.283425e+02   1.014639e+01
  9.853810e-01   2.365156e+02   1.004881e+01
  9.881480e-01   2.108363e+02   1.004328e+01
  9.909140e-01   2.260478e+02   1.008659e+01
  9.936800e-01   2.287211e+02   1.003306e+01
  9.964470e-01   2.288286e+02   1.007029e+01
  9.992130e-01   2.190570e+02   9.959953e+00
  1.001980e+00   1.993568e+02   9.970932e+00
  1.004750e+00   2.139087e+02   9.998655e+00
  1.007510e+00   2.203031e+02   9.942626e+00
  1.010280e+00   2.238856e+02   9.924958e+00
  1.013040e+00   2.078287e+02   9.941485e+00
  1.015810e+00   2.132580e+02   9.913383e+00
  1.018580e+00   2.227473e+02   9.862908e+00
  1.021340e+00   2.024509e+02   9.837922e+00
  1.024110e+00   2.096232e+02   9.854789e+00
  1.026880e+00   2.108648e+02   9.858172e+00
  1.029640e+00   2.130817e+02   9.725082e+00
  1.032410e+00   1.932561e+02   9.764396e+00
  1.035180e+00   2.153671e+02   9.714574e+00
  1.037940e+00   1.977876e+02   9.743602e+00
  1.040710e+00   2.059605e+02   9.730929e+00
  1.043480e+00   1.986880e+02   9.706598e+00
  1.046240e+00   2.123861e+02   9.725743e+00
  1.049010e+00   2.039371e+02   9.691693e+00
  1.051770e+00   1.899507e+02   9.839560e+00
  1.054540e+00   1.931870e+02   1.004010e+01
  1.057310e+00   2.085568e+02   1.007705e+01
  1.060070e+00   2.081408e+02   1.016660e+01
  1.062840e+00   1.930237e+02   1.015245e+01
  1.065610e+00   2.012334e+02   1.019636e+01
  1.068370e+00   1.966903e+02   1.029698e+01
  1.071140e+00   1.827661e+02   1.025993e+01
  1.073910e+00   1.881009e+02   1.039438e+01
  1.076670e+00   1.847032e+02   1.033409e+01
  1.079440e+00   1.925331e+02   1.039184e+01
  1.082200e+00   1.690030e+02   1.047074e+01
  1.084970e+00   1.807049e+02   1.044452e+01
  1.087740e+00   1.944431e+02   1.054250e+01
  1.090500e+00   1.644432e+02   1.045006e+01
  1.093270e+00   2.038383e+02   1.058204e+01
  1.096040e+00   1.931706e+02   1.051717e+01
  1.098800e+00   1.838757e+02   1.030650e+01
  1.101570e+00   1.743032e+02   1.028143e+01
  1.104340e+00   1.740080e+02   1.014709e+01
  1.107100e+00   1.674973e+02   1.009898e+01
  1.109870e+00   1.725396e+02   1.000911e+01
  1.112630e+00   1.907938e+02   9.965974e+00
  1.115400e+00   1.704881e+02   9.969729e+00
  1.118170e+00   1.671346e+02   9.838263e+00
  1.120930e+00   1.898097e+02   9.922598e+00
  1.123700e+00   1.746792e+02   9.857305e+00
  1.126470e+00   1.873101e+02   9.734497e+00
  1.129230e+00   1.711785e+02   9.842783e+00
  1.132000e+00   1.808590e+02   9.754748e+00
  1.134770e+00   1.812850e+02   9.741108e+00
  1.137530e+00   1.941725e+02   9.729886e+00
  1.140300e+00   1.790906e+02   9.659450e+00
  1.143060e+00   1.716116e+02   9.666842e+00
  1.145830e+00   1.918687e+02   9.609096e+00
  1.148600e+00   1.804106e+02   9.595980e+00
  1.151360e+00   1.677663e+02   9.571393e+00
  1.154130e+00   1.831068e+02   9.529715e+00
  1.156900e+00   1.728937e+02   9.539886e+00
  1.159660e+00   1.759509e+02   9.514746e+00
  1.162430e+00   1.728353e+02   9.463935e+00
  1.165200e+00   1.833582e+02   9.465526e+00
  1.167960e+00   1.707114e+02   9.504555e+00
  1.170730e+00   1.624836e+02   9.405425e+00
  1.173490e+00   1.541282e+02   9.457202e+00
  1.176260e+00   1.658538e+02   9.346512e+00
  1.179030e+00   1.620185e+02   9.391407e+00
  1.181790e+00   1.630604e+02   9.400663e+00
  1.184560e+00   1.509341e+02   9.343018e+00
  1.187330e+00   1.627930e+02   9.335593e+00
  1.190090e+00   1.696917e+02   9.331540e+00
  1.192860e+00   1.495277e+02   9.364239e+00
  1.195630e+00   1.685313e+02   9.336717e+00
  1.198390e+00   1.691794e+02   9.231870e+00
  1.201160e+00   1.690748e+02   9.340991e+00
  1.203920e+00   1.645896e+02   9.286230e+00
  1.206690e+00   1.711351e+02   9.258713e+00
  1.209460e+00   1.644037e+02   9.196455e+00
  1.212220e+00   1.445897e+02   9.177110e+00
  1.214990e+00   1.617327e+02   9.277710e+00
  1.217760e+00   1.673004e+02   9.193627e+00
  1.220520e+00   1.576814e+02   9.233063e+00
  1.223290e+00   1.539346e+02   9.139613e+00
  1.226060e+00   1.479557e+02   9.132172e+00
  1.228820e+00   1.464302e+02   9.184620e+00
  1.231590e+00   1.518466e+02   9.107046e+00
  1.234350e+00   1.534219e+02   9.133498e+00
  1.237120e+00   1.423552e+02   9.094033e+00
  1.239890e+00   1.712924e+02   9.054390e+00
  1.242650e+00   1.463112e+02   9.135250e+00
  1.245420e+00   1.416897e+02   9.015620e+00
  1.248190e+00   1.400609e+02   9.083057e+00
  1.250950e+00   1.604769e+02   9.047982e+00
  1.253720e+00   1.541173e+02   8.990550e+00
  1.256490e+00   1.506107e+02   8.988016e+00
  1.259250e+00   1.546173e+02   8.972732e+00
  1.262020e+00   1.506765e+02   9.015859e+00
  1.264780e+00   1.397150e+02   8.982310e+00
  1.267550e+00   1.481732e+02   8.930806e+00
  1.270320e+00   1.407425e+02   8.932156e+00
  1.273080e+00   1.460875e+02   8.953702e+00
  1.275850e+00   1.591860e+02   8.917887e+00
  1.278620e+00   1.471885e+02   8.922449e+00
  1.281380e+00   1.454976e+02   8.923714e+00
  1.284150e+00   1.392500e+02   8.873054e+00
  1.286920e+00   1.685834e+02   8.883889e+00
  1.289680e+00   1.300684e+02   8.830284e+00
  1.292450e+00   1.446493e+02   8.878904e+00
  1.295210e+00   1.327361e+02   8.807392e+00
  1.297980e+00   1.495469e+02   8.835267e+00
  1.300750e+00   1.363812e+02   8.836373e+00
  1.303510e+00   1.521337e+02   8.783733e+00
  1.306280e+00   1.349300e+02   8.818160e+00
  1.309050e+00   1.422665e+02   8.773722e+00
  1.311810e+00   1.423053e+02   8.773188e+00
  1.314580e+00   1.480168e+02   8.782072e+00
  1.317350e+00   1.332434e+02   8.707209e+00
  1.320110e+00   1.446092e+02   8.777452e+00
  1.322880e+00   1.374134e+02   8.691932e+00
  1.325640e+00   1.359421e+02   8.704412e+00
  1.328410e+00   1.411965e+02   8.728833e+00
  1.331180e+00   1.254678e+02   8.646388e+00
  1.333940e+00   1.409218e+02   8.750731e+00
  1.336710e+00   1.319153e+02   8.639412e+00
  1.339480e+00   1.371155e+02   8.653912e+00
  1.342240e+00   1.349568e+02   8.651587e+00
  1.345010e+00   1.358976e+02   8.594234e+00
  1.347780e+00   1.435050e+02   8.695872e+00
  1.350540e+00   1.251434e+02   8.593409e+00
  1.353310e+00   1.207203e+02   8.590774e+00
  1.356070e+00   1.189621e+02   8.618001e+00
  1.358840e+00   1.292108e+02   8.565715e+00
  1.361610e+00   1.371298e+02   8.618504e+00
  1.364370e+00   1.292819e+02   8.532142e+00
  1.367140e+00   1.292847e+02   8.555064e+00
  1.369910e+00   1.345960e+02   8.572430e+00
  1.372670e+00   1.179253e+02   8.514379e+00
  1.375440e+00   1.103249e+02   8.537179e+00
  1.378210e+00   1.341314e+02   8.477873e+00
  1.380970e+00   1.292041e+02   8.520736e+00
  1.383740e+00   1.379587e+02   8.498552e+00
  1.386500e+00   1.262735e+02   8.460405e+00
  1.389270e+00   1.285213e+02   8.474022e+00
  1.392040e+00   1.067675e+02   8.439105e+00
  1.394800e+00   1.328801e+02   8.476421e+00
  1.397570e+00   1.343794e+02   8.396871e+00
  1.400340e+00   1.109084e+02   8.391057e+00
  1.403100e+00   1.282331e+02   8.425045e+00
  1.405870e+00   1.212946e+02   8.348364e+00
  1.408640e+00   1.326483e+02   8.397888e+00
  1.411400e+00   1.100412e+02   8.382364e+00
  1.414170e+00   1.279617e+02   8.341367e+00
  1.416940e+00   1.138383e+02   8.393391e+00
  1.419700e+00   1.216685e+02   8.320543e+00
  1.422470e+00   1.108082e+02   8.324117e+00
  1.425230e+00   1.067618e+02   8.326467e+00
  1.428000e+00   1.143820e+02   8.333500e+00
  1.430770e+00   1.126529e+02   8.342447e+00
  1.433530e+00   1.172455e+02   8.303050e+00
  1.436300e+00   1.253317e+02   8.302448e+00
  1.439070e+00   1.232731e+02   8.322388e+00
  1.441830e+00   1.050041e+02   8.295985e+00
  1.444600e+00   1.248318e+02   8.297474e+00
  1.447370e+00   1.174267e+02   8.274898e+00
  1.450130e+00   1.261777e+02   8.263791e+00
  1.452900e+00   1.054148e+02   8.281247e+00
  1.455660e+00   1.285009e+02   8.204108e+00
  1.458430e+00   1.109839e+02   8.244021e+00
  1.461200e+00   1.019116e+02   8.242516e+00
  1.463960e+00   1.265522e+02   8.214753e+00
  1.466730e+00   1.131411e+02   8.218479e+00
  1.469500e+00   9.702151e+01   8.177487e+00
  1.472260e+00   1.046294e+02   8.176647e+00
  1.475030e+00   1.185980e+02   8.219136e+00
  1.477800e+00   1.051495e+02   8.159443e+00
  1.480560e+00   1.270686e+02   8.184358e+00
  1.483330e+00   1.215513e+02   8.131501e+00
  1.486090e+00   1.217335e+02   8.160605e+00
  1.488860e+00   1.012385e+02   8.155651e+00
  1.491630e+00   1.267736e+02   8.109211e+00
  1.494390e+00   1.265672e+02   8.141900e+00
  1.497160e+00   1.182085e+02   8.112737e+00
  1.499930e+00   1.090229e+02   8.108310e+00
  1.502690e+00   1.067475e+02   8.096821e+00
  1.505460e+00   1.107962e+02   8.054204e+00
  1.508230e+00   1.143246e+02   8.114178e+00
  1.510990e+00   1.137423e+02   8.081279e+00
  1.513760e+00   1.094889e+02   8.047377e+00
  1.516520e+00   1.040188e+02   8.063834e+00
  1.519290e+00   1.008972e+02   8.045632e+00
  1.522060e+00   9.841850e+01   8.027223e+00
  1.524820e+00   9.861371e+01   8.044498e+00
  1.527590e+00   1.068191e+02   8.008169e+00
  1.530360e+00   1.061050e+02   8.029372e+00
  1.533120e+00   1.102470e+02   8.010575e+00
  1.535890e+00   1.157855e+02   7.997001e+00
  1.538660e+00   1.088997e+02   7.985502e+00
  1.541420e+00   9.640045e+01   7.971868e+00
  1.544190e+00   1.024673e+02   7.992463e+00
  1.546950e+00   1.052217e+02   7.966241e+00
  1.549720e+00   9.807313e+01   7.943198e+00
  1.552490e+00   1.126392e+02   7.940982e+00
  1.555250e+00   9.415603e+01   7.966406e+00
  1.558020e+00   1.144884e+02   7.951372e+00
  1.560790e+00   1.225835e+02   7.915467e+00
  1.563550e+00   9.870105e+01   7.895114e+00
  1.566320e+00   1.020599e+02   7.921834e+00
  1.569090e+00   1.053588e+02   7.886643e+00
  1.571850e+00   1.042890e+02   7.907805e+00
  1.574620e+00   1.051220e+02   7.863796e+00
  1.577380e+00   9.827034e+01   7.878313e+00
  1.580150e+00   1.005049e+02   7.910613e+00
  1.582920e+00   1.008961e+02   7.845838e+00
  1.585680e+00   1.031256e+02   7.848506e+00
  1.588450e+00   1.050398e+02   7.882233e+00
  1.591220e+00   9.620647e+01   7.819206e+00
  1.593980e+00   9.587568e+01   7.828732e+00
  1.596750e+00   1.017883e+02   7.853789e+00
  1.599520e+00   1.025981e+02   7.811039e+00
  1.602280e+00   9.183051e+01   7.821839e+00
  1.605050e+00   1.027948e+02   7.793924e+00
  1.607810e+00   9.682175e+01   7.820401e+00
  1.610580e+00   8.501363e+01   7.780290e+00
  1.613350e+00   9.727908e+01   7.779924e+00
  1.616110e+00   9.113271e+01   7.799339e+00
  1.618880e+00   1.069636e+02   7.763224e+00
  1.621650e+00   9.909702e+01   7.799264e+00
  1.624410e+00   9.647588e+01   7.770655e+00
  1.627180e+00   9.733561e+01   7.771354e+00
  1.629950e+00   1.150087e+02   7.737235e+00
  1.632710e+00   8.743127e+01   7.722213e+00
  1.635480e+00   1.004167e+02   7.774976e+00
  1.638240e+00   8.430430e+01   7.837869e+00
  1.641010e+00   1.030533e+02   7.922867e+00
  1.643780e+00   8.141576e+01   7.975987e+00
  1.646540e+00   1.014523e+02   7.994894e+00
  1.649310e+00   1.021216e+02   8.083609e+00
  1.652080e+00   9.102553e+01   8.031697e+00
  1.654840e+00   9.244057e+01   8.144183e+00
  1.657610e+00   8.871267e+01   8.122487e+00
  1.660380e+00   1.099757e+02   8.142786e+00
  1.663140e+00   9.377367e+01   8.228404e+00
  1.665910e+00   9.489632e+01   8.158640e+00
  1.668670e+00   9.366789e+01   8.274308e+00
  1.671440e+00   8.393297e+01   8.255113e+00
  1.674210e+00   8.768162e+01   8.263546e+00
  1.676970e+00   1.012756e+02   8.327528e+00
  1.679740e+00   9.123774e+01   8.252580e+00
  1.682510e+00   9.902501e+01   8.333169e+00
  1.685270e+00   8.888901e+01   8.220903e+00
  1.688040e+00   9.486478e+01   8.120792e+00
  1.690810e+00   1.022691e+02   8.101775e+00
  1.693570e+00   9.626870e+01   8.012660e+00
  1.696340e+00   8.793100e+01   8.018609e+00
  1.699100e+00   9.107595e+01   7.968927e+00
  1.701870e+00   9.236746e+01   7.926047e+00
  1.704640e+00   7.977317e+01   7.916370e+00
  1.707400e+00   9.086738e+01   7.895687e+00
  1.710170e+00   9.710655e+01   7.886052e+00
  1.712940e+00   9.225222e+01   7.880614e+00
  1.715700e+00   8.425022e+01   7.838533e+00
  1.718470e+00   9.006154e+01   7.856463e+00
  1.721240e+00   9.916336e+01   7.817062e+00
  1.724000e+00   7.894712e+01   7.802161e+00
  1.726770e+00   9.661668e+01   7.817000e+00
  1.729530e+00   8.261591e+01   7.769599e+00
  1.732300e+00   9.373094e+01   7.765915e+00
  1.735070e+00   9.744196e+01   7.781203e+00
  1.737830e+00   9.219037e+01   7.728520e+00
  1.740600e+00   8.967403e+01   7.739476e+00
  1.743370e+00   8.603817e+01   7.728935e+00
  1.746130e+00   9.647983e+01   7.746762e+00
  1.748900e+00   7.842296e+01   7.736413e+00
  1.751670e+00   7.178352e+01   7.705991e+00
  1.754430e+00   8.227113e+01   7.711724e+00
  1.757200e+00   7.849497e+01   7.688881e+00
  1.759960e+00   8.344086e+01   7.685319e+00
  1.762730e+00   8.312981e+01   7.686397e+00
  1.765500e+00   7.690526e+01   7.649041e+00
  1.768260e+00   7.852908e+01   7.685454e+00
  1.771030e+00   7.864897e+01   7.627167e+00
  1.773800e+00   9.432140e+01   7.637392e+00
  1.776560e+00   8.740428e+01   7.665256e+00
  1.779330e+00   7.577178e+01   7.617563e+00
  1.782100e+00   7.604218e+01   7.658876e+00
  1.784860e+00   8.004099e+01   7.605728e+00
  1.787630e+00   8.274097e+01   7.586764e+00
  1.790400e+00   8.603890e+01   7.612050e+00
  1.793160e+00   7.968354e+01   7.573159e+00
  1.795930e+00   8.012741e+01   7.617547e+00
  1.798690e+00   8.604269e+01   7.549100e+00
  1.801460e+00   6.635747e+01   7.604327e+00
  1.804230e+00   9.761998e+01   7.589119e+00
  1.806990e+00   7.433994e+01   7.532366e+00
  1.809760e+00   7.510402e+01   7.584583e+00
  1.812530e+00   7.393276e+01   7.553936e+00
  1.815290e+00   8.010377e+01   7.561532e+00
  1.818060e+00   8.800180e+01   7.540437e+00
  1.820830e+00   8.225495e+01   7.494919e+00
  1.823590e+00   7.767669e+01   7.542652e+00
  1.826360e+00   7.853648e+01   7.532101e+00
  1.829120e+00   7.453538e+01   7.540034e+00
  1.831890e+00   8.107071e+01   7.515357e+00
  1.834660e+00   7.869436e+01   7.545253e+00
  1.837420e+00   8.255584e+01   7.540882e+00
  1.840190e+00   7.330197e+01   7.531232e+00
  1.842960e+00   8.580353e+01   7.559270e+00
  1.845720e+00   7.469616e+01   7.566702e+00
  1.848490e+00   7.396548e+01   7.591209e+00
  1.851260e+00   7.896221e+01   7.570758e+00
  1.854020e+00   8.276547e+01   7.557702e+00
  1.856790e+00   8.015199e+01   7.576836e+00
  1.859550e+00   8.870523e+01   7.570259e+00
  1.862320e+00   7.332474e+01   7.640448e+00
  1.865090e+00   7.563613e+01   7.554510e+00
  1.867850e+00   9.289471e+01   7.560691e+00
  1.870620e+00   7.741694e+01   7.597675e+00
  1.873390e+00   7.490630e+01   7.577973e+00
  1.876150e+00   8.123644e+01   7.583348e+00
  1.878920e+00   7.834621e+01   7.541842e+00
  1.881690e+00   8.865992e+01   7.582551e+00
  1.884450e+00   7.450464e+01   7.524529e+00
  1.887220e+00   7.745294e+01   7.540348e+00
  1.889980e+00   6.686613e+01   7.560162e+00
  1.892750e+00   8.324273e+01   7.534837e+00
  1.895520e+00   8.332133e+01   7.590202e+00
  1.898280e+00   9.495123e+01   7.538635e+00
  1.901050e+00   8.162092e+01   7.533962e+00
  1.903820e+00   8.127038e+01   7.541639e+00
  1.906580e+00   7.755318e+01   7.551445e+00
  1.909350e+00   7.640278e+01   7.576265e+00
  1.912120e+00   7.615857e+01   7.540604e+00
  1.914880e+00   7.108730e+01   7.553690e+00
  1.917650e+00   4.765957e+01   7.585444e+00
  1.920410e+00   8.577874e+01   7.545984e+00
  1.923180e+00   7.022455e+01   7.594964e+00
  1.925950e+00   6.350360e+01   7.530922e+00
  1.928710e+00   6.907650e+01   7.590327e+00
  1.931480e+00   8.918053e+01   7.577178e+00
  1.934250e+00   6.938332e+01   7.557964e+00
  1.937010e+00   6.269244e+01   7.590352e+00
  1.939780e+00   7.608358e+01   7.526262e+00
  1.942550e+00   6.536973e+01   7.603254e+00
  1.945310e+00   7.206232e+01   7.566740e+00
  1.948080e+00   6.842393e+01   7.561921e+00
  1.950840e+00   6.713879e+01   7.572499e+00
  1.953610e+00   6.425314e+01   7.583599e+00
  1.956380e+00   8.056928e+01   7.571027e+00
  1.959140e+00   7.748216e+01   7.541516e+00
  1.961910e+00   6.990390e+01   7.581904e+00
  1.964680e+00   7.128773e+01   7.588339e+00
  1.967440e+00   8.152004e+01   7.532079e+00
  1.970210e+00   7.457045e+01   7.578173e+00
  1.972980e+00   7.836825e+01   7.559652e+00
  1.975740e+00   7.797676e+01   7.575568e+00
  1.978510e+00   7.176757e+01   7.574950e+00
  1.981270e+00   7.734061e+01   7.544154e+00
  1.984040e+00   7.122749e+01   7.573782e+00
  1.986810e+00   6.344879e+01   7.541638e+00
  1.989570e+00   8.684965e+01   7.568968e+00
  1.992340e+00   7.158128e+01   7.577986e+00
  1.995110e+00   6.554537e+01   7.535607e+00
  1.997870e+00   7.432094e+01   7.555125e+00
  2.000640e+00   7.120261e+01   7.567896e+00
  2.003410e+00   5.734360e+01   7.559386e+00
  2.006170e+00   8.191023e+01   7.557052e+00
  2.008940e+00   7.674046e+01   7.546394e+00
  2.011700e+00   7.060160e+01   7.563133e+00
  2.014470e+00   5.486774e+01   7.584263e+00
  2.017240e+00   6.887118e+01   7.496937e+00
  2.020000e+00   6.724436e+01   7.568861e+00
  2.022770e+00   6.631449e+01   7.573449e+00
  2.025540e+00   7.221217e+01   7.528553e+00
  2.028300e+00   6.565609e+01   7.574362e+00
  2.031070e+00   6.176711e+01   7.524493e+00
  2.033840e+00   7.002021e+01   7.549087e+00
  2.036600e+00   8.356496e+01   7.577670e+00
  2.039370e+00   7.952769e+01   7.519572e+00
  2.042130e+00   7.755556e+01   7.573574e+00
  2.044900e+00   6.863305e+01   7.502753e+00
  2.047670e+00   7.856728e+01   7.553992e+00
  2.050430e+00   6.581761e+01   7.542980e+00
  2.053200e+00   8.008684e+01   7.511017e+00
  2.055970e+00   6.579253e+01   7.575235e+00
  2.058730e+00   7.172998e+01   7.524644e+00
  2.061500e+00   7.399145e+01   7.533214e+00
  2.064270e+00   7.330390e+01   7.543817e+00
  2.067030e+00   6.470211e+01   7.486138e+00
  2.069800e+00   6.953634e+01   7.562304e+00
  2.072560e+00   6.514240e+01   7.505092e+00
  2.075330e+00   5.940277e+01   7.544398e+00
  2.078100e+00   4.757335e+01   7.535129e+00
  2.080860e+00   5.963894e+01   7.504699e+00
  2.083630e+00   7.018972e+01   7.550580e+00
  2.086400e+00   5.964746e+01   7.481407e+00
  2.089160e+00   6.918067e+01   7.554956e+00
  2.091930e+00   7.126806e+01   7.519936e+00
  2.094700e+00   5.019501e+01   7.514627e+00
  2.097460e+00   6.124581e+01   7.498172e+00
  2.100230e+00   6.093198e+01   7.514982e+00
  2.102990e+00   6.252514e+01   7.509746e+00
  2.105760e+00   4.747358e+01   7.501221e+00
  2.108530e+00   7.230690e+01   7.482392e+00
  2.111290e+00   7.517560e+01   7.492436e+00
  2.114060e+00   6.156410e+01   7.453174e+00
  2.116830e+00   6.460481e+01   7.492138e+00
  2.119590e+00   5.651305e+01   7.465916e+00
  2.122360e+00   6.781075e+01   7.460333e+00
  2.125130e+00   6.598970e+01   7.475098e+00
  2.127890e+00   6.868293e+01   7.437103e+00
  2.130660e+00   5.717600e+01   7.462780e+00
  2.133420e+00   6.891692e+01   7.458647e+00
  2.136190e+00   5.786215e+01   7.469839e+00
  2.138960e+00   6.293789e+01   7.454011e+00
  2.141720e+00   5.409071e+01   7.458303e+00
  2.144490e+00   4.978196e+01   7.417767e+00
  2.147260e+00   7.969972e+01   7.451507e+00
  2.150020e+00   6.274224e+01   7.459749e+00
  2.152790e+00   6.142559e+01   7.423277e+00
  2.155560e+00   6.537179e+01   7.470422e+00
  2.158320e+00   5.907140e+01   7.440500e+00
  2.161090e+00   6.383053e+01   7.441228e+00
  2.163860e+00   6.170589e+01   7.445822e+00
  2.166620e+00   6.794518e+01   7.416364e+00
  2.169390e+00   6.369665e+01   7.461965e+00
  2.172150e+00   6.671766e+01   7.456381e+00
  2.174920e+00   5.628719e+01   7.419075e+00
  2.177690e+00   6.342614e+01   7.433446e+00
  2.180450e+00   5.927318e+01   7.421329e+00
  2.183220e+00   7.080518e+01   7.462604e+00
  2.185990e+00   6.675774e+01   7.433819e+00
  2.188750e+00   5.968366e+01   7.427926e+00
  2.191520e+00   6.786063e+01   7.420233e+00
  2.194290e+00   5.160707e+01   7.418077e+00
  2.197050e+00   7.761410e+01   7.427720e+00
  2.199820e+00   4.997109e+01   7.432958e+00
  2.202580e+00   6.322076e+01   7.445757e+00
  2.205350e+00   4.777334e+01   7.396190e+00
  2.208120e+00   5.425553e+01   7.402427e+00
  2.210880e+00   5.162585e+01   7.421965e+00
  2.213650e+00   5.502805e+01   7.386516e+00
  2.216420e+00   5.593007e+01   7.435099e+00
  2.219180e+00   4.429966e+01   7.404646e+00
  2.221950e+00   5.207869e+01   7.387801e+00
  2.224720e+00   5.267149e+01   7.544291e+00
  2.227480e+00   6.045802e+01   7.590281e+00
  2.230250e+00   5.871155e+01   7.696930e+00
  2.233010e+00   5.278988e+01   7.678391e+00
  2.235780e+00   5.717591e+01   7.764599e+00
  2.238550e+00   5.451911e+01   7.818908e+00
  2.241310e+00   6.501882e+01   7.809755e+00
  2.244080e+00   4.824205e+01   7.878981e+00
  2.246850e+00   6.317228e+01   7.907148e+00
  2.249610e+00   5.378536e+01   7.927475e+00
  2.252380e+00   4.809558e+01   8.009004e+00
  2.255150e+00   6.260423e+01   7.948120e+00
  2.257910e+00   5.925849e+01   8.030189e+00
  2.260680e+00   5.503056e+01   8.052909e+00
  2.263440e+00   4.778263e+01   8.065776e+00
  2.266210e+00   5.884783e+01   8.095268e+00
  2.268980e+00   6.244886e+01   8.118308e+00
  2.271740e+00   4.022465e+01   7.951280e+00
  2.274510e+00   5.999928e+01   7.882227e+00
  2.277280e+00   6.757427e+01   7.867393e+00
  2.280040e+00   7.072491e+01   7.850294e+00
  2.282810e+00   4.556977e+01   7.867138e+00
  2.285580e+00   6.193386e+01   7.796581e+00
  2.288340e+00   5.262510e+01   7.877124e+00
  2.291110e+00   5.273467e+01   7.820734e+00
  2.293870e+00   5.365960e+01   7.850761e+00
  2.296640e+00   6.466296e+01   7.851416e+00
  2.299410e+00   4.481640e+01   7.814339e+00
  2.302170e+00   6.701310e+01   7.848437e+00
  2.304940e+00   5.563302e+01   7.818828e+00
  2.307710e+00   4.775730e+01   7.848249e+00
  2.310470e+00   4.081479e+01   7.843346e+00
  2.313240e+00   5.947955e+01   7.842667e+00
  2.316010e+00   5.591521e+01   7.884630e+00
  2.318770e+00   4.829372e+01   7.853001e+00
  2.321540e+00   5.649391e+01   7.863856e+00
  2.324300e+00   6.305934e+01   7.855973e+00
  2.327070e+00   6.338751e+01   7.819908e+00
  2.329840e+00   5.613304e+01   7.875701e+00
  2.332600e+00   5.564802e+01   7.801910e+00
  2.335370e+00   6.648075e+01   7.855828e+00
  2.338140e+00   5.219918e+01   7.847930e+00
  2.340900e+00   5.140877e+01   7.844708e+00
  2.343670e+00   6.542153e+01   7.857618e+00
  2.346440e+00   5.300325e+01   7.848814e+00
  2.349200e+00   4.630791e+01   7.862222e+00
  2.351970e+00   6.163841e+01   7.865239e+00
  2.354730e+00   6.340837e+01   7.832364e+00
  2.357500e+00   6.164165e+01   7.890934e+00
  2.360270e+00   6.033296e+01   7.862802e+00
  2.363030e+00   4.790626e+01   7.878941e+00
  2.365800e+00   5.737441e+01   7.882872e+00
  2.368570e+00   5.183536e+01   7.852376e+00
  2.371330e+00   6.119952e+01   7.886216e+00
  2.374100e+00   5.415358e+01   7.873055e+00
  2.376870e+00   4.863151e+01   7.877410e+00
  2.379630e+00   5.371225e+01   7.896504e+00
  2.382400e+00   6.171481e+01   7.888167e+00
  2.385160e+00   5.550109e+01   7.892877e+00
  2.387930e+00   4.981568e+01   7.879838e+00
  2.390700e+00   5.018381e+01   7.899013e+00
  2.393460e+00   4.794456e+01   7.904433e+00
  2.396230e+00   4.672085e+01   7.898618e+00
  2.399000e+00   4.532604e+01   7.924456e+00
  2.401760e+00   5.166198e+01   7.867647e+00
  2.404530e+00   6.138189e+01   7.901478e+00
  2.407300e+00   5.135669e+01   7.878250e+00
  2.410060e+00   4.673888e+01   7.921088e+00
  2.412830e+00   6.585730e+01   7.896297e+00
  2.415590e+00   5.894796e+01   7.883312e+00
  2.418360e+00   4.401433e+01   7.905034e+00
  2.421130e+00   3.824321e+01   7.879710e+00
  2.423890e+00   6.532805e+01   7.924370e+00
  2.426660e+00   4.763724e+01   7.885005e+00
  2.429430e+00   4.390331e+01   7.952135e+00
  2.432190e+00   4.458291e+01   7.905391e+00
  2.434960e+00   5.148656e+01   7.900986e+00
  2.437730e+00   4.745884e+01   7.890248e+00
  2.440490e+00   6.379111e+01   7.945615e+00
  2.443260e+00   5.016859e+01   7.928467e+00
  2.446020e+00   5.614651e+01   7.933452e+00
  2.448790e+00   4.558806e+01   7.921509e+00
  2.451560e+00   4.931288e+01   7.919157e+00
  2.454320e+00   5.091284e+01   7.919572e+00
  2.457090e+00   5.604176e+01   7.955397e+00
  2.459860e+00   7.296485e+01   7.880138e+00
  2.462620e+00   4.947903e+01   7.930422e+00
  2.465390e+00   5.741655e+01   7.918748e+00
  2.468160e+00   6.077696e+01   7.910699e+00
  2.470920e+00   5.487866e+01   7.938297e+00
  2.473690e+00   5.351258e+01   7.863391e+00
  2.476450e+00   5.314611e+01   7.963451e+00
  2.479220e+00   5.839284e+01   7.892255e+00
  2.481990e+00   5.064351e+01   7.909546e+00
  2.484750e+00   5.652189e+01   7.920751e+00
  2.487520e+00   4.056855e+01   7.907138e+00
  2.490290e+00   5.326390e+01   7.953080e+00
  2.493050e+00   4.373532e+01   7.912935e+00
  2.495820e+00   3.650576e+01   7.903444e+00
  2.498590e+00   5.895384e+01   7.943381e+00
  2.501350e+00   4.075395e+01   7.920208e+00
  2.504120e+00   5.209070e+01   7.936435e+00
  2.506890e+00   4.053330e+01   7.916046e+00
  2.509650e+00   5.021268e+01   7.904614e+00
  2.512420e+00   4.438453e+01   7.921194e+00
  2.515180e+00   4.760399e+01   7.892988e+00
  2.517950e+00   4.369057e+01   7.917169e+00
  2.520720e+00   4.699300e+01   7.874049e+00
  2.523480e+00   3.385059e+01   7.916013e+00
  2.526250e+00   5.227127e+01   7.911237e+00
  2.529020e+00   4.012291e+01   7.875893e+00
  2.531780e+00   5.725437e+01   7.913646e+00
  2.534550e+00   5.962407e+01   7.893533e+00
  2.537320e+00   3.533513e+01   7.894711e+00
  2.540080e+00   4.890369e+01   7.923622e+00
  2.542850e+00   3.971587e+01   7.891684e+00
  2.545610e+00   4.549196e+01   7.932858e+00
  2.548380e+00   3.922658e+01   7.885305e+00
  2.551150e+00   4.608580e+01   7.916612e+00
  2.553910e+00   4.030959e+01   7.918009e+00
  2.556680e+00   3.551644e+01   7.917918e+00
  2.559450e+00   4.476493e+01   7.921862e+00
  2.562210e+00   4.949898e+01   7.905938e+00
  2.564980e+00   4.850849e+01   7.908563e+00
  2.567750e+00   4.030300e+01   7.920894e+00
  2.570510e+00   5.258472e+01   7.954915e+00
  2.573280e+00   4.693981e+01   7.913587e+00
  2.576040e+00   3.948745e+01   7.944643e+00
  2.578810e+00   3.894093e+01   7.914930e+00
  2.581580e+00   3.677172e+01   7.929500e+00
  2.584340e+00   5.528073e+01   7.940228e+00
  2.587110e+00   4.030078e+01   7.925064e+00
  2.589880e+00   6.755170e+01   7.958260e+00
  2.592640e+00   5.113330e+01   7.950441e+00
  2.595410e+00   5.031784e+01   7.934327e+00
  2.598180e+00   5.395943e+01   7.949411e+00
  2.600940e+00   4.500750e+01   7.892128e+00
  2.603710e+00   3.654185e+01   8.002634e+00
  2.606470e+00   4.497281e+01   7.953333e+00
  2.609240e+00   3.444387e+01   7.920671e+00
  2.612010e+00   4.905482e+01   7.966321e+00
  2.614770e+00   4.578749e+01   7.908698e+00
  2.617540e+00   3.637486e+01   7.997179e+00
  2.620310e+00   2.952857e+01   7.948939e+00
  2.623070e+00   4.876625e+01   7.935551e+00
  2.625840e+00   3.557449e+01   7.977677e+00
  2.628610e+00   4.368110e+01   7.938120e+00
  2.631370e+00   4.619409e+01   7.981172e+00
  2.634140e+00   4.747284e+01   7.947562e+00
  2.636900e+00   3.941084e+01   7.969784e+00
  2.639670e+00   4.766171e+01   7.997839e+00
  2.642440e+00   4.344864e+01   7.903369e+00
  2.645200e+00   5.618350e+01   8.021657e+00
  2.647970e+00   3.782805e+01   7.929075e+00
  2.650740e+00   5.237062e+01   7.974417e+00
  2.653500e+00   5.426985e+01   7.984466e+00
  2.656270e+00   4.398099e+01   7.971133e+00
  2.659040e+00   4.804550e+01   8.000366e+00
  2.661800e+00   3.534836e+01   7.931975e+00
  2.664570e+00   4.593911e+01   8.015969e+00
  2.667330e+00   4.203801e+01   7.954217e+00
  2.670100e+00   4.338026e+01   7.964375e+00
  2.672870e+00   5.330098e+01   8.036414e+00
  2.675630e+00   3.962186e+01   7.959819e+00
  2.678400e+00   4.507515e+01   8.001711e+00
  2.681170e+00   5.926945e+01   7.952732e+00
  2.683930e+00   4.248234e+01   7.966168e+00
  2.686700e+00   4.341444e+01   8.049935e+00
  2.689470e+00   3.355263e+01   7.926188e+00
  2.692230e+00   4.875277e+01   8.050903e+00
  2.695000e+00   4.148449e+01   7.957136e+00
  2.697760e+00   5.998918e+01   7.992134e+00
  2.700530e+00   5.347993e+01   8.011826e+00
  2.703300e+00   4.079898e+01   7.989788e+00
  2.706060e+00   5.148029e+01   8.030691e+00
  2.708830e+00   3.603245e+01   7.965587e+00
  2.711600e+00   5.285196e+01   8.010886e+00
  2.714360e+00   5.102205e+01   8.010716e+00
  2.717130e+00   4.684330e+01   7.944180e+00
  2.719900e+00   4.273813e+01   8.064152e+00
  2.722660e+00   4.937327e+01   7.987714e+00
  2.725430e+00   4.621173e+01   8.019284e+00
  2.728190e+00   6.049804e+01   7.988603e+00
  2.730960e+00   5.722974e+01   8.015169e+00
  2.733730e+00   5.640579e+01   8.023953e+00
  2.736490e+00   4.118277e+01   7.975952e+00
  2.739260e+00   3.499784e+01   8.033413e+00
  2.742030e+00   4.287986e+01   8.004515e+00
  2.744790e+00   4.210967e+01   8.035524e+00
  2.747560e+00   3.095744e+01   7.995309e+00
  2.750330e+00   5.949248e+01   8.024206e+00
  2.753090e+00   5.601446e+01   8.019362e+00
  2.755860e+00   3.230772e+01   8.010866e+00
  2.758620e+00   4.371781e+01   8.063098e+00
  2.761390e+00   4.146967e+01   7.992390e+00
  2.764160e+00   4.726486e+01   8.036902e+00
  2.766920e+00   5.211482e+01   8.010906e+00
  2.769690e+00   4.819222e+01   8.017272e+00
  2.772460e+00   5.237649e+01   8.051876e+00
  2.775220e+00   4.598614e+01   7.980274e+00
  2.777990e+00   4.958118e+01   8.057222e+00
  2.780760e+00   4.885785e+01   8.022881e+00
  2.783520e+00   3.774156e+01   8.033243e+00
  2.786290e+00   3.565647e+01   8.067848e+00
  2.789050e+00   3.410563e+01   7.972251e+00
  2.791820e+00   4.757687e+01   8.074277e+00
  2.794590e+00   3.359354e+01   8.017993e+00
  2.797350e+00   4.244898e+01   8.031058e+00
  2.800120e+00   5.506553e+01   8.048293e+00
  2.802890e+00   3.729616e+01   7.973430e+00
  2.805650e+00   4.220972e+01   8.070363e+00
  2.808420e+00   3.712754e+01   8.013764e+00
  2.811190e+00   3.750557e+01   8.160567e+00
  2.813950e+00   4.833567e+01   8.328239e+00
  2.816720e+00   2.455581e+01   8.369863e+00
  2.819480e+00   4.012648e+01   8.496521e+00
  2.822250e+00   4.910384e+01   8.500380e+00
  2.825020e+00   4.384057e+01   8.595279e+00
  2.827780e+00   3.989936e+01   8.650211e+00
  2.830550e+00   2.850395e+01   8.661295e+00
  2.833320e+00   3.283000e+01   8.810542e+00
  2.836080e+00   2.671175e+01   8.747316e+00
  2.838850e+00   3.842525e+01   8.884208e+00
  2.841620e+00   4.006845e+01   8.869196e+00
  2.844380e+00   3.587521e+01   8.982164e+00
  2.847150e+00   3.486038e+01   8.957510e+00
  2.849910e+00   3.978466e+01   8.989032e+00
  2.852680e+00   5.064514e+01   9.121108e+00
  2.855450e+00   2.501689e+01   9.066608e+00
  2.858210e+00   3.958978e+01   8.952106e+00
  2.860980e+00   3.070350e+01   8.777111e+00
  2.863750e+00   4.254014e+01   8.725450e+00
  2.866510e+00   3.374766e+01   8.688559e+00
  2.869280e+00   4.377974e+01   8.578492e+00
  2.872050e+00   3.691855e+01   8.620761e+00
  2.874810e+00   4.446403e+01   8.553543e+00
  2.877580e+00   6.280462e+01   8.547962e+00
  2.880350e+00   5.366452e+01   8.537768e+00
  2.883110e+00   4.332255e+01   8.424625e+00
  2.885880e+00   3.622499e+01   8.481306e+00
  2.888640e+00   3.071406e+01   8.407652e+00
  2.891410e+00   4.096277e+01   8.473269e+00
  2.894180e+00   3.124057e+01   8.404337e+00
  2.896940e+00   4.515844e+01   8.390019e+00
  2.899710e+00   3.894836e+01   8.424448e+00
  2.902480e+00   3.136588e+01   8.342347e+00
  2.905240e+00   2.481376e+01   8.379906e+00
  2.908010e+00   4.736009e+01   8.362776e+00
  2.910780e+00   4.534390e+01   8.359836e+00
  2.913540e+00   2.120123e+01   8.365305e+00
  2.916310e+00   4.267842e+01   8.300350e+00
  2.919070e+00   4.083434e+01   8.356764e+00
  2.921840e+00   4.516773e+01   8.325749e+00
  2.924610e+00   4.005557e+01   8.330802e+00
  2.927370e+00   2.153541e+01   8.320121e+00
  2.930140e+00   2.270685e+01   8.286147e+00
  2.932910e+00   3.407001e+01   8.343636e+00
  2.935670e+00   3.779853e+01   8.285541e+00
  2.938440e+00   2.736424e+01   8.302232e+00
  2.941210e+00   3.410381e+01   8.277244e+00
  2.943970e+00   3.485546e+01   8.316953e+00
  2.946740e+00   3.510656e+01   8.331200e+00
  2.949500e+00   4.217257e+01   8.249487e+00
  2.952270e+00   4.536064e+01   8.297097e+00
  2.955040e+00   3.568336e+01   8.267869e+00
  2.957800e+00   3.291833e+01   8.267724e+00
  2.960570e+00   4.989611e+01   8.279154e+00
  2.963340e+00   3.573943e+01   8.216270e+00
  2.966100e+00   3.150204e+01   8.283244e+00
  2.968870e+00   4.285217e+01   8.237918e+00
  2.971640e+00   4.396463e+01   8.264343e+00
  2.974400e+00   5.342282e+01   8.250391e+00
  2.977170e+00   4.761377e+01   8.206646e+00
  2.979930e+00   4.037942e+01   8.297417e+00
  2.982700e+00   3.805795e+01   8.200405e+00
  2.985470e+00   4.412410e+01   8.269012e+00
  2.988230e+00   3.823408e+01   8.198719e+00
  2.991000e+00   3.445299e+01   8.270009e+00
  2.993770e+00   1.212828e+01   8.262061e+00
  2.996530e+00   3.626116e+01   8.203207e+00
  2.999300e+00   3.104435e+01   8.248527e+00
  3.002070e+00   3.309063e+01   8.246126e+00
  3.004830e+00   2.642701e+01   8.259295e+00
  3.007600e+00   5.813421e+01   8.258235e+00
  3.010360e+00   3.305280e+01   8.230523e+00
  3.013130e+00   4.656892e+01   8.278487e+00
  3.015900e+00   2.454484e+01   8.226148e+00
  3.018660e+00   3.808633e+01   8.259734e+00
  3.021430e+00   5.259023e+01   8.232754e+00
  3.024200e+00   3.042120e+01   8.248536e+00
  3.026960e+00   3.564323e+01   8.272472e+00
  3.029730e+00   4.674340e+01   8.211055e+00
  3.032500e+00   3.970093e+01   8.270341e+00
  3.035260e+00   3.814281e+01   8.208611e+00
  3.038030e+00   3.933005e+01   8.282841e+00
  3.040790e+00   4.585501e+01   8.222604e+00
  3.043560e+00   2.780768e+01   8.226793e+00
  3.046330e+00   4.111283e+01   8.256982e+00
  3.049090e+00   3.448239e+01   8.216971e+00
  3.051860e+00   4.499312e+01   8.247554e+00
  3.054630e+00   3.281524e+01   8.261440e+00
  3.057390e+00   3.941393e+01   8.200349e+00
  3.060160e+00   2.726187e+01   8.276953e+00
  3.062930e+00   3.822646e+01   8.210847e+00
  3.065690e+00   4.647180e+01   8.269340e+00
  3.068460e+00   2.121815e+01   8.202971e+00
  3.071220e+00   4.714462e+01   8.229308e+00
  3.073990e+00   3.995748e+01   8.286271e+00
  3.076760e+00   3.018791e+01   8.165937e+00
  3.079520e+00   3.711601e+01   8.282484e+00
  3.082290e+00   4.665925e+01   8.204509e+00
  3.085060e+00   3.351103e+01   8.246252e+00
  3.087820e+00   3.348579e+01   8.249433e+00
  3.090590e+00   4.203345e+01   8.216311e+00
  3.093360e+00   3.246077e+01   8.230949e+00
  3.096120e+00   4.748497e+01   8.217144e+00
  3.098890e+00   2.034704e+01   8.238385e+00
  3.101650e+00   2.911802e+01   8.221446e+00
  3.104420e+00   4.685413e+01   8.228999e+00
  3.107190e+00   4.079047e+01   8.276555e+00
  3.109950e+00   2.843707e+01   8.188103e+00
  3.112720e+00   3.096416e+01   8.247550e+00
  3.115490e+00   4.831001e+01   8.229541e+00
  3.118250e+00   3.317435e+01   8.211299e+00
  3.121020e+00   3.732798e+01   8.265378e+00
  3.123790e+00   3.287700e+01   8.219038e+00
  3.126550e+00   4.069489e+01   8.229417e+00
  3.129320e+00   2.332139e+01   8.238133e+00
  3.132080e+00   3.315111e+01   8.249643e+00
  3.134850e+00   4.847293e+01   8.223496e+00
  3.137620e+00   3.122561e+01   8.227493e+00
  3.140380e+00   3.344245e+01   8.204536e+00
  3.143150e+00   3.851297e+01   8.225911e+00
  3.145920e+00   3.903289e+01   8.248621e+00
  3.148680e+00   3.027052e+01   8.208656e+00
  3.151450e+00   3.287915e+01   8.270359e+00
  3.154220e+00   3.654256e+01   8.202379e+00
  3.156980e+00   5.110965e+01   8.223181e+00
  3.159750e+00   2.529314e+01   8.235980e+00
  3.162510e+00   2.955136e+01   8.204975e+00
  3.165280e+00   3.964983e+01   8.240610e+00
  3.168050e+00   2.656216e+01   8.218485e+00
  3.170810e+00   1.964599e+01   8.236077e+00
  3.173580e+00   2.086779e+01   8.248447e+00
  3.176350e+00   4.015033e+01   8.194650e+00
  3.179110e+00   3.171257e+01   8.253139e+00
  3.181880e+00   3.166207e+01   8.227986e+00
  3.184650e+00   3.259252e+01   8.230358e+00
  3.187410e+00   3.827378e+01   8.214639e+00
  3.190180e+00   3.274554e+01   8.179981e+00
  3.192940e+00   2.514262e+01   8.208383e+00
  3.195710e+00   3.753759e+01   8.169113e+00
  3.198480e+00   3.684452e+01   8.219330e+00
  3.201240e+00   3.682081e+01   8.193039e+00
  3.204010e+00   3.283285e+01   8.150452e+00
  3.206780e+00   3.794318e+01   8.194287e+00
  3.209540e+00   3.175613e+01   8.130248e+00
  3.212310e+00   2.223817e+01   8.186460e+00
  3.215080e+00   2.782290e+01   8.168337e+00
  3.217840e+00   3.524029e+01   8.174981e+00
  3.220610e+00   1.957472e+01   8.148776e+00
  3.223370e+00   3.107934e+01   8.142072e+00
  3.226140e+00   3.697146e+01   8.172587e+00
  3.228910e+00   3.306755e+01   8.155791e+00
  3.231670e+00   3.092138e+01   8.164529e+00
  3.234440e+00   3.036803e+01   8.196691e+00
  3.237210e+00   3.689937e+01   8.136082e+00
  3.239970e+00   3.904373e+01   8.174284e+00
  3.242740e+00   3.975559e+01   8.171253e+00
  3.245510e+00   2.872096e+01   8.146158e+00
  3.248270e+00   2.619855e+01   8.200851e+00
  3.251040e+00   3.479502e+01   8.147278e+00
  3.253810e+00   3.260656e+01   8.192938e+00
  3.256570e+00   3.347746e+01   8.129146e+00
  3.259340e+00   4.793889e+01   8.191774e+00
  3.262100e+00   2.778842e+01   8.177161e+00
  3.264870e+00   3.145039e+01   8.169530e+00
  3.267640e+00   3.137849e+01   8.147185e+00
  3.270400e+00   3.280690e+01   8.179549e+00
  3.273170e+00   2.288929e+01   8.177454e+00
  3.275940e+00   2.930361e+01   8.170105e+00
  3.278700e+00   3.790920e+01   8.129583e+00
  3.281470e+00   2.826724e+01   8.177715e+00
  3.284240e+00   3.034328e+01   8.193270e+00
  3.287000e+00   2.831753e+01   8.164030e+00
  3.289770e+00   3.090964e+01   8.187867e+00
  3.292530e+00   2.439327e+01   8.139459e+00
  3.295300e+00   2.738372e+01   8.179269e+00
  3.298070e+00   3.908052e+01   8.165031e+00
  3.300830e+00   4.470391e+01   8.177790e+00
  3.303600e+00   4.158170e+01   8.154519e+00
  3.306370e+00   2.916018e+01   8.161196e+00
  3.309130e+00   3.143783e+01   8.188427e+00
  3.311900e+00   1.392169e+01   8.180946e+00
  3.314670e+00   2.115068e+01   8.139962e+00
  3.317430e+00   2.766961e+01   8.183873e+00
  3.320200e+00   3.868221e+01   8.204519e+00
  3.322960e+00   2.979242e+01   8.156266e+00
  3.325730e+00   2.303692e+01   8.175240e+00
  3.328500e+00   2.709577e+01   8.145478e+00
  3.331260e+00   1.852956e+01   8.209362e+00
  3.334030e+00   2.682542e+01   8.138317e+00
  3.336800e+00   3.546344e+01   8.189867e+00
  3.339560e+00   2.238319e+01   8.170466e+00
  3.342330e+00   3.622970e+01   8.162222e+00
  3.345100e+00   4.535178e+01   8.182566e+00
  3.347860e+00   4.616999e+01   8.190945e+00
  3.350630e+00   4.173674e+01   8.126189e+00
  3.353390e+00   3.010959e+01   8.171247e+00
  3.356160e+00   3.133567e+01   8.144121e+00
  3.358930e+00   3.548238e+01   8.133901e+00
  3.361690e+00   3.152404e+01   8.151493e+00
  3.364460e+00   3.999378e+01   8.110763e+00
  3.367230e+00   2.613895e+01   8.149392e+00
  3.369990e+00   3.041606e+01   8.111564e+00
  3.372760e+00   4.063183e+01   8.087396e+00
  3.375530e+00   4.853675e+01   8.141486e+00
  3.378290e+00   4.949820e+01   8.110751e+00
  3.381060e+00   2.802415e+01   8.079180e+00
  3.383820e+00   2.305255e+01   8.103712e+00
  3.386590e+00   3.013102e+01   8.093278e+00
  3.389360e+00   2.367848e+01   8.093267e+00
  3.392120e+00   3.308916e+01   8.089424e+00
  3.394890e+00   2.501163e+01   8.108570e+00
  3.397660e+00   2.707325e+01   8.291265e+00
  3.400420e+00   3.859164e+01   8.426661e+00
  3.403190e+00   2.003736e+01   8.535032e+00
  3.405960e+00   4.295663e+01   8.660129e+00
  3.408720e+00   2.166148e+01   8.651455e+00
  3.411490e+00   3.391971e+01   8.826717e+00
  3.414250e+00   2.467211e+01   8.854814e+00
  3.417020e+00   4.108078e+01   8.924339e+00
  3.419790e+00   2.295616e+01   8.971189e+00
  3.422550e+00   2.775596e+01   9.059329e+00
  3.425320e+00   3.134385e+01   9.134144e+00
  3.428090e+00   3.295304e+01   9.095504e+00
  3.430850e+00   3.373833e+01   9.229383e+00
  3.433620e+00   5.301273e+01   9.218347e+00
  3.436390e+00   2.443703e+01   9.290708e+00
  3.439150e+00   2.756273e+01   9.389875e+00
  3.441920e+00   3.292233e+01   9.391404e+00
  3.444680e+00   1.270428e+00   9.207330e+00
  3.447450e+00   3.768139e+01   9.050806e+00
  3.450220e+00   2.544877e+01   8.928660e+00
  3.452980e+00   3.519547e+01   8.957476e+00
  3.455750e+00   4.361298e+01   8.807549e+00
  3.458520e+00   3.230171e+01   8.811094e+00
  3.461280e+00   3.245418e+01   8.824236e+00
  3.464050e+00   2.879789e+01   8.761069e+00
  3.466820e+00   1.330076e+01   8.701683e+00
  3.469580e+00   3.488557e+01   8.695771e+00
  3.472350e+00   3.622933e+01   8.720703e+00
  3.475110e+00   2.916824e+01   8.716312e+00
  3.477880e+00   3.085138e+01   8.668129e+00
  3.480650e+00   4.263112e+01   8.675986e+00
  3.483410e+00   2.568811e+01   8.653511e+00
  3.486180e+00   2.612278e+01   8.623674e+00
  3.488950e+00   4.431133e+01   8.684340e+00
  3.491710e+00   3.620297e+01   8.594859e+00
  3.494480e+00   2.646893e+01   8.625017e+00
  3.497250e+00   3.027561e+01   8.615101e+00
  3.500010e+00   1.971048e+01   8.577007e+00
  3.502780e+00   4.330375e+01   8.593300e+00
  3.505540e+00   3.648307e+01   8.593565e+00
  3.508310e+00   2.619343e+01   8.598318e+00
  3.511080e+00   7.575153e+00   8.568178e+00
  3.513840e+00   3.939510e+01   8.562836e+00
  3.516610e+00   4.562042e+01   8.533870e+00
  3.519380e+00   3.044306e+01   8.546320e+00
  3.522140e+00   2.308696e+01   8.536799e+00
  3.524910e+00   3.106948e+01   8.529584e+00
  3.527680e+00   2.526130e+01   8.499081e+00
  3.530440e+00   3.944660e+01   8.513757e+00
  3.533210e+00   3.008939e+01   8.497695e+00
  3.535970e+00   4.246377e+01   8.521413e+00
  3.538740e+00   3.751851e+01   8.461675e+00
  3.541510e+00   1.947571e+01   8.533599e+00
  3.544270e+00   4.471804e+01   8.478830e+00
  3.547040e+00   2.454549e+01   8.493091e+00
  3.549810e+00   4.001511e+01   8.473227e+00
  3.552570e+00   2.083185e+01   8.469934e+00
  3.555340e+00   3.000596e+01   8.509786e+00
  3.558110e+00   5.799764e+00   8.483937e+00
  3.560870e+00   3.541981e+01   8.466033e+00
  3.563640e+00   3.949635e+01   8.516897e+00
  3.566400e+00   3.438933e+01   8.512203e+00
  3.569170e+00   3.036539e+01   8.472293e+00
  3.571940e+00   3.103498e+01   8.468514e+00
  3.574700e+00   1.871829e+01   8.519639e+00
  3.577470e+00   2.846480e+01   8.501678e+00
  3.580240e+00   1.972915e+01   8.455218e+00
  3.583000e+00   3.047383e+01   8.499058e+00
  3.585770e+00   3.007613e+01   8.464317e+00
  3.588540e+00   2.287527e+01   8.466184e+00
  3.591300e+00   3.319140e+01   8.466001e+00
  3.594070e+00   2.615009e+01   8.463121e+00
  3.596830e+00   3.297499e+01   8.455030e+00
  3.599600e+00   3.142595e+01   8.513153e+00
  3.602370e+00   3.562640e+01   8.443658e+00
  3.605130e+00   2.664129e+01   8.487941e+00
  3.607900e+00   3.000454e+01   8.424674e+00
  3.610670e+00   2.034567e+01   8.481978e+00
  3.613430e+00   3.566906e+01   8.468116e+00
  3.616200e+00   2.828371e+01   8.423339e+00
  3.618970e+00   2.872734e+01   8.456176e+00
  3.621730e+00   3.192174e+01   8.443293e+00
  3.624500e+00   3.142317e+01   8.445105e+00
  3.627270e+00   2.033060e+01   8.430710e+00
  3.630030e+00   4.188926e+01   8.400586e+00
  3.632800e+00   3.047697e+01   8.400291e+00
  3.635560e+00   1.735614e+01   8.404939e+00
  3.638330e+00   4.037682e+01   8.388234e+00
  3.641100e+00   2.731744e+01   8.426969e+00
  3.643860e+00   5.381438e+01   8.357126e+00
  3.646630e+00   3.384291e+01   8.379917e+00
  3.649400e+00   3.435268e+01   8.385320e+00
  3.652160e+00   2.921041e+01   8.366725e+00
  3.654930e+00   2.869925e+01   8.347883e+00
  3.657700e+00   2.654843e+01   8.365293e+00
  3.660460e+00   4.155241e+01   8.386390e+00
  3.663230e+00   2.613590e+01   8.362804e+00
  3.665990e+00   2.274059e+01   8.344465e+00
  3.668760e+00   3.596623e+01   8.376886e+00
  3.671530e+00   3.594586e+01   8.354827e+00
  3.674290e+00   8.423114e+00   8.342874e+00
  3.677060e+00   3.499615e+01   8.378118e+00
  3.679830e+00   2.339522e+01   8.341160e+00
  3.682590e+00   2.346068e+01   8.374731e+00
  3.685360e+00   2.988374e+01   8.367347e+00
  3.688130e+00   2.467834e+01   8.373185e+00
  3.690890e+00   1.746725e+01   8.357207e+00
  3.693660e+00   2.794251e+01   8.370183e+00
  3.696420e+00   3.808780e+01   8.343307e+00
  3.699190e+00   3.198823e+01   8.361518e+00
  3.701960e+00   3.062282e+01   8.349170e+00
  3.704720e+00   1.690759e+01   8.363148e+00
  3.707490e+00   3.053069e+01   8.366146e+00
  3.710260e+00   4.360208e+01   8.344572e+00
  3.713020e+00   1.764314e+01   8.372502e+00
  3.715790e+00   1.250618e+01   8.330262e+00
  3.718560e+00   2.341339e+01   8.398407e+00
  3.721320e+00   3.551228e+01   8.346082e+00
  3.724090e+00   2.882603e+01   8.339965e+00
  3.726850e+00   2.329949e+01   8.354638e+00
  3.729620e+00   3.780691e+01   8.354172e+00
  3.732390e+00   3.513510e+01   8.367022e+00
  3.735150e+00   1.994273e+01   8.342098e+00
  3.737920e+00   2.247305e+01   8.314330e+00
  3.740690e+00   3.921869e+01   8.357616e+00
  3.743450e+00   2.680816e+01   8.366965e+00
  3.746220e+00   2.563175e+01   8.355577e+00
  3.748990e+00   3.584136e+01   8.327656e+00
  3.751750e+00   2.605147e+01   8.351224e+00
  3.754520e+00   3.631217e+01   8.373004e+00
  3.757280e+00   1.857993e+01   8.333329e+00
  3.760050e+00   2.406445e+01   8.331233e+00
  3.762820e+00   2.290532e+01   8.378066e+00
  3.765580e+00   2.880470e+01   8.354451e+00
  3.768350e+00   2.369778e+01   8.324732e+00
  3.771120e+00   2.518628e+01   8.359490e+00
  3.773880e+00   1.164423e+01   8.303377e+00
  3.776650e+00   2.734453e+01   8.405186e+00
  3.779420e+00   4.761018e+01   8.328591e+00
  3.782180e+00   3.164672e+01   8.370746e+00
  3.784950e+00   3.212569e+01   8.344224e+00
  3.787710e+00   4.424379e+01   8.358029e+00
  3.790480e+00   3.177231e+01   8.356252e+00
  3.793250e+00   2.910796e+01   8.341943e+00
  3.796010e+00   3.372802e+01   8.324734e+00
  3.798780e+00   2.255009e+01   8.368372e+00
  3.801550e+00   1.947835e+01   8.346970e+00
  3.804310e+00   2.359930e+01   8.349235e+00
  3.807080e+00   2.440979e+01   8.331662e+00
  3.809850e+00   1.706655e+01   8.333644e+00
  3.812610e+00   2.110412e+01   8.371226e+00
  3.815380e+00   2.461058e+01   8.339610e+00
  3.818140e+00   1.216273e+01   8.362930e+00
  3.820910e+00   3.669732e+01   8.370149e+00
  3.823680e+00   3.640269e+01   8.335618e+00
  3.826440e+00   2.736399e+01   8.350175e+00
  3.829210e+00   1.897387e+01   8.365479e+00
  3.831980e+00   1.404392e+01   8.344177e+00
  3.834740e+00   2.337546e+01   8.336382e+00
  3.837510e+00   4.564712e+01   8.338090e+00
  3.840280e+00   1.863079e+01   8.339143e+00
  3.843040e+00   2.582171e+01   8.338282e+00
  3.845810e+00   3.813643e+01   8.367107e+00
  3.848570e+00   1.232221e+01   8.362728e+00
  3.851340e+00   2.918763e+01   8.331844e+00
  3.854110e+00   2.917975e+01   8.340146e+00
  3.856870e+00   1.020173e+01   8.329194e+00
  3.859640e+00   2.597616e+01   8.311335e+00
  3.862410e+00   3.714945e+01   8.320454e+00
  3.865170e+00   2.303961e+01   8.320583e+00
  3.867940e+00   2.368922e+01   8.299820e+00
  3.870710e+00   3.748430e+01   8.325368e+00
  3.873470e+00   2.213472e+01   8.258810e+00
  3.876240e+00   2.476628e+01   8.272286e+00
  3.879000e+00   3.110316e+01   8.315283e+00
  3.881770e+00   2.997215e+01   8.277952e+00
  3.884540e+00   2.656507e+01   8.254647e+00
  3.887300e+00   1.610113e+01   8.282607e+00
  3.890070e+00   2.267777e+01   8.233298e+00
  3.892840e+00   1.568805e+01   8.261949e+00
  3.895600e+00   1.870352e+01   8.236490e+00
  3.898370e+00   5.636694e+00   8.266306e+00
  3.901140e+00   1.272482e+01   8.251962e+00
  3.903900e+00   2.674105e+01   8.240490e+00
  3.906670e+00   3.173122e+01   8.257118e+00
  3.909430e+00   1.000901e+01   8.236177e+00
  3.912200e+00   2.448988e+01   8.235759e+00
  3.914970e+00   1.779355e+01   8.305847e+00
  3.917730e+00   3.313265e+01   8.263443e+00
  3.920500e+00   1.991727e+01   8.248213e+00
  3.923270e+00   2.446605e+01   8.243405e+00
  3.926030e+00   1.630386e+01   8.234110e+00
  3.928800e+00   2.736764e+01   8.282143e+00
  3.931570e+00   2.132914e+01   8.231298e+00
  3.934330e+00   2.275617e+01   8.289716e+00
  3.937100e+00   2.513461e+01   8.246606e+00
  3.939860e+00   3.186989e+01   8.266179e+00
  3.942630e+00   2.863908e+01   8.256309e+00
  3.945400e+00   2.952172e+01   8.233193e+00
  3.948160e+00   2.448489e+01   8.264206e+00
  3.950930e+00   1.159832e+01   8.295481e+00
  3.953700e+00   1.219385e+01   8.241841e+00
  3.956460e+00   2.207628e+01   8.284438e+00
  3.959230e+00   1.782548e+01   8.230194e+00
  3.962000e+00   1.628930e+01   8.258884e+00
  3.964760e+00   1.708113e+01   8.298189e+00
  3.967530e+00   1.092144e+01   8.240096e+00
  3.970290e+00   1.115505e+01   8.266769e+00
  3.973060e+00   2.096168e+01   8.245326e+00
  3.975830e+00   3.130110e+01   8.287301e+00
  3.978590e+00   1.916053e+01   8.255188e+00
  3.981360e+00   1.070235e+01   8.259845e+00
  3.984130e+00   2.517623e+01   8.455200e+00
  3.986890e+00   3.162257e+01   8.693471e+00
  3.989660e+00   2.729424e+01   8.742854e+00
  3.992430e+00   2.437066e+01   8.914160e+00
  3.995190e+00   1.445970e+01   8.912256e+00
  3.997960e+00   2.327228e+00   9.048828e+00
  4.000730e+00   1.771271e+01   9.182199e+00
  4.003490e+00   2.330906e+01   9.180965e+00
  4.006260e+00   1.117329e+01   9.287005e+00
  4.009020e+00   2.776567e+01   9.337412e+00
  4.011790e+00   3.989586e+01   9.405310e+00
  4.014560e+00   2.676449e+01   9.499993e+00
  4.017320e+00   2.207154e+01   9.521676e+00
  4.020090e+00   3.418050e+01   9.610449e+00
  4.022860e+00   2.179128e+01   9.659965e+00
  4.025620e+00   1.198473e+01   9.706360e+00
  4.028390e+00   1.263917e+01   9.843929e+00
  4.031160e+00   1.901641e+01   9.448719e+00
  4.033920e+00   2.432266e+01   9.377485e+00
  4.036690e+00   2.808255e+01   9.237048e+00
  4.039450e+00   3.176512e+01   9.140294e+00
  4.042220e+00   4.143488e+01   9.107430e+00
  4.044990e+00   3.123333e+01   9.059223e+00
  4.047750e+00   3.897713e+01   9.015832e+00
  4.050520e+00   2.966282e+01   9.030540e+00
  4.053290e+00   3.501199e+01   8.920319e+00
  4.056050e+00   3.539722e+01   8.947370e+00
  4.058820e+00   2.609148e+01   8.973102e+00
  4.061590e+00   1.731086e+01   8.854343e+00
  4.064350e+00   1.119576e+01   8.897963e+00
  4.067120e+00   3.686713e+01   8.869158e+00
  4.069880e+00   2.936053e+01   8.885510e+00
  4.072650e+00   2.884649e+01   8.838439e+00
  4.075420e+00   2.295683e+01   8.799687e+00
  4.078180e+00   3.402480e+01   8.830573e+00
  4.080950e+00   2.300864e+01   8.794945e+00
  4.083720e+00   3.705361e+01   8.810493e+00
  4.086480e+00   3.624883e+01   8.798158e+00
  4.089250e+00   2.816835e+01   8.707811e+00
  4.092020e+00   3.410982e+01   8.720970e+00
  4.094780e+00   2.686474e+01   8.747137e+00
  4.097550e+00   3.072394e+01   8.672408e+00
  4.100310e+00   3.177878e+01   8.672825e+00
  4.103080e+00   2.489337e+01   8.639752e+00
  4.105850e+00   1.100187e+01   8.662167e+00
  4.108610e+00   1.637459e+01   8.661868e+00
  4.111380e+00   1.439386e+01   8.563028e+00
  4.114150e+00   2.454071e+01   8.612781e+00
  4.116910e+00   2.477292e+01   8.610508e+00
  4.119680e+00   2.433364e+01   8.598466e+00
  4.122450e+00   3.373965e+01   8.591988e+00
  4.125210e+00   3.159620e+01   8.537253e+00
  4.127980e+00   1.318144e+01   8.572308e+00
  4.130740e+00   2.032326e+01   8.567505e+00
  4.133510e+00   3.178817e+01   8.572206e+00
  4.136280e+00   1.918387e+01   8.551309e+00
  4.139040e+00   1.926915e+01   8.563854e+00
  4.141810e+00   1.783059e+01   8.564863e+00
  4.144580e+00   2.412662e+01   8.589338e+00
  4.147340e+00   3.406909e+01   8.502758e+00
  4.150110e+00   1.308513e+00   8.551356e+00
  4.152880e+00   1.351603e+01   8.560660e+00
  4.155640e+00   1.211232e+01   8.564869e+00
  4.158410e+00   2.345324e+01   8.508683e+00
  4.161170e+00   2.112934e+01   8.505085e+00
  4.163940e+00   2.691473e+01   8.560661e+00
  4.166710e+00   1.751590e+01   8.514670e+00
  4.169470e+00   4.194199e+01   8.522958e+00
  4.172240e+00   2.388844e+01   8.531977e+00
  4.175010e+00   1.105682e+01   8.493198e+00
  4.177770e+00   2.487372e+01   8.526577e+00
  4.180540e+00   4.241669e+00   8.558647e+00
  4.183310e+00   2.448765e+01   8.470197e+00
  4.186070e+00   1.289226e+01   8.530862e+00
  4.188840e+00   2.831904e+01   8.501237e+00
  4.191600e+00   3.362448e+01   8.509403e+00
  4.194370e+00   2.692093e+01   8.522659e+00
  4.197140e+00   2.899484e+01   8.482418e+00
  4.199900e+00   1.949741e+01   8.476553e+00
  4.202670e+00   3.188865e+01   8.528328e+00
  4.205440e+00   1.305986e+01   8.482927e+00
  4.208200e+00   3.037105e+01   8.501958e+00
  4.210970e+00   3.325680e+01   8.496804e+00
  4.213740e+00   3.098761e+01   8.489471e+00
  4.216500e+00   1.175429e+01   8.495659e+00
  4.219270e+00   6.292118e+00   8.443345e+00
  4.222030e+00   2.282275e+01   8.502691e+00
  4.224800e+00   2.557864e+01   8.492250e+00
  4.227570e+00   2.982076e+01   8.492741e+00
  4.230330e+00   3.010354e+01   8.488993e+00
  4.233100e+00   2.684643e+01   8.466437e+00
  4.235870e+00   2.650030e+01   8.495674e+00
  4.238630e+00   1.608227e+01   8.471220e+00
  4.241400e+00   2.672911e+01   8.446303e+00
  4.244170e+00   2.252887e+01   8.472271e+00
  4.246930e+00   2.346446e+01   8.501871e+00
  4.249700e+00   1.605866e+01   8.457236e+00
  4.252460e+00   3.711127e+01   8.462009e+00
  4.255230e+00   1.524812e+01   8.442672e+00
  4.258000e+00   2.262803e+01   8.476269e+00
  4.260760e+00   1.786873e+01   8.483294e+00
  4.263530e+00   4.042682e+01   8.461599e+00
  4.266300e+00   4.259840e+01   8.459797e+00
  4.269060e+00   3.211541e+01   8.443785e+00
  4.271830e+00   3.029442e+01   8.487761e+00
  4.274600e+00   1.654654e+01   8.470696e+00
  4.277360e+00   1.871454e+01   8.430770e+00
  4.280130e+00   1.160022e+01   8.470841e+00
  4.282890e+00   2.976708e+01   8.438792e+00
  4.285660e+00   1.738873e+01   8.478402e+00
  4.288430e+00   3.256031e+01   8.419929e+00
  4.291190e+00   2.054957e+01   8.438034e+00
  4.293960e+00   2.202671e+01   8.463735e+00
  4.296730e+00   1.525862e+01   8.480981e+00
  4.299490e+00   4.219149e+01   8.407239e+00
  4.302260e+00   2.551934e+01   8.429277e+00
  4.305030e+00   2.671336e+01   8.451077e+00
  4.307790e+00   2.220740e+01   8.462725e+00
  4.310560e+00   9.472917e+00   8.428083e+00
  4.313320e+00   3.090186e+01   8.441586e+00
  4.316090e+00   1.855666e+01   8.452972e+00
  4.318860e+00   2.939113e+01   8.439073e+00
  4.321620e+00   1.155840e+01   8.447801e+00
  4.324390e+00   3.627059e+01   8.429470e+00
  4.327160e+00   2.378771e+01   8.440247e+00
  4.329920e+00   2.331442e+01   8.423569e+00
  4.332690e+00   1.174400e+01   8.459183e+00
  4.335460e+00   1.657758e+01   8.396204e+00
  4.338220e+00   2.719578e+01   8.398008e+00
  4.340990e+00   3.976651e+01   8.469978e+00
  4.343750e+00   3.017294e+01   8.460652e+00
  4.346520e+00   1.783080e+01   8.382794e+00
  4.349290e+00   1.360204e+01   8.432342e+00
  4.352050e+00   2.792780e+01   8.467265e+00
  4.354820e+00   3.148786e+01   8.405059e+00
  4.357590e+00   3.116970e+01   8.417047e+00
  4.360350e+00   1.367415e+01   8.443819e+00
  4.363120e+00   1.901187e+01   8.424457e+00
  4.365890e+00   1.745537e+01   8.448454e+00
  4.368650e+00   2.876932e+01   8.385792e+00
  4.371420e+00   2.225834e+01   8.408866e+00
  4.374190e+00   1.317981e+01   8.436613e+00
  4.376950e+00   2.411718e+01   8.417118e+00
  4.379720e+00   9.925358e+00   8.406033e+00
  4.382480e+00   3.560699e+01   8.401768e+00
  4.385250e+00   1.359882e+01   8.382470e+00
  4.388020e+00   2.420087e+01   8.407995e+00
  4.390780e+00   2.653102e+01   8.375768e+00
  4.393550e+00   2.182726e+01   8.359173e+00
  4.396320e+00   1.458230e+01   8.355315e+00
  4.399080e+00   1.366596e+01   8.352540e+00
  4.401850e+00   1.224637e+01   8.350179e+00
  4.404620e+00   3.157936e+01   8.316616e+00
  4.407380e+00   2.419307e+01   8.323317e+00
  4.410150e+00   2.463573e+01   8.346318e+00
  4.412910e+00   1.989056e+01   8.307611e+00
  4.415680e+00   3.861130e+01   8.306212e+00
  4.418450e+00   2.762478e+01   8.299550e+00
  4.421210e+00   1.478047e+01   8.279170e+00
  4.423980e+00   1.683489e+01   8.331150e+00
  4.426750e+00   2.416705e+01   8.276951e+00
  4.429510e+00   1.813574e+01   8.301460e+00
  4.432280e+00   1.390142e+01   8.295402e+00
  4.435050e+00   2.967360e+01   8.330168e+00
  4.437810e+00   1.673163e+01   8.260739e+00
  4.440580e+00   1.966887e+01   8.273491e+00
  4.443340e+00   3.151893e+01   8.319045e+00
  4.446110e+00   1.125787e+01   8.319528e+00
  4.448880e+00   2.919212e+01   8.285867e+00
  4.451640e+00   1.507264e+01   8.289562e+00
  4.454410e+00   2.564341e+01   8.323092e+00
  4.457180e+00   1.235172e+01   8.282584e+00
  4.459940e+00   4.285072e+01   8.315664e+00
  4.462710e+00   2.807294e+01   8.305178e+00
  4.465480e+00   3.247312e+01   8.282821e+00
  4.468240e+00   1.858482e+01   8.300594e+00
  4.471010e+00   3.731946e+01   8.297301e+00
  4.473770e+00   5.511917e+00   8.310406e+00
  4.476540e+00   3.503934e+01   8.294869e+00
  4.479310e+00   3.356529e+01   8.327778e+00
  4.482070e+00   1.878450e+01   8.285088e+00
  4.484840e+00   2.916671e+01   8.286292e+00
  4.487610e+00   3.376496e+01   8.307175e+00
  4.490370e+00   3.105881e+01   8.298544e+00
  4.493140e+00   2.617039e+01   8.295119e+00
  4.495910e+00   1.289832e+01   8.308817e+00
  4.498670e+00   1.515878e+01   8.287148e+00
  4.501440e+00   2.600270e+01   8.310109e+00
  4.504200e+00   1.795018e+01   8.287196e+00
  4.506970e+00   1.760685e+01   8.269921e+00
  4.509740e+00   1.852236e+01   8.299799e+00
  4.512500e+00   3.677884e+01   8.311016e+00
  4.515270e+00   2.234421e+01   8.287976e+00
  4.518040e+00   1.877585e+01   8.302962e+00
  4.520800e+00   3.769356e+01   8.316668e+00
  4.523570e+00   2.901100e+01   8.292799e+00
  4.526340e+00   1.884110e+01   8.288681e+00
  4.529100e+00   3.270835e+01   8.296854e+00
  4.531870e+00   2.471410e+01   8.346857e+00
  4.534630e+00   2.178538e+01   8.254988e+00
  4.537400e+00   2.555431e+01   8.322470e+00
  4.540170e+00   1.587229e+01   8.296800e+00
  4.542930e+00   7.800044e+00   8.314564e+00
  4.545700e+00   2.738637e+01   8.303567e+00
  4.548470e+00   1.891359e+01   8.284574e+00
  4.551230e+00   2.493706e+01   8.289131e+00
  4.554000e+00   7.553222e+00   8.319127e+00
  4.556770e+00   2.262761e+01   8.266738e+00
  4.559530e+00   2.387792e+01   8.277618e+00
  4.562300e+00   2.063154e+01   8.328666e+00
  4.565060e+00   2.249034e+01   8.291593e+00
  4.567830e+00   1.776113e+01   8.297095e+00
  4.570600e+00   4.380747e+01   8.518335e+00
  4.573360e+00   8.149245e+00   8.730253e+00
  4.576130e+00   1.438132e+01   8.875695e+00
  4.578900e+00   2.219840e+01   8.976937e+00
  4.581660e+00   1.376754e+01   9.068626e+00
  4.584430e+00   1.437265e+01   9.158237e+00
  4.587200e+00   1.169611e+01   9.291051e+00
  4.589960e+00   1.704059e+01   9.337762e+00
  4.592730e+00   2.946853e+01   9.355331e+00
  4.595490e+00   1.495604e+01   9.459290e+00
  4.598260e+00   2.858314e+01   9.568527e+00
  4.601030e+00   1.390262e+01   9.585782e+00
  4.603790e+00   1.918193e+01   9.651340e+00
  4.606560e+00   2.032148e+01   9.691419e+00
  4.609330e+00   5.250338e+00   9.790275e+00
  4.612090e+00   2.535504e+01   9.895877e+00
  4.614860e+00   1.913921e+01   9.833550e+00
  4.617630e+00   1.565745e+01   9.972052e+00
  4.620390e+00   2.499113e+01   9.987160e+00
  4.623160e+00   9.947991e+00   1.009722e+01
  4.625920e+00   5.962735e+00   1.008321e+01
  4.628690e+00   2.309032e+01   1.013754e+01
  4.631460e+00   6.117840e+00   1.028761e+01
  4.634220e+00   2.592140e+01   1.035441e+01
  4.636990e+00   2.821718e+01   1.041149e+01
  4.639760e+00   3.906441e+01   1.041259e+01
  4.642520e+00   1.421762e+01   1.049056e+01
  4.645290e+00   3.035275e+01   1.060084e+01
  4.648060e+00   2.960919e+01   1.070094e+01
  4.650820e+00   2.187616e+01   1.067069e+01
  4.653590e+00   2.859056e+01   1.077701e+01
  4.656350e+00   3.298035e+01   1.089137e+01
  4.659120e+00   1.819082e+01   1.091612e+01
  4.661890e+00   8.853593e+00   1.090643e+01
  4.664650e+00   3.626055e+01   1.100427e+01
  4.667420e+00   4.851395e+01   1.111042e+01
  4.670190e+00   2.722399e+01   1.111486e+01
  4.672950e+00   3.148523e+01   1.121037e+01
  4.675720e+00   1.628423e+01   1.124331e+01
  4.678490e+00   2.087931e+01   1.132584e+01
  4.681250e+00   2.217202e+01   1.149085e+01
  4.684020e+00   1.756109e+01   1.149497e+01
  4.686780e+00   1.526851e+01   1.141556e+01
  4.689550e+00   2.668206e+01   1.167378e+01
  4.692320e+00   1.202467e+01   1.164891e+01
  4.695080e+00   1.504097e+01   1.174982e+01
  4.697850e+00   1.688592e+01   1.184245e+01
  4.700620e+00   1.642776e+00   1.191449e+01
  4.703380e+00   2.265154e+01   1.199194e+01
  4.706150e+00   1.805870e+00   1.204478e+01
  4.708920e+00   2.113662e+01   1.209589e+01
  4.711680e+00   2.284160e+01   1.214029e+01
  4.714450e+00   2.818303e+00   1.228157e+01
  4.717210e+00  -1.693292e+00   1.237245e+01
  4.719980e+00   1.593074e+01   1.247287e+01
  4.722750e+00   3.950030e+00   1.241109e+01
  4.725510e+00   2.177476e+01   1.261485e+01
  4.728280e+00   3.496660e+01   1.262109e+01
  4.731050e+00   1.592872e+01   1.279359e+01
  4.733810e+00   2.189395e+01   1.278304e+01
  4.736580e+00   4.988875e-01   1.284265e+01
  4.739350e+00   1.742726e+01   1.308035e+01
  4.742110e+00   3.383228e+01   1.309873e+01
  4.744880e+00   9.024452e+00   1.305370e+01
  4.747650e+00   2.505726e+01   1.327726e+01
  4.750410e+00   2.907415e+01   1.340178e+01
  4.753180e+00   4.847073e+01   1.346174e+01
  4.755940e+00   1.902910e+01   1.344156e+01
  4.758710e+00   3.997191e+01   1.357102e+01
  4.761480e+00   4.257026e+01   1.376737e+01
  4.764240e+00   2.624534e+01   1.375359e+01
  4.767010e+00   4.000571e+00   1.387881e+01
  4.769780e+00   1.149446e+01   1.404797e+01
  4.772540e+00  -3.861450e+00   1.395417e+01
  4.775310e+00  -5.921497e-01   1.431089e+01
  4.778080e+00  -2.665989e+00   1.427043e+01
  4.780840e+00   2.564211e+01   1.427835e+01
  4.783610e+00   2.551327e+01   1.460314e+01
  4.786370e+00   1.571970e-01   1.461042e+01
  4.789140e+00   1.130874e+00   1.482296e+01
  4.791910e+00   6.176516e+00   1.479121e+01
  4.794670e+00   3.290757e+01   1.488209e+01
  4.797440e+00   3.423495e+01   1.506923e+01
  4.800210e+00   3.053662e+01   1.531461e+01
  4.802970e+00   3.629478e+01   1.527392e+01
  4.805740e+00   1.089107e+01   1.539858e+01
  4.808510e+00   3.379227e+01   1.552690e+01
  4.811270e+00   5.026096e+01   1.584559e+01
  4.814040e+00   4.035114e+01   1.562510e+01
  4.816800e+00   2.132409e+01   1.591322e+01
  4.819570e+00   2.101668e+01   1.611785e+01
  4.822340e+00   3.696662e+01   1.628908e+01
  4.825100e+00   2.643637e+01   1.650534e+01
  4.827870e+00   4.027823e+01   1.630660e+01
  4.830640e+00   1.771207e+01   1.661255e+01
  4.833400e+00   2.363861e+01   1.687844e+01
  4.836170e+00   1.777022e+01   1.700939e+01
  4.838940e+00   2.360836e+01   1.687049e+01
  4.841700e+00  -9.693858e+00   1.735435e+01
  4.844470e+00   2.871849e+01   1.744166e+01
  4.847230e+00   4.250963e+01   1.776930e+01
  4.850000e+00   5.359389e+00   1.748680e+01
  4.852770e+00   2.279156e+01   1.782012e+01
  4.855530e+00  -2.095619e+00   1.823680e+01
  4.858300e+00   3.174518e+01   1.831696e+01
  4.861070e+00  -8.666887e+00   1.849537e+01
  4.863830e+00   1.255835e+01   1.854060e+01
  4.866600e+00   2.579185e+01   1.898065e+01
  4.869370e+00   3.103714e+01   1.917766e+01
  4.872130e+00   1.303863e+01   1.924358e+01
  4.874900e+00  -1.619341e+01   1.927632e+01
  4.877660e+00   5.018377e+00   1.984678e+01
  4.880430e+00  -1.495036e+01   2.000084e+01
  4.883200e+00   6.161926e+01   2.060407e+01
  4.885960e+00  -8.228315e+00   2.009256e+01
  4.888730e+00   3.060428e+01   2.074840e+01
  4.891500e+00  -2.183590e+01   2.102593e+01
  4.894260e+00   4.399631e+01   2.155291e+01
  4.897030e+00   4.384486e+01   2.123290e+01
  4.899800e+00   1.564156e+01   2.187054e+01
  4.902560e+00   7.813081e+00   2.214517e+01
  4.905330e+00   4.036883e+01   2.294815e+01
  4.908090e+00  -8.877383e+00   2.242001e+01
  4.910860e+00   2.249975e+01   2.301162e+01
  4.913630e+00   2.515615e+01   2.357297e+01
  4.916390e+00   2.479665e+01   2.415024e+01
  4.919160e+00  -4.161969e-01   2.414762e+01
  4.921930e+00   1.094584e+01   2.381629e+01
  4.924690e+00   6.520383e-01   2.446618e+01
  4.927460e+00   4.749979e+01   2.504612e+01
  4.930230e+00   6.185503e+01   2.531465e+01
  4.932990e+00   6.093022e+00   2.436477e+01
  4.935760e+00  -1.835443e+01   2.523357e+01
  4.938520e+00   3.529188e+01   2.586238e+01
  4.941290e+00   3.538982e+01   2.614000e+01
  4.944060e+00   3.544023e+01   2.540378e+01
  4.946820e+00  -2.379268e-02   2.617229e+01
  4.949590e+00   7.781880e+00   2.705903e+01
  4.952360e+00   4.789263e+01   2.708032e+01
  4.955120e+00   2.639968e+01   2.677636e+01
  4.957890e+00   3.313216e+01   2.720540e+01
  4.960660e+00   1.941695e+01   2.777154e+01
  4.963420e+00   8.761089e+00   2.847160e+01
  4.966190e+00   1.660118e+01   2.791980e+01
  4.968950e+00   4.336578e+01   2.778645e+01
  4.971720e+00  -3.501424e+00   2.937372e+01
  4.974490e+00   4.221773e+01   3.009913e+01
  4.977250e+00  -1.937568e+01   2.993378e+01
  4.980020e+00   7.374066e+00   2.856965e+01
  4.982790e+00   3.006033e+01   3.048237e+01
  4.985550e+00   2.190275e+01   3.166544e+01
  4.988320e+00  -1.518885e+01   3.151521e+01
  4.991090e+00   4.524002e+01   3.039248e+01
  4.993850e+00   9.297963e+00   3.262623e+01
  4.996620e+00   4.590614e+01   3.387532e+01
  4.999380e+00   6.970514e+01   3.379811e+01
