  3.725569e-02  -9.283160e-01   1.088830e+00
  4.194901e-02   3.581123e+00   6.890030e-01
  4.664234e-02   2.654669e+00   5.437307e-01
  5.133567e-02   2.761659e+00   4.422702e-01
  5.602899e-02   3.891989e+00   3.635552e-01
  6.072232e-02   2.891428e+00   2.874189e-01
  6.541565e-02   2.884694e+00   2.593231e-01
  7.010897e-02   3.207321e+00   2.222525e-01
  7.480230e-02   2.913291e+00   2.059666e-01
  7.949563e-02   2.982755e+00   1.701691e-01
  8.418895e-02   3.182781e+00   1.499694e-01
  8.888228e-02   3.276896e+00   1.483960e-01
  9.357561e-02   3.382095e+00   1.346942e-01
  9.826893e-02   3.515051e+00   1.212987e-01
  1.029623e-01   3.352727e+00   1.041511e-01
  1.076556e-01   3.292964e+00   1.085075e-01
  1.123489e-01   3.235681e+00   1.003481e-01
  1.170422e-01   3.259528e+00   9.139333e-02
  1.217356e-01   3.088817e+00   8.482697e-02
  1.264289e-01   3.175492e+00   8.470001e-02
  1.311222e-01   3.141633e+00   8.034674e-02
  1.358155e-01   3.279401e+00   7.843234e-02
  1.405089e-01   3.222758e+00   7.319637e-02
  1.452022e-01   3.069347e+00   7.242635e-02
  1.498955e-01   3.198225e+00   6.908803e-02
  1.545888e-01   3.183077e+00   6.811282e-02
  1.592822e-01   3.200673e+00   6.558815e-02
  1.639755e-01   3.210633e+00   6.139484e-02
  1.686688e-01   3.346357e+00   6.249002e-02
  1.733622e-01   3.291151e+00   6.166268e-02
  1.780555e-01   3.176600e+00   5.840819e-02
  1.827488e-01   3.179564e+00   5.693844e-02
  1.874421e-01   3.112681e+00   5.637128e-02
  1.921355e-01   3.230510e+00   5.659664e-02
  1.968288e-01   3.273034e+00   5.563423e-02
  2.015221e-01   3.179591e+00   5.356479e-02
  2.062154e-01   3.202260e+00   5.087032e-02
  2.109088e-01   3.175523e+00   5.206302e-02
  2.156021e-01   3.288816e+00   5.230099e-02
  2.202954e-01   3.117094e+00   4.989192e-02
  2.249887e-01   3.246421e+00   4.838273e-02
  2.296821e-01   3.187921e+00   4.902774e-02
  2.343754e-01   3.209135e+00   4.918806e-02
  2.390687e-01   3.193727e+00   4.763901e-02
  2.437621e-01   3.189574e+00   4.663313e-02
  2.484554e-01   3.183812e+00   4.687023e-02
  2.531487e-01   3.115972e+00   4.655121e-02
  2.578420e-01   3.107646e+00   4.501716e-02
  2.625354e-01   3.161102e+00   4.337757e-02
  2.672287e-01   3.127921e+00   4.460794e-02
  2.719220e-01   3.187359e+00   4.447490e-02
  2.766153e-01   3.134033e+00   4.360207e-02
  2.813087e-01   3.121584e+00   4.219967e-02
  2.860020e-01   3.046671e+00   4.148827e-02
  2.906953e-01   3.079875e+00   4.324446e-02
  2.953886e-01   3.098216e+00   4.260770e-02
  3.000820e-01   3.117480e+00   4.037532e-02
  3.047753e-01   3.019018e+00   4.049533e-02
  3.094686e-01   3.053342e+00   4.038737e-02
  3.141619e-01   3.023020e+00   4.164461e-02
  3.188553e-01   3.069230e+00   3.873381e-02
  3.235486e-01   3.106173e+00   3.937700e-02
  3.282419e-01   3.026396e+00   3.925556e-02
  3.329353e-01   2.993439e+00   3.996663e-02
  3.376286e-01   3.092148e+00   3.771391e-02
  3.423219e-01   3.090505e+00   3.820154e-02
  3.470152e-01   3.013615e+00   3.839837e-02
  3.517086e-01   3.057574e+00   4.044191e-02
  3.564019e-01   3.034023e+00   3.985997e-02
  3.610952e-01   3.062839e+00   3.961445e-02
  3.657885e-01   2.950112e+00   4.105718e-02
  3.704819e-01   3.057391e+00   4.190753e-02
  3.751752e-01   2.976240e+00   4.294139e-02
  3.798685e-01   3.003748e+00   4.080195e-02
  3.845618e-01   2.968490e+00   4.284477e-02
  3.892552e-01   2.970492e+00   4.244108e-02
  3.939485e-01   3.027102e+00   4.339511e-02
  3.986418e-01   2.981026e+00   4.378510e-02
  4.033351e-01   2.981594e+00   4.556396e-02
  4.080285e-01   3.039801e+00   4.655620e-02
  4.127218e-01   2.965648e+00   4.701927e-02
  4.174151e-01   2.988865e+00   4.776936e-02
  4.221085e-01   2.941033e+00   4.877031e-02
  4.268018e-01   2.996638e+00   5.042123e-02
  4.314951e-01   2.934278e+00   5.138343e-02
  4.361884e-01   2.842102e+00   5.141085e-02
  4.408818e-01   2.990293e+00   5.203129e-02
  4.455751e-01   2.940847e+00   5.357538e-02
  4.502684e-01   2.876684e+00   5.313106e-02
  4.549617e-01   2.854130e+00   5.429210e-02
  4.596551e-01   2.877979e+00   5.283897e-02
  4.643484e-01   2.989653e+00   5.218787e-02
  4.690417e-01   2.908204e+00   5.101503e-02
  4.737350e-01   2.828682e+00   4.948467e-02
  4.784284e-01   2.839081e+00   4.958372e-02
  4.831217e-01   2.875686e+00   4.945597e-02
  4.878150e-01   2.812997e+00   4.854806e-02
  4.925083e-01   2.824286e+00   4.928705e-02
  4.972017e-01   2.828533e+00   4.874962e-02
  5.018950e-01   2.832492e+00   4.680981e-02
  5.065883e-01   2.766066e+00   4.729306e-02
  5.112817e-01   2.883847e+00   4.845184e-02
  5.159750e-01   2.815964e+00   4.802545e-02
  5.206683e-01   2.662673e+00   4.547121e-02
  5.253616e-01   2.696784e+00   4.675030e-02
  5.300550e-01   2.689484e+00   4.754996e-02
  5.347483e-01   2.731181e+00   4.667977e-02
  5.394416e-01   2.687439e+00   4.519302e-02
  5.441349e-01   2.744755e+00   4.567103e-02
  5.488283e-01   2.713766e+00   4.580505e-02
  5.535216e-01   2.766490e+00   4.585581e-02
  5.582149e-01   2.651107e+00   4.364003e-02
  5.629082e-01   2.566586e+00   4.420065e-02
  5.676016e-01   2.647885e+00   4.437960e-02
  5.722949e-01   2.670566e+00   4.471241e-02
  5.769882e-01   2.712842e+00   4.340943e-02
  5.816816e-01   2.667380e+00   4.322522e-02
  5.863749e-01   2.616847e+00   4.321510e-02
  5.910682e-01   2.634278e+00   4.496427e-02
  5.957615e-01   2.494447e+00   4.277333e-02
  6.004549e-01   2.632196e+00   4.244318e-02
  6.051482e-01   2.587559e+00   4.308977e-02
  6.098415e-01   2.508115e+00   4.366345e-02
  6.145348e-01   2.624845e+00   4.219601e-02
  6.192282e-01   2.629707e+00   4.201150e-02
  6.239215e-01   2.563561e+00   4.258576e-02
  6.286148e-01   2.495936e+00   4.271264e-02
  6.333081e-01   2.526605e+00   4.327643e-02
  6.380015e-01   2.494026e+00   4.106245e-02
  6.426948e-01   2.543979e+00   4.262614e-02
  6.473881e-01   2.472892e+00   4.244162e-02
  6.520814e-01   2.571589e+00   4.255352e-02
  6.567748e-01   2.432383e+00   4.130276e-02
  6.614681e-01   2.442546e+00   4.103180e-02
  6.661614e-01   2.439544e+00   4.164481e-02
  6.708548e-01   2.500380e+00   4.224509e-02
  6.755481e-01   2.414449e+00   4.118279e-02
  6.802414e-01   2.422102e+00   4.079805e-02
  6.849347e-01   2.424803e+00   4.157492e-02
  6.896281e-01   2.377421e+00   4.179923e-02
  6.943214e-01   2.380898e+00   4.103912e-02
  6.990147e-01   2.406885e+00   4.035050e-02
  7.037080e-01   2.468462e+00   4.100803e-02
  7.084014e-01   2.420548e+00   4.082408e-02
  7.130947e-01   2.340248e+00   4.105730e-02
  7.177880e-01   2.351120e+00   3.992079e-02
  7.224813e-01   2.334872e+00   4.024018e-02
  7.271747e-01   2.338795e+00   4.084648e-02
  7.318680e-01   2.350294e+00   4.063899e-02
  7.365613e-01   2.322278e+00   4.007492e-02
  7.412546e-01   2.398791e+00   3.967474e-02
  7.459480e-01   2.309122e+00   4.037599e-02
  7.506413e-01   2.352291e+00   4.008783e-02
  7.553346e-01   2.325013e+00   4.023007e-02
  7.600280e-01   2.258211e+00   3.932653e-02
  7.647213e-01   2.314903e+00   3.947768e-02
  7.694146e-01   2.291431e+00   4.025209e-02
  7.741079e-01   2.257194e+00   3.956679e-02
  7.788013e-01   2.331533e+00   3.880602e-02
  7.834946e-01   2.207952e+00   3.908911e-02
  7.881879e-01   2.309347e+00   3.999622e-02
  7.928812e-01   2.242510e+00   3.943109e-02
  7.975746e-01   2.269023e+00   3.855185e-02
  8.022679e-01   2.194431e+00   3.872438e-02
  8.069612e-01   2.220776e+00   3.947465e-02
  8.116545e-01   2.150217e+00   3.920923e-02
  8.163479e-01   2.198538e+00   3.826453e-02
  8.210412e-01   2.139263e+00   3.810068e-02
  8.257345e-01   2.189558e+00   3.907698e-02
  8.304279e-01   2.159099e+00   3.848747e-02
  8.351212e-01   2.142064e+00   3.888391e-02
  8.398145e-01   2.167965e+00   3.771809e-02
  8.445078e-01   2.195431e+00   3.845565e-02
  8.492012e-01   2.096135e+00   3.856743e-02
  8.538945e-01   2.108773e+00   3.839571e-02
  8.585878e-01   2.059748e+00   3.743559e-02
  8.632811e-01   2.110429e+00   3.763762e-02
  8.679745e-01   2.072671e+00   3.829481e-02
  8.726678e-01   2.083416e+00   3.819683e-02
  8.773611e-01   2.142740e+00   3.704396e-02
  8.820544e-01   1.991561e+00   3.737507e-02
  8.867478e-01   2.084789e+00   3.815104e-02
  8.914411e-01   1.985448e+00   3.778319e-02
  8.961344e-01   1.963316e+00   3.696718e-02
  9.008277e-01   2.005347e+00   3.712235e-02
  9.055211e-01   2.008437e+00   3.765535e-02
  9.102144e-01   2.042796e+00   3.724084e-02
  9.149077e-01   1.998852e+00   3.693065e-02
  9.196011e-01   1.948781e+00   3.697911e-02
  9.242944e-01   1.962347e+00   3.682704e-02
  9.289877e-01   2.004145e+00   3.745660e-02
  9.336810e-01   1.951553e+00   3.734310e-02
  9.383744e-01   2.034632e+00   3.560312e-02
  9.430677e-01   1.967620e+00   3.692132e-02
  9.477610e-01   1.976061e+00   3.688544e-02
  9.524543e-01   1.967230e+00   3.681826e-02
  9.571477e-01   1.967181e+00   3.578907e-02
  9.618410e-01   1.874260e+00   3.638824e-02
  9.665343e-01   1.958429e+00   3.684805e-02
  9.712276e-01   1.840571e+00   3.653848e-02
  9.759210e-01   1.931863e+00   3.557217e-02
  9.806143e-01   1.857439e+00   3.590205e-02
  9.853076e-01   1.778342e+00   3.634517e-02
  9.900009e-01   1.837722e+00   3.620452e-02
  9.946943e-01   1.852502e+00   3.550560e-02
  9.993876e-01   1.827595e+00   3.566077e-02
  1.004081e+00   1.809867e+00   3.592474e-02
  1.008774e+00   1.843390e+00   3.627478e-02
  1.013468e+00   1.874217e+00   3.547912e-02
  1.018161e+00   1.774393e+00   3.495417e-02
  1.022854e+00   1.809140e+00   3.577332e-02
  1.027548e+00   1.765033e+00   3.561149e-02
  1.032241e+00   1.776041e+00   3.570727e-02
  1.036934e+00   1.812918e+00   3.478126e-02
  1.041628e+00   1.818357e+00   3.546680e-02
  1.046321e+00   1.734130e+00   3.511881e-02
  1.051014e+00   1.726498e+00   3.539326e-02
  1.055708e+00   1.728633e+00   3.476694e-02
  1.060401e+00   1.745852e+00   3.492639e-02
  1.065094e+00   1.692490e+00   3.492408e-02
  1.069787e+00   1.711799e+00   3.531716e-02
  1.074481e+00   1.680357e+00   3.450579e-02
  1.079174e+00   1.638615e+00   3.444671e-02
  1.083867e+00   1.668704e+00   3.489627e-02
  1.088561e+00   1.731816e+00   3.490524e-02
  1.093254e+00   1.702995e+00   3.442854e-02
  1.097947e+00   1.749627e+00   3.412100e-02
  1.102641e+00   1.700334e+00   3.443191e-02
  1.107334e+00   1.658316e+00   3.463837e-02
  1.112027e+00   1.633370e+00   3.459467e-02
  1.116721e+00   1.603921e+00   3.369500e-02
  1.121414e+00   1.644059e+00   3.418732e-02
  1.126107e+00   1.610336e+00   3.418600e-02
  1.130801e+00   1.657120e+00   3.453154e-02
  1.135494e+00   1.590709e+00   3.364088e-02
  1.140187e+00   1.634393e+00   3.358053e-02
  1.144881e+00   1.583059e+00   3.420246e-02
  1.149574e+00   1.608503e+00   3.408484e-02
  1.154267e+00   1.508225e+00   3.338369e-02
  1.158961e+00   1.553411e+00   3.336471e-02
  1.163654e+00   1.547663e+00   3.393757e-02
  1.168347e+00   1.610301e+00   3.435661e-02
  1.173041e+00   1.585367e+00   3.320176e-02
  1.177734e+00   1.518794e+00   3.315487e-02
  1.182427e+00   1.511028e+00   3.331338e-02
  1.187121e+00   1.528183e+00   3.398131e-02
  1.191814e+00   1.553234e+00   3.354884e-02
  1.196507e+00   1.498602e+00   3.258408e-02
  1.201201e+00   1.479094e+00   3.396780e-02
  1.205894e+00   1.582013e+00   3.522165e-02
  1.210587e+00   1.473206e+00   3.558766e-02
  1.215281e+00   1.507776e+00   3.556202e-02
  1.219974e+00   1.484373e+00   3.619078e-02
  1.224667e+00   1.500908e+00   3.723902e-02
  1.229361e+00   1.418020e+00   3.709354e-02
  1.234054e+00   1.427367e+00   3.666299e-02
  1.238747e+00   1.462694e+00   3.795710e-02
  1.243441e+00   1.410008e+00   3.826640e-02
  1.248134e+00   1.427319e+00   3.843878e-02
  1.252827e+00   1.433000e+00   3.764077e-02
  1.257521e+00   1.360329e+00   3.856774e-02
  1.262214e+00   1.420168e+00   3.899201e-02
  1.266907e+00   1.421682e+00   3.778247e-02
  1.271601e+00   1.468627e+00   3.605833e-02
  1.276294e+00   1.331090e+00   3.518198e-02
  1.280987e+00   1.390289e+00   3.523227e-02
  1.285681e+00   1.382214e+00   3.513107e-02
  1.290374e+00   1.261049e+00   3.474153e-02
  1.295067e+00   1.405771e+00   3.331737e-02
  1.299760e+00   1.387459e+00   3.421690e-02
  1.304454e+00   1.397582e+00   3.379953e-02
  1.309147e+00   1.353212e+00   3.360631e-02
  1.313840e+00   1.369097e+00   3.278975e-02
  1.318534e+00   1.332059e+00   3.324110e-02
  1.323227e+00   1.270002e+00   3.287173e-02
  1.327920e+00   1.344771e+00   3.338791e-02
  1.332614e+00   1.316615e+00   3.249171e-02
  1.337307e+00   1.255594e+00   3.261070e-02
  1.342000e+00   1.332102e+00   3.284056e-02
  1.346694e+00   1.191873e+00   3.281321e-02
  1.351387e+00   1.277668e+00   3.266604e-02
  1.356080e+00   1.299044e+00   3.214487e-02
  1.360774e+00   1.294531e+00   3.239034e-02
  1.365467e+00   1.248829e+00   3.281572e-02
  1.370160e+00   1.300145e+00   3.255172e-02
  1.374854e+00   1.304502e+00   3.190547e-02
  1.379547e+00   1.207270e+00   3.202882e-02
  1.384240e+00   1.239446e+00   3.203655e-02
  1.388934e+00   1.258258e+00   3.248091e-02
  1.393627e+00   1.239354e+00   3.176732e-02
  1.398320e+00   1.198574e+00   3.160987e-02
  1.403014e+00   1.201261e+00   3.205602e-02
  1.407707e+00   1.187721e+00   3.209362e-02
  1.412400e+00   1.304798e+00   3.171962e-02
  1.417094e+00   1.260331e+00   3.124588e-02
  1.421787e+00   1.148003e+00   3.202020e-02
  1.426480e+00   1.176446e+00   3.188173e-02
  1.431174e+00   1.210234e+00   3.148248e-02
  1.435867e+00   1.253232e+00   3.108118e-02
  1.440560e+00   1.230566e+00   3.149663e-02
  1.445254e+00   1.108176e+00   3.169547e-02
  1.449947e+00   1.225324e+00   3.176957e-02
  1.454640e+00   1.160630e+00   3.057797e-02
  1.459334e+00   1.190977e+00   3.109148e-02
  1.464027e+00   1.144852e+00   3.151216e-02
  1.468720e+00   1.078931e+00   3.156248e-02
  1.473414e+00   1.107061e+00   3.053289e-02
  1.478107e+00   1.106936e+00   3.078705e-02
  1.482800e+00   1.095678e+00   3.139892e-02
  1.487494e+00   1.074622e+00   3.129110e-02
  1.492187e+00   1.051604e+00   3.037078e-02
  1.496880e+00   1.115829e+00   3.140046e-02
  1.501574e+00   1.059214e+00   3.249176e-02
  1.506267e+00   1.100992e+00   3.325831e-02
  1.510960e+00   1.120676e+00   3.289991e-02
  1.515654e+00   1.106467e+00   3.334694e-02
  1.520347e+00   1.083651e+00   3.411740e-02
  1.525040e+00   1.047793e+00   3.356283e-02
  1.529733e+00   1.099135e+00   3.253622e-02
  1.534427e+00   1.074987e+00   3.185820e-02
  1.539120e+00   1.020929e+00   3.181153e-02
  1.543813e+00   1.019475e+00   3.203195e-02
  1.548507e+00   1.020900e+00   3.148242e-02
  1.553200e+00   1.056676e+00   3.056486e-02
  1.557893e+00   1.039240e+00   3.048238e-02
  1.562587e+00   1.034142e+00   3.080262e-02
  1.567280e+00   1.039416e+00   3.050939e-02
  1.571973e+00   1.027673e+00   2.970331e-02
  1.576667e+00   1.054326e+00   3.024817e-02
  1.581360e+00   1.013069e+00   3.057909e-02
  1.586053e+00   9.759769e-01   3.065863e-02
  1.590747e+00   1.030344e+00   2.991925e-02
  1.595440e+00   1.049977e+00   3.029132e-02
  1.600133e+00   9.663521e-01   3.033536e-02
  1.604827e+00   9.515153e-01   3.033543e-02
  1.609520e+00   9.314872e-01   3.018449e-02
  1.614213e+00   9.774951e-01   2.971517e-02
  1.618907e+00   1.034393e+00   3.026027e-02
  1.623600e+00   9.726938e-01   3.002281e-02
  1.628293e+00   9.478188e-01   3.047651e-02
  1.632987e+00   1.018773e+00   2.911767e-02
  1.637680e+00   1.022549e+00   3.014324e-02
  1.642373e+00   1.044732e+00   2.992462e-02
  1.647067e+00   9.934798e-01   3.021499e-02
  1.651760e+00   9.423393e-01   2.906477e-02
  1.656453e+00   9.121938e-01   2.968488e-02
  1.661147e+00   9.775128e-01   2.974889e-02
  1.665840e+00   9.097398e-01   2.987031e-02
  1.670533e+00   8.979745e-01   2.923270e-02
  1.675227e+00   9.213826e-01   2.930826e-02
  1.679920e+00   9.140765e-01   2.951028e-02
  1.684613e+00   9.047730e-01   2.971219e-02
  1.689307e+00   9.183291e-01   2.933400e-02
  1.694000e+00   9.684082e-01   2.902939e-02
  1.698693e+00   9.235332e-01   2.927764e-02
  1.703387e+00   9.246505e-01   2.942800e-02
  1.708080e+00   7.953341e-01   2.924539e-02
  1.712773e+00   9.848238e-01   2.868449e-02
  1.717467e+00   8.976250e-01   2.937617e-02
  1.722160e+00   8.604311e-01   2.891504e-02
  1.726853e+00   8.933035e-01   2.959661e-02
  1.731547e+00   8.516020e-01   2.841147e-02
  1.736240e+00   8.417551e-01   2.876709e-02
  1.740933e+00   8.949923e-01   2.911866e-02
  1.745626e+00   8.546710e-01   2.921519e-02
  1.750320e+00   8.498239e-01   2.849467e-02
  1.755013e+00   8.765612e-01   2.851204e-02
  1.759706e+00   8.243163e-01   2.895492e-02
  1.764400e+00   8.819490e-01   2.879566e-02
  1.769093e+00   8.719898e-01   2.855979e-02
  1.773786e+00   8.199923e-01   2.840681e-02
  1.778480e+00   8.143928e-01   2.874114e-02
  1.783173e+00   7.923087e-01   2.859628e-02
  1.787866e+00   8.305383e-01   2.863426e-02
  1.792560e+00   8.109822e-01   2.818870e-02
  1.797253e+00   8.065485e-01   2.862350e-02
  1.801946e+00   7.917398e-01   2.833696e-02
  1.806640e+00   8.633521e-01   2.888603e-02
  1.811333e+00   7.322194e-01   2.779382e-02
  1.816026e+00   8.251658e-01   2.814254e-02
  1.820720e+00   7.811556e-01   2.841511e-02
  1.825413e+00   8.409566e-01   2.870315e-02
  1.830106e+00   7.488138e-01   2.765984e-02
  1.834800e+00   8.059006e-01   2.804453e-02
  1.839493e+00   7.502525e-01   2.821855e-02
  1.844186e+00   7.845970e-01   2.844918e-02
  1.848880e+00   8.098954e-01   2.771797e-02
  1.853573e+00   7.560919e-01   2.782821e-02
  1.858266e+00   7.369516e-01   2.811861e-02
  1.862960e+00   7.514566e-01   2.807601e-02
  1.867653e+00   7.775485e-01   2.766031e-02
  1.872346e+00   7.529541e-01   2.774076e-02
  1.877040e+00   7.309311e-01   2.784594e-02
  1.881733e+00   7.957959e-01   2.794873e-02
  1.886426e+00   7.404975e-01   2.789330e-02
  1.891120e+00   7.635178e-01   2.745193e-02
  1.895813e+00   7.647781e-01   2.755871e-02
  1.900506e+00   7.387041e-01   2.792851e-02
  1.905200e+00   6.895229e-01   2.787864e-02
  1.909893e+00   7.108215e-01   2.704267e-02
  1.914586e+00   7.502372e-01   2.759808e-02
  1.919280e+00   7.846811e-01   2.761322e-02
  1.923973e+00   7.217423e-01   2.757147e-02
  1.928666e+00   7.281785e-01   2.710563e-02
  1.933360e+00   7.608877e-01   2.726301e-02
  1.938053e+00   7.466327e-01   2.727397e-02
  1.942746e+00   7.006199e-01   2.733303e-02
  1.947440e+00   6.542653e-01   2.699764e-02
  1.952133e+00   7.457118e-01   2.695433e-02
  1.956826e+00   7.294056e-01   2.720352e-02
  1.961520e+00   7.111734e-01   2.725737e-02
  1.966213e+00   7.220740e-01   2.698260e-02
  1.970906e+00   6.598572e-01   2.689325e-02
  1.975599e+00   7.018368e-01   2.707920e-02
  1.980293e+00   6.587857e-01   2.720660e-02
  1.984986e+00   6.128877e-01   2.727253e-02
  1.989679e+00   6.857933e-01   2.666130e-02
  1.994373e+00   7.296276e-01   2.720651e-02
  1.999066e+00   6.515994e-01   2.687012e-02
  2.003759e+00   6.682117e-01   2.727845e-02
  2.008453e+00   6.626097e-01   2.767397e-02
  2.013146e+00   6.825051e-01   2.854652e-02
  2.017839e+00   6.654311e-01   2.866597e-02
  2.022533e+00   6.976530e-01   2.913997e-02
  2.027226e+00   6.220255e-01   2.916958e-02
  2.031919e+00   6.460587e-01   2.964779e-02
  2.036613e+00   7.001250e-01   2.955750e-02
  2.041306e+00   6.928036e-01   2.982782e-02
  2.045999e+00   6.361914e-01   2.983782e-02
  2.050693e+00   6.702831e-01   3.003092e-02
  2.055386e+00   5.996607e-01   2.996451e-02
  2.060079e+00   6.803470e-01   3.009937e-02
  2.064773e+00   6.586020e-01   3.022587e-02
  2.069466e+00   6.521020e-01   2.974129e-02
  2.074159e+00   5.614796e-01   2.893866e-02
  2.078853e+00   6.221607e-01   2.852362e-02
  2.083546e+00   6.618392e-01   2.836570e-02
  2.088239e+00   6.087959e-01   2.751617e-02
  2.092933e+00   6.494770e-01   2.760660e-02
  2.097626e+00   6.836454e-01   2.747427e-02
  2.102319e+00   6.381378e-01   2.759562e-02
  2.107013e+00   6.193342e-01   2.686515e-02
  2.111706e+00   6.772755e-01   2.712756e-02
  2.116399e+00   6.241480e-01   2.725129e-02
  2.121093e+00   6.557781e-01   2.714456e-02
  2.125786e+00   5.711352e-01   2.679852e-02
  2.130479e+00   6.614617e-01   2.698991e-02
  2.135173e+00   6.061403e-01   2.676127e-02
  2.139866e+00   6.049413e-01   2.685126e-02
  2.144559e+00   6.167474e-01   2.678277e-02
  2.149253e+00   5.808699e-01   2.664320e-02
  2.153946e+00   5.664515e-01   2.665304e-02
  2.158639e+00   5.771250e-01   2.671133e-02
  2.163333e+00   5.671785e-01   2.670274e-02
  2.168026e+00   5.627398e-01   2.646632e-02
  2.172719e+00   5.907271e-01   2.645553e-02
  2.177413e+00   6.297398e-01   2.646649e-02
  2.182106e+00   6.181939e-01   2.668755e-02
  2.186799e+00   5.771377e-01   2.602907e-02
  2.191493e+00   6.012857e-01   2.639663e-02
  2.196186e+00   5.978010e-01   2.629672e-02
  2.200879e+00   5.590638e-01   2.662651e-02
  2.205572e+00   5.841633e-01   2.586983e-02
  2.210266e+00   5.491021e-01   2.617210e-02
  2.214959e+00   5.571225e-01   2.630207e-02
  2.219652e+00   6.111684e-01   2.635825e-02
  2.224346e+00   5.051836e-01   2.572936e-02
  2.229039e+00   5.828418e-01   2.612663e-02
  2.233732e+00   5.454260e-01   2.618321e-02
  2.238426e+00   5.300205e-01   2.603137e-02
  2.243119e+00   5.232245e-01   2.582734e-02
  2.247812e+00   5.585179e-01   2.589060e-02
  2.252506e+00   5.801148e-01   2.592309e-02
  2.257199e+00   5.452576e-01   2.602763e-02
  2.261892e+00   5.201964e-01   2.588578e-02
  2.266586e+00   5.222985e-01   2.545570e-02
  2.271279e+00   5.559897e-01   2.584423e-02
  2.275972e+00   5.177525e-01   2.592571e-02
  2.280666e+00   5.188877e-01   2.588034e-02
  2.285359e+00   5.248470e-01   2.530131e-02
  2.290052e+00   5.894260e-01   2.567880e-02
  2.294746e+00   5.074311e-01   2.567435e-02
  2.299439e+00   4.929719e-01   2.583285e-02
  2.304132e+00   5.333443e-01   2.515575e-02
  2.308826e+00   5.053367e-01   2.556520e-02
  2.313519e+00   5.498112e-01   2.551764e-02
  2.318212e+00   5.188163e-01   2.561987e-02
  2.322906e+00   5.301837e-01   2.517084e-02
  2.327599e+00   5.464974e-01   2.542232e-02
  2.332292e+00   5.236530e-01   2.552225e-02
  2.336986e+00   4.815867e-01   2.547908e-02
  2.341679e+00   5.278904e-01   2.513027e-02
  2.346372e+00   4.983214e-01   2.511981e-02
  2.351066e+00   5.352066e-01   2.552010e-02
  2.355759e+00   4.789286e-01   2.521852e-02
  2.360452e+00   4.466480e-01   2.517367e-02
  2.365146e+00   5.122678e-01   2.483360e-02
  2.369839e+00   5.066658e-01   2.536719e-02
  2.374532e+00   4.673673e-01   2.527505e-02
  2.379226e+00   5.600485e-01   2.509313e-02
  2.383919e+00   4.630178e-01   2.479232e-02
  2.388612e+00   5.078597e-01   2.516667e-02
  2.393306e+00   4.951429e-01   2.508018e-02
  2.397999e+00   4.858393e-01   2.514455e-02
  2.402692e+00   4.410025e-01   2.470111e-02
  2.407386e+00   4.887373e-01   2.491779e-02
  2.412079e+00   4.672857e-01   2.495100e-02
  2.416772e+00   4.389924e-01   2.499698e-02
  2.421466e+00   4.783291e-01   2.464246e-02
  2.426159e+00   5.298903e-01   2.478381e-02
  2.430852e+00   4.362398e-01   2.503152e-02
  2.435545e+00   4.792220e-01   2.479705e-02
  2.440239e+00   4.894107e-01   2.471638e-02
  2.444932e+00   4.708316e-01   2.462097e-02
  2.449625e+00   4.175281e-01   2.473712e-02
  2.454319e+00   5.076148e-01   2.479518e-02
  2.459012e+00   4.808010e-01   2.473910e-02
  2.463705e+00   4.464898e-01   2.429135e-02
  2.468399e+00   4.036734e-01   2.456852e-02
  2.473092e+00   4.737551e-01   2.474866e-02
  2.477785e+00   4.842730e-01   2.470344e-02
  2.482479e+00   4.847066e-01   2.422388e-02
  2.487172e+00   4.029490e-01   2.446930e-02
  2.491865e+00   4.966734e-01   2.464852e-02
  2.496559e+00   4.155026e-01   2.446079e-02
  2.501252e+00   4.261709e-01   2.430438e-02
  2.505945e+00   4.581607e-01   2.423192e-02
  2.510639e+00   4.117194e-01   2.448285e-02
  2.515332e+00   4.390510e-01   2.434040e-02
  2.520025e+00   4.482092e-01   2.411284e-02
  2.524719e+00   4.584923e-01   2.402831e-02
  2.529412e+00   3.590689e-01   2.421888e-02
  2.534105e+00   4.483954e-01   2.443228e-02
  2.538799e+00   4.772194e-01   2.405678e-02
  2.543492e+00   4.566556e-01   2.386838e-02
  2.548185e+00   4.034566e-01   2.407177e-02
  2.552879e+00   4.570459e-01   2.444937e-02
  2.557572e+00   4.060612e-01   2.422515e-02
  2.562265e+00   3.723597e-01   2.361875e-02
  2.566959e+00   3.533597e-01   2.405176e-02
  2.571652e+00   4.049031e-01   2.423902e-02
  2.576345e+00   4.684694e-01   2.434717e-02
  2.581039e+00   4.094796e-01   2.364310e-02
  2.585732e+00   4.443138e-01   2.387516e-02
  2.590425e+00   4.191301e-01   2.408417e-02
  2.595119e+00   3.647245e-01   2.423181e-02
  2.599812e+00   3.834668e-01   2.367742e-02
  2.604505e+00   3.813878e-01   2.378911e-02
  2.609199e+00   4.314184e-01   2.404993e-02
  2.613892e+00   4.115817e-01   2.417328e-02
  2.618585e+00   3.927576e-01   2.350598e-02
  2.623279e+00   4.294490e-01   2.377310e-02
  2.627972e+00   4.614770e-01   2.383871e-02
  2.632665e+00   4.021199e-01   2.391738e-02
  2.637359e+00   4.621582e-01   2.368696e-02
  2.642052e+00   4.548341e-01   2.367234e-02
  2.646745e+00   4.340052e-01   2.367103e-02
  2.651438e+00   3.930434e-01   2.391885e-02
  2.656132e+00   4.621454e-01   2.378361e-02
  2.660825e+00   3.798495e-01   2.327699e-02
  2.665518e+00   3.694133e-01   2.358259e-02
  2.670212e+00   4.307015e-01   2.384537e-02
  2.674905e+00   3.747398e-01   2.372340e-02
  2.679598e+00   3.905715e-01   2.318879e-02
  2.684292e+00   3.425102e-01   2.355952e-02
  2.688985e+00   3.768801e-01   2.357026e-02
  2.693678e+00   3.987015e-01   2.377058e-02
  2.698372e+00   3.627015e-01   2.317272e-02
  2.703065e+00   3.828189e-01   2.347254e-02
  2.707758e+00   3.329260e-01   2.346935e-02
  2.712452e+00   4.337679e-01   2.354678e-02
  2.717145e+00   4.182729e-01   2.314905e-02
  2.721838e+00   3.694770e-01   2.338311e-02
  2.726532e+00   3.519720e-01   2.346035e-02
  2.731225e+00   3.946735e-01   2.344018e-02
  2.735918e+00   3.838138e-01   2.322009e-02
  2.740612e+00   4.398443e-01   2.308647e-02
  2.745305e+00   3.667398e-01   2.340510e-02
  2.749998e+00   3.917143e-01   2.337215e-02
  2.754692e+00   3.508546e-01   2.331109e-02
  2.759385e+00   3.745281e-01   2.288151e-02
  2.764078e+00   3.329184e-01   2.332409e-02
  2.768772e+00   3.930408e-01   2.316670e-02
  2.773465e+00   3.899898e-01   2.329187e-02
  2.778158e+00   3.792143e-01   2.286634e-02
  2.782852e+00   4.125612e-01   2.320348e-02
  2.787545e+00   3.668036e-01   2.305085e-02
  2.792238e+00   3.550204e-01   2.333479e-02
  2.796932e+00   3.573061e-01   2.280214e-02
  2.801625e+00   3.589898e-01   2.312392e-02
  2.806318e+00   3.960689e-01   2.300539e-02
  2.811012e+00   3.824567e-01   2.363132e-02
  2.815705e+00   3.056965e-01   2.394677e-02
  2.820398e+00   3.560791e-01   2.437651e-02
  2.825092e+00   3.716454e-01   2.456130e-02
  2.829785e+00   3.502475e-01   2.477031e-02
  2.834478e+00   3.539311e-01   2.484264e-02
  2.839172e+00   3.666403e-01   2.489160e-02
  2.843865e+00   3.153316e-01   2.493113e-02
  2.848558e+00   3.572730e-01   2.511765e-02
  2.853252e+00   3.939923e-01   2.519509e-02
  2.857945e+00   3.638954e-01   2.503349e-02
  2.862638e+00   3.673979e-01   2.513679e-02
  2.867332e+00   3.238572e-01   2.534752e-02
  2.872025e+00   3.461786e-01   2.536667e-02
  2.876718e+00   3.293954e-01   2.420302e-02
  2.881411e+00   3.603878e-01   2.423032e-02
  2.886105e+00   3.542220e-01   2.392830e-02
  2.890798e+00   3.924796e-01   2.373918e-02
  2.895491e+00   3.297117e-01   2.334079e-02
  2.900185e+00   3.205995e-01   2.335706e-02
  2.904878e+00   3.844209e-01   2.347638e-02
  2.909571e+00   3.365204e-01   2.343194e-02
  2.914265e+00   3.455128e-01   2.312545e-02
  2.918958e+00   3.317729e-01   2.319259e-02
  2.923651e+00   3.664439e-01   2.338947e-02
  2.928345e+00   3.442296e-01   2.304716e-02
  2.933038e+00   3.562220e-01   2.295537e-02
  2.937731e+00   3.090816e-01   2.305484e-02
  2.942425e+00   3.163138e-01   2.313217e-02
  2.947118e+00   3.461939e-01   2.305157e-02
  2.951811e+00   3.485510e-01   2.298625e-02
  2.956505e+00   3.780790e-01   2.275987e-02
  2.961198e+00   3.662933e-01   2.297125e-02
  2.965891e+00   3.296913e-01   2.297446e-02
  2.970585e+00   3.406837e-01   2.312963e-02
  2.975278e+00   3.200306e-01   2.245186e-02
  2.979971e+00   3.605255e-01   2.283584e-02
  2.984665e+00   2.544821e-01   2.282919e-02
  2.989358e+00   3.365230e-01   2.284360e-02
  2.994051e+00   3.518444e-01   2.258455e-02
  2.998745e+00   3.579694e-01   2.268384e-02
  3.003438e+00   3.586990e-01   2.273475e-02
  3.008131e+00   3.250612e-01   2.273018e-02
  3.012825e+00   2.931250e-01   2.252733e-02
  3.017518e+00   3.502245e-01   2.251852e-02
  3.022211e+00   2.973571e-01   2.261905e-02
  3.026905e+00   3.010025e-01   2.272341e-02
  3.031598e+00   3.283801e-01   2.231358e-02
  3.036291e+00   3.306275e-01   2.255622e-02
  3.040985e+00   2.799184e-01   2.251071e-02
  3.045678e+00   3.169567e-01   2.257086e-02
  3.050371e+00   3.069388e-01   2.230677e-02
  3.055065e+00   2.956301e-01   2.228695e-02
  3.059758e+00   3.525383e-01   2.250898e-02
  3.064451e+00   3.073775e-01   2.260063e-02
  3.069145e+00   2.765357e-01   2.236807e-02
  3.073838e+00   3.214159e-01   2.200025e-02
  3.078531e+00   3.359159e-01   2.232905e-02
  3.083225e+00   2.908928e-01   2.250449e-02
  3.087918e+00   2.815841e-01   2.240942e-02
  3.092611e+00   3.371046e-01   2.189358e-02
  3.097305e+00   2.934617e-01   2.219907e-02
  3.101998e+00   3.159821e-01   2.243055e-02
  3.106691e+00   3.068317e-01   2.236584e-02
  3.111384e+00   3.251581e-01   2.178191e-02
  3.116078e+00   2.527627e-01   2.210151e-02
  3.120771e+00   2.890255e-01   2.206544e-02
  3.125464e+00   3.029872e-01   2.249981e-02
  3.130158e+00   2.430408e-01   2.174578e-02
  3.134851e+00   3.451403e-01   2.211257e-02
  3.139544e+00   3.060842e-01   2.207207e-02
  3.144238e+00   2.811122e-01   2.223528e-02
  3.148931e+00   2.687347e-01   2.177142e-02
  3.153624e+00   2.880434e-01   2.177449e-02
  3.158318e+00   2.933036e-01   2.210323e-02
  3.163011e+00   2.688674e-01   2.215676e-02
  3.167704e+00   2.619975e-01   2.175801e-02
  3.172398e+00   2.746734e-01   2.175103e-02
  3.177091e+00   2.926429e-01   2.198722e-02
  3.181784e+00   2.727525e-01   2.203350e-02
  3.186478e+00   2.403521e-01   2.196815e-02
  3.191171e+00   3.151888e-01   2.135026e-02
  3.195864e+00   3.079642e-01   2.176359e-02
  3.200558e+00   2.851403e-01   2.183953e-02
  3.205251e+00   2.839719e-01   2.194239e-02
  3.209944e+00   2.894949e-01   2.134179e-02
  3.214638e+00   2.590791e-01   2.170291e-02
  3.219331e+00   2.789133e-01   2.175510e-02
  3.224024e+00   2.855281e-01   2.175614e-02
  3.228718e+00   3.050867e-01   2.151734e-02
  3.233411e+00   2.426939e-01   2.151438e-02
  3.238104e+00   2.963035e-01   2.172628e-02
  3.242798e+00   2.944923e-01   2.172652e-02
  3.247491e+00   2.691275e-01   2.148633e-02
  3.252184e+00   2.436199e-01   2.149072e-02
  3.256878e+00   3.056403e-01   2.173231e-02
  3.261571e+00   2.673852e-01   2.157672e-02
  3.266264e+00   2.599132e-01   2.153616e-02
  3.270958e+00   2.566505e-01   2.143802e-02
  3.275651e+00   2.598495e-01   2.160977e-02
  3.280344e+00   2.669617e-01   2.147108e-02
  3.285038e+00   2.605867e-01   2.151846e-02
  3.289731e+00   2.768571e-01   2.139425e-02
  3.294424e+00   2.424694e-01   2.145661e-02
  3.299118e+00   2.456837e-01   2.149204e-02
  3.303811e+00   2.598138e-01   2.160427e-02
  3.308504e+00   2.387679e-01   2.114361e-02
  3.313198e+00   2.628877e-01   2.147720e-02
  3.317891e+00   2.271556e-01   2.124425e-02
  3.322584e+00   2.803724e-01   2.146684e-02
  3.327277e+00   2.566250e-01   2.108816e-02
  3.331971e+00   2.288750e-01   2.146817e-02
  3.336664e+00   2.626710e-01   2.133005e-02
  3.341357e+00   2.291046e-01   2.130031e-02
  3.346051e+00   2.685255e-01   2.121048e-02
  3.350744e+00   2.595919e-01   2.135767e-02
  3.355437e+00   2.408648e-01   2.126672e-02
  3.360131e+00   2.559082e-01   2.116222e-02
  3.364824e+00   2.951276e-01   2.112083e-02
  3.369517e+00   2.701531e-01   2.165531e-02
  3.374211e+00   2.154107e-01   2.187443e-02
  3.378904e+00   2.417475e-01   2.221063e-02
  3.383597e+00   2.829082e-01   2.230972e-02
  3.388291e+00   2.675663e-01   2.271586e-02
  3.392984e+00   2.515433e-01   2.269913e-02
  3.397677e+00   2.383724e-01   2.254168e-02
  3.402371e+00   2.442015e-01   2.249755e-02
  3.407064e+00   2.765994e-01   2.268759e-02
  3.411757e+00   2.682551e-01   2.278699e-02
  3.416451e+00   2.617883e-01   2.283756e-02
  3.421144e+00   2.469286e-01   2.282589e-02
  3.425837e+00   2.841862e-01   2.275665e-02
  3.430531e+00   2.885280e-01   2.300720e-02
  3.435224e+00   2.338597e-01   2.297712e-02
  3.439917e+00   2.283087e-01   2.304537e-02
  3.444611e+00   2.690485e-01   2.283610e-02
  3.449304e+00   2.737092e-01   2.302509e-02
  3.453997e+00   2.593929e-01   2.316637e-02
  3.458691e+00   2.222551e-01   2.319608e-02
  3.463384e+00   2.388826e-01   2.297249e-02
  3.468077e+00   1.882525e-01   2.327253e-02
  3.472771e+00   2.581582e-01   2.337424e-02
  3.477464e+00   1.916786e-01   2.323826e-02
  3.482157e+00   2.522551e-01   2.309071e-02
  3.486851e+00   2.298648e-01   2.324440e-02
  3.491544e+00   2.680842e-01   2.326528e-02
  3.496237e+00   2.599031e-01   2.354294e-02
  3.500931e+00   2.191990e-01   2.324823e-02
  3.505624e+00   2.166276e-01   2.337096e-02
  3.510317e+00   2.977449e-01   2.335595e-02
  3.515011e+00   2.421275e-01   2.367425e-02
  3.519704e+00   2.264311e-01   2.337203e-02
  3.524397e+00   2.468801e-01   2.338101e-02
  3.529091e+00   2.387270e-01   2.349702e-02
  3.533784e+00   2.289362e-01   2.365128e-02
  3.538477e+00   2.306173e-01   2.367840e-02
  3.543171e+00   2.108495e-01   2.338172e-02
  3.547864e+00   1.965281e-01   2.343635e-02
  3.552557e+00   1.979082e-01   2.370007e-02
  3.557250e+00   2.072679e-01   2.384186e-02
  3.561944e+00   2.503622e-01   2.345268e-02
  3.566637e+00   2.409235e-01   2.359569e-02
  3.571330e+00   2.140893e-01   2.368057e-02
  3.576024e+00   2.574490e-01   2.404449e-02
  3.580717e+00   2.349668e-01   2.351241e-02
  3.585410e+00   1.843367e-01   2.352048e-02
  3.590104e+00   2.569311e-01   2.365268e-02
  3.594797e+00   2.579744e-01   2.379442e-02
  3.599490e+00   2.714107e-01   2.361070e-02
  3.604184e+00   2.133495e-01   2.350355e-02
  3.608877e+00   1.905077e-01   2.362931e-02
  3.613570e+00   2.177066e-01   2.460184e-02
  3.618264e+00   2.451097e-01   2.544836e-02
  3.622957e+00   2.391224e-01   2.521567e-02
  3.627650e+00   2.031046e-01   2.569433e-02
  3.632344e+00   2.487934e-01   2.600165e-02
  3.637037e+00   2.352245e-01   2.647207e-02
  3.641730e+00   2.477245e-01   2.623562e-02
  3.646424e+00   2.231530e-01   2.635025e-02
  3.651117e+00   2.233266e-01   2.646543e-02
  3.655810e+00   2.045791e-01   2.712943e-02
  3.660504e+00   1.845970e-01   2.675999e-02
  3.665197e+00   2.484566e-01   2.693585e-02
  3.669890e+00   1.998878e-01   2.698957e-02
  3.674584e+00   2.115740e-01   2.735363e-02
  3.679277e+00   2.399668e-01   2.755597e-02
  3.683970e+00   2.281556e-01   2.737437e-02
  3.688664e+00   2.411224e-01   2.744202e-02
  3.693357e+00   1.991326e-01   2.801264e-02
  3.698050e+00   2.119107e-01   2.776556e-02
  3.702744e+00   1.767704e-01   2.800068e-02
  3.707437e+00   1.635918e-01   2.781108e-02
  3.712130e+00   1.570536e-01   2.826230e-02
  3.716824e+00   2.082627e-01   2.834856e-02
  3.721517e+00   2.280587e-01   2.865078e-02
  3.726210e+00   2.621990e-01   2.834359e-02
  3.730904e+00   2.386659e-01   2.850274e-02
  3.735597e+00   1.610663e-01   2.886773e-02
  3.740290e+00   2.732934e-01   2.884222e-02
  3.744984e+00   2.114005e-01   2.905840e-02
  3.749677e+00   2.034592e-01   2.896819e-02
  3.754370e+00   2.167449e-01   2.938933e-02
  3.759064e+00   1.633011e-01   2.908741e-02
  3.763757e+00   2.044923e-01   2.955907e-02
  3.768450e+00   1.920816e-01   2.947460e-02
  3.773144e+00   1.723572e-01   2.965015e-02
  3.777837e+00   2.311301e-01   2.957903e-02
  3.782530e+00   2.749209e-01   2.987884e-02
  3.787223e+00   1.788036e-01   2.991758e-02
  3.791917e+00   2.243137e-01   3.017618e-02
  3.796610e+00   1.933010e-01   3.003760e-02
  3.801303e+00   2.205765e-01   3.019065e-02
  3.805997e+00   1.595485e-01   3.027803e-02
  3.810690e+00   1.182194e-01   3.071552e-02
  3.815383e+00   1.922398e-01   3.037249e-02
  3.820077e+00   1.861531e-01   3.059538e-02
  3.824770e+00   2.277858e-01   3.088979e-02
  3.829463e+00   1.447322e-01   3.103508e-02
  3.834157e+00   2.336429e-01   3.093060e-02
  3.838850e+00   2.018087e-01   3.109347e-02
  3.843543e+00   1.886148e-01   3.130389e-02
  3.848237e+00   1.548265e-01   3.147295e-02
  3.852930e+00   1.750357e-01   3.135504e-02
  3.857623e+00   2.505612e-01   3.142142e-02
  3.862317e+00   2.080688e-01   3.176951e-02
  3.867010e+00   1.865586e-01   3.192927e-02
  3.871703e+00   2.622653e-01   3.180920e-02
  3.876397e+00   1.947959e-01   3.172989e-02
  3.881090e+00   1.323495e-01   3.211320e-02
  3.885783e+00   2.054796e-01   3.253137e-02
  3.890477e+00   1.814438e-01   3.223269e-02
  3.895170e+00   2.538776e-01   3.221698e-02
  3.899863e+00   1.826658e-01   3.244135e-02
  3.904557e+00   2.435510e-01   3.298596e-02
  3.909250e+00   1.713980e-01   3.277735e-02
  3.913943e+00   2.061174e-01   3.254520e-02
  3.918637e+00   1.986557e-01   3.252471e-02
  3.923330e+00   2.541224e-01   3.317477e-02
  3.928023e+00   1.594362e-01   3.273817e-02
  3.932717e+00   2.074439e-01   3.306298e-02
  3.937410e+00   1.652244e-01   3.253855e-02
  3.942103e+00   2.586097e-01   3.314309e-02
  3.946797e+00   2.073877e-01   3.294109e-02
  3.951490e+00   1.883342e-01   3.343061e-02
  3.956183e+00   1.663368e-01   3.280939e-02
  3.960877e+00   1.659770e-01   3.314436e-02
  3.965570e+00   1.508418e-01   3.328736e-02
  3.970263e+00   1.708928e-01   3.361601e-02
  3.974957e+00   1.663673e-01   3.362760e-02
  3.979650e+00   2.306505e-01   3.364917e-02
  3.984343e+00   2.068775e-01   3.370729e-02
  3.989037e+00   2.289056e-01   3.392028e-02
  3.993730e+00   1.985969e-01   3.410106e-02
  3.998423e+00   2.001505e-01   3.421642e-02
  4.003117e+00   2.153163e-01   3.401636e-02
  4.007810e+00   1.725536e-01   3.437034e-02
  4.012503e+00   1.927577e-01   3.461966e-02
  4.017196e+00   1.362373e-01   3.491845e-02
  4.021890e+00   1.466352e-01   3.454213e-02
  4.026583e+00   2.350587e-01   3.457441e-02
  4.031276e+00   1.915510e-01   3.529400e-02
  4.035970e+00   2.020689e-01   3.502399e-02
  4.040663e+00   1.619336e-01   3.525981e-02
  4.045356e+00   1.942525e-01   3.523727e-02
  4.050050e+00   9.523726e-02   3.547068e-02
  4.054743e+00   1.502831e-01   3.534878e-02
  4.059436e+00   1.823062e-01   3.605402e-02
  4.064130e+00   2.447194e-01   3.572782e-02
  4.068823e+00   1.982066e-01   3.590602e-02
  4.073516e+00   1.880178e-01   3.592897e-02
  4.078210e+00   1.372806e-01   3.642467e-02
  4.082903e+00   2.106633e-01   3.617691e-02
  4.087596e+00   2.200306e-01   3.646838e-02
  4.092290e+00   2.305204e-01   3.655960e-02
  4.096983e+00   1.832908e-01   3.704836e-02
  4.101676e+00   1.673827e-01   3.658723e-02
  4.106370e+00   1.767322e-01   3.702801e-02
  4.111063e+00   1.860586e-01   3.705705e-02
  4.115756e+00   1.862959e-01   3.767716e-02
  4.120450e+00   1.278520e-01   3.711907e-02
  4.125143e+00   1.866862e-01   3.745220e-02
  4.129836e+00   1.498316e-01   3.762645e-02
  4.134530e+00   2.288597e-01   3.806205e-02
  4.139223e+00   1.001046e-01   3.783393e-02
  4.143916e+00   2.082322e-01   3.778068e-02
  4.148610e+00   1.946148e-01   3.834184e-02
  4.153303e+00   1.882117e-01   3.867907e-02
  4.157996e+00   1.787118e-01   3.868587e-02
  4.162690e+00   2.244541e-01   3.816110e-02
  4.167383e+00   2.103980e-01   3.886538e-02
  4.172076e+00   1.304184e-01   3.914294e-02
  4.176770e+00   1.093061e-01   3.952015e-02
  4.181463e+00   2.240816e-01   3.895573e-02
  4.186156e+00   2.035791e-01   3.923303e-02
  4.190850e+00   2.276990e-01   3.948775e-02
  4.195543e+00   1.706607e-01   4.007927e-02
  4.200236e+00   1.566709e-01   3.965860e-02
  4.204930e+00   1.531582e-01   3.991364e-02
  4.209623e+00   1.516480e-01   4.016386e-02
  4.214316e+00   1.996352e-01   4.092436e-02
  4.219010e+00   2.015612e-01   4.036579e-02
  4.223703e+00   1.999490e-01   4.030372e-02
  4.228396e+00   1.949949e-01   4.093156e-02
  4.233089e+00   1.952806e-01   4.154247e-02
  4.237783e+00   1.732117e-01   4.098610e-02
  4.242476e+00   2.357679e-01   4.090827e-02
  4.247169e+00   1.692806e-01   4.201512e-02
  4.251863e+00   1.606914e-01   4.200268e-02
  4.256556e+00   2.271761e-01   4.152293e-02
  4.261249e+00   1.691071e-01   4.189398e-02
  4.265943e+00   2.264030e-01   4.231868e-02
  4.270636e+00   1.491608e-01   4.293904e-02
  4.275329e+00   1.615689e-01   4.235775e-02
  4.280023e+00   1.568342e-01   4.232435e-02
  4.284716e+00   2.104413e-01   4.286567e-02
  4.289409e+00   2.258827e-01   4.395441e-02
  4.294103e+00   1.865255e-01   4.298289e-02
  4.298796e+00   1.075127e-01   4.321362e-02
  4.303489e+00   1.719286e-01   4.369908e-02
  4.308183e+00   1.197347e-01   4.433335e-02
  4.312876e+00   1.862704e-01   4.447240e-02
  4.317569e+00   1.801071e-01   4.360326e-02
  4.322263e+00   1.423036e-01   4.449876e-02
  4.326956e+00   1.804643e-01   4.514765e-02
  4.331649e+00   4.991836e-02   4.498753e-02
  4.336343e+00   1.569949e-01   4.496776e-02
  4.341036e+00   2.165357e-01   4.532009e-02
  4.345729e+00   1.013827e-01   4.567535e-02
  4.350423e+00   1.186071e-01   4.604171e-02
  4.355116e+00   1.798240e-01   4.575363e-02
  4.359809e+00   1.260102e-01   4.606763e-02
  4.364503e+00   9.896172e-02   4.643995e-02
  4.369196e+00   1.212424e-01   4.727126e-02
  4.373889e+00   1.256046e-01   4.662303e-02
  4.378583e+00   8.106888e-02   4.681660e-02
  4.383276e+00   1.839261e-01   4.727664e-02
  4.387969e+00   1.332628e-01   4.816854e-02
  4.392663e+00   2.057474e-01   4.643232e-02
  4.397356e+00   2.249617e-01   4.715885e-02
  4.402049e+00   1.784184e-01   4.758192e-02
  4.406743e+00   1.046250e-01   4.830091e-02
  4.411436e+00   1.761174e-01   4.686263e-02
  4.416129e+00   1.479056e-01   4.712426e-02
  4.420823e+00   1.647985e-01   4.769029e-02
  4.425516e+00   1.008419e-01   4.881753e-02
  4.430209e+00   1.106046e-01   4.688187e-02
  4.434903e+00   1.860433e-01   4.794314e-02
  4.439596e+00   2.179056e-01   4.854238e-02
  4.444289e+00   1.053418e-01   4.993245e-02
  4.448983e+00   1.619796e-01   4.808415e-02
  4.453676e+00   1.683903e-01   4.896798e-02
  4.458369e+00   1.529414e-01   4.934366e-02
  4.463062e+00   1.168418e-01   5.034896e-02
  4.467756e+00   4.968877e-02   4.999622e-02
  4.472449e+00   1.698010e-01   4.942159e-02
  4.477142e+00   1.736046e-01   5.037864e-02
  4.481836e+00   2.070102e-01   5.166449e-02
  4.486529e+00   1.556964e-01   5.145453e-02
  4.491222e+00   8.506375e-02   5.047251e-02
  4.495916e+00   1.476428e-01   5.146673e-02
  4.500609e+00   1.968087e-01   5.252194e-02
  4.505302e+00   2.018291e-01   5.264404e-02
  4.509996e+00   8.295407e-02   5.176920e-02
  4.514689e+00   1.496632e-01   5.265124e-02
  4.519382e+00   1.436428e-01   5.356528e-02
  4.524076e+00   2.444796e-01   5.434500e-02
  4.528769e+00   1.364107e-01   5.323523e-02
  4.533462e+00   1.561811e-01   5.376743e-02
  4.538156e+00   1.285331e-01   5.484284e-02
  4.542849e+00   1.929490e-01   5.600995e-02
  4.547542e+00   3.380867e-02   5.475842e-02
  4.552236e+00   4.698469e-02   5.476794e-02
  4.556929e+00   2.565076e-01   5.646725e-02
  4.561622e+00   1.072704e-01   5.763692e-02
  4.566316e+00   1.299056e-01   5.614895e-02
  4.571009e+00   1.395204e-01   5.617501e-02
  4.575702e+00   8.751020e-02   5.767570e-02
  4.580396e+00   3.362322e-01   5.999584e-02
  4.585089e+00   1.356760e-01   5.755647e-02
  4.589782e+00   1.101786e-01   5.801856e-02
  4.594476e+00   1.154847e-01   5.890085e-02
  4.599169e+00   2.924719e-01   6.182779e-02
  4.603862e+00   1.136479e-01   5.896935e-02
  4.608556e+00   1.628750e-01   6.013310e-02
  4.613249e+00   1.727831e-01   6.085559e-02
  4.617942e+00   2.419286e-01   6.286878e-02
  4.622636e+00   7.773470e-02   6.159456e-02
  4.627329e+00   1.329285e-01   6.178979e-02
  4.632022e+00   1.140740e-01   6.298229e-02
  4.636716e+00   1.933674e-02   6.444474e-02
  4.641409e+00   1.555842e-01   6.441149e-02
  4.646102e+00   9.865050e-02   6.359098e-02
  4.650796e+00   1.166862e-01   6.458861e-02
  4.655489e+00   1.467347e-01   6.611018e-02
  4.660182e+00   1.575740e-01   6.805598e-02
  4.664876e+00   4.503572e-02   6.567429e-02
  4.669569e+00   2.228061e-01   6.644454e-02
  4.674262e+00   1.654771e-01   6.863260e-02
  4.678956e+00   2.280358e-01   7.138455e-02
  4.683649e+00   2.601760e-01   6.797268e-02
  4.688342e+00   2.491837e-01   6.939894e-02
  4.693035e+00   1.275076e-01   7.075340e-02
  4.697729e+00   2.957959e-01   7.512360e-02
  4.702422e+00   8.953316e-02   7.084140e-02
  4.707115e+00   9.121685e-02   7.194696e-02
  4.711809e+00   7.554082e-02   7.369211e-02
  4.716502e+00   2.827245e-01   7.829323e-02
  4.721195e+00   1.601658e-01   7.408746e-02
  4.725889e+00   1.661148e-01   7.501038e-02
  4.730582e+00   2.754159e-01   7.731563e-02
  4.735275e+00   2.066097e-01   8.195095e-02
  4.739969e+00   1.563699e-01   7.752419e-02
  4.744662e+00   1.781684e-01   7.884663e-02
  4.749355e+00   7.540561e-02   8.121575e-02
  4.754049e+00   1.158367e-01   8.404560e-02
  4.758742e+00  -2.541072e-02   8.410358e-02
  4.763435e+00   2.111633e-01   8.383627e-02
  4.768129e+00   1.361607e-01   8.547283e-02
  4.772822e+00   1.374260e-01   8.913449e-02
  4.777515e+00   1.109821e-01   8.878436e-02
  4.782209e+00   1.893954e-01   8.911947e-02
  4.786902e+00   1.137423e-01   9.046917e-02
  4.791595e+00   1.150332e-01   9.475505e-02
  4.796289e+00   1.128138e-01   9.385053e-02
  4.800982e+00   2.398061e-01   9.591066e-02
  4.805675e+00   7.438011e-02   9.789749e-02
  4.810369e+00   3.520817e-01   1.032693e-01
  4.815062e+00  -1.297806e-01   1.002232e-01
  4.819755e+00   4.504595e-02   1.030918e-01
  4.824449e+00   6.458930e-02   1.063281e-01
  4.829142e+00   1.489489e-01   1.115465e-01
  4.833835e+00   2.174924e-01   1.096742e-01
  4.838529e+00   1.440842e-01   1.144353e-01
  4.843222e+00   2.612142e-01   1.180626e-01
  4.847915e+00   2.902296e-01   1.222964e-01
  4.852609e+00   1.466123e-01   1.223779e-01
  4.857302e+00   9.906885e-02   1.290014e-01
  4.861995e+00  -1.074770e-01   1.336512e-01
  4.866689e+00   2.705918e-01   1.337768e-01
  4.871382e+00   1.883317e-01   1.419823e-01
  4.876075e+00   5.788011e-02   1.522838e-01
  4.880769e+00   2.237424e-01   1.567565e-01
  4.885462e+00   3.344388e-01   1.589462e-01
  4.890155e+00   1.856428e-01   1.726183e-01
  4.894849e+00   3.030689e-01   1.872313e-01
  4.899542e+00  -3.189800e-02   1.861337e-01
  4.904235e+00   1.719719e-01   2.106504e-01
  4.908928e+00   1.844209e-01   2.472815e-01
  4.913622e+00   1.035178e-01   2.650194e-01
  4.918315e+00  -1.070561e-01   2.758649e-01
  4.923008e+00   1.533877e-01   3.416089e-01
  4.927702e+00   4.450588e-02   2.036407e-01
