# DATA=SAXS
0.00871252	4.375	54.7149
0.00898592	24.305	18.5771
0.00925932	19.965	15.0729
0.00953273	22.225	13.6258
0.00980613	28.545	11.8187
0.0100795	23.955	10.7895
0.0103529	27.875	9.69606
0.0106263	19.635	8.98342
0.0108998	17.595	7.92122
0.0111732	22.56	7.34489
0.0114466	28.355	6.89415
0.01172	21.74	6.26946
0.0119934	28.65	5.79839
0.0122668	24.225	5.28821
0.0125402	21.05	4.9156
0.0128136	19.15	4.68895
0.013087	27.195	4.26245
0.0133604	24	4.08303
0.0136338	24.16	3.71338
0.0139072	23.5585	3.49714
0.0141806	24.719	3.25788
0.014454	25.5995	3.10316
0.0147274	23.939	2.98286
0.0150008	26.832	2.72462
0.0152742	26.419	2.63626
0.0155476	25.6535	2.43415
0.015821	22.8535	2.35641
0.0160944	25.7475	2.19157
0.0163678	22.2765	2.11028
0.0166412	22.18	1.99326
0.0169146	24.403	1.89215
0.0171881	21.323	1.81992
0.0174615	22.5245	1.72439
0.0177349	23.2655	1.64252
0.0180083	23.8205	1.54815
0.0182817	25.034	1.51546
0.0185551	24.095	1.45881
0.0188285	20.6545	1.36575
0.0191019	23.2935	1.30826
0.0193753	23.498	1.27833
0.0196487	24.2475	1.22254
0.0199221	22.07	1.19748
0.0201955	22.4505	1.10096
0.0204689	22.5175	1.09556
0.0207423	23.2395	1.053
0.0210157	24.498	1.04156
0.0212891	22.04	1.00302
0.0215625	23.229	0.957608
0.0218359	22.7175	0.968393
0.0221093	22.498	0.91212
0.0223827	22.345	0.895885
0.0226561	22.5235	0.881811
0.0229295	22.3025	0.843683
0.0232029	22.093	0.849492
0.0234764	23.306	0.798362
0.0237498	22.0295	0.813341
0.0240232	23.142	0.772626
0.0242966	22.612	0.764245
0.02457	22.4785	0.756209
0.0248434	22.2405	0.701827
0.0251168	21.93	0.716497
0.0253902	23.3205	0.691381
0.0256636	22.244	0.666936
0.025937	21.352	0.643468
0.0262104	22.4358	0.623931
0.0264838	22.2206	0.628051
0.0267572	21.955	0.601724
0.0270306	22.9795	0.591487
0.027304	22.7507	0.582039
0.0275774	21.7376	0.561431
0.0278508	22.0423	0.572365
0.0281242	22.0694	0.544318
0.0283976	22.8561	0.545431
0.028671	21.967	0.541725
0.0289444	21.4791	0.520157
0.0292178	22.1269	0.523762
0.0294912	22.1792	0.508342
0.0297647	22.0726	0.506189
0.0300381	21.45	0.498682
0.0303115	21.8665	0.48981
0.0305849	21.3689	0.47919
0.0308583	21.4875	0.4782
0.0311317	21.9499	0.474313
0.0314051	21.8461	0.469761
0.0316785	21.5661	0.452512
0.0319519	21.5301	0.458831
0.0322253	22.1875	0.456687
0.0324987	21.3535	0.44919
0.0327721	21.5293	0.435911
0.0330455	21.5856	0.436055
0.0333189	21.8543	0.435356
0.0335923	21.7333	0.434486
0.0338657	21.3062	0.423755
0.0341391	22.2547	0.413939
0.0344125	20.7083	0.420957
0.0346859	21.2829	0.411387
0.0349593	21.0117	0.421664
0.0352327	21.9772	0.406201
0.0355061	21.0789	0.400471
0.0357795	21.8156	0.403675
0.036053	20.9817	0.404203
0.0363264	20.8687	0.404361
0.0365998	21.0001	0.392129
0.0368732	21.4867	0.394757
0.0371466	21.286	0.403422
0.03742	21.2059	0.385264
0.0376934	21.4786	0.391298
0.0379668	20.954	0.38981
0.0382402	20.9521	0.389365
0.0385136	20.6434	0.389671
0.038787	20.7031	0.38211
0.0390604	21.2449	0.385783
0.0393338	21.3549	0.38234
0.0396072	20.4444	0.381885
0.0398806	20.7392	0.374356
0.040154	20.8775	0.380787
0.0404274	20.2112	0.382117
0.0407008	20.9121	0.376716
0.0409742	20.6212	0.374334
0.0412476	20.4792	0.371829
0.041521	20.9037	0.374169
0.0417944	20.3954	0.378163
0.0420678	20.1767	0.365799
0.0423413	20.4247	0.373402
0.0426147	20.5358	0.360859
0.0428881	20.6561	0.371409
0.0431615	20.8636	0.370169
0.0434349	20.906	0.363045
0.0437083	20.6382	0.369002
0.0439817	20.157	0.359911
0.0442551	20.0234	0.364108
0.0445285	20.0856	0.357113
0.0448019	20.1683	0.360531
0.0450753	20.6983	0.362758
0.0453487	19.6304	0.357176
0.0456221	20.0226	0.362317
0.0458955	19.6398	0.351326
0.0461689	19.7457	0.357975
0.0464423	19.6715	0.355054
0.0467157	20.1748	0.349316
0.0469891	19.8042	0.357665
0.0472625	19.6398	0.348471
0.0475359	19.7002	0.352467
0.0478093	19.5183	0.347886
0.0480827	20.0963	0.345944
0.0483561	19.7263	0.35393
0.0486296	19.9475	0.34601
0.048903	19.5359	0.350705
0.0491764	19.6587	0.342682
0.0494498	19.8998	0.343712
0.0497232	19.5142	0.347266
0.0499966	19.4264	0.344861
0.05027	19.4225	0.341931
0.0505434	19.8733	0.342231
0.0508168	19.9917	0.345215
0.0510902	20.1589	0.34677
0.0513636	19.8172	0.338681
0.051637	19.7195	0.343629
0.0519104	19.4989	0.343385
0.0521838	19.3753	0.343151
0.0524572	19.288	0.342878
0.0527306	19.5859	0.337559
0.053004	19.7948	0.342516
0.0532774	19.6364	0.33592
0.0535508	19.5459	0.340976
0.0538242	19.076	0.340399
0.0540976	18.9833	0.336453
0.054371	19.0074	0.339858
0.0546445	19.3496	0.336737
0.0549179	19.5205	0.335894
0.0551913	18.9177	0.333346
0.0554647	19.3092	0.336623
0.0557381	18.8463	0.3392
0.0560115	19.4997	0.327636
0.0562849	18.4377	0.331268
0.0565583	18.9579	0.33311
0.0568317	18.6677	0.334543
0.0571051	19.0749	0.329229
0.0573785	18.7541	0.329023
0.0576519	19.5041	0.329637
0.0579253	19.3099	0.332377
0.0581987	18.8931	0.326264
0.0584721	19.0063	0.331664
0.0587455	19.1232	0.330662
0.0590189	19.1584	0.327448
0.0592923	19.3491	0.332762
0.0595657	19.1276	0.325464
0.0598391	18.7898	0.326259
0.0601125	18.8062	0.328022
0.0603859	18.8074	0.326782
0.0606593	18.983	0.323864
0.0609328	19.0431	0.328092
0.0612062	18.7147	0.324669
0.0614796	18.4897	0.327013
0.061753	18.3662	0.321773
0.0620264	18.7077	0.326026
0.0622998	18.6041	0.324305
0.0625732	18.705	0.322844
0.0628466	18.6103	0.320009
0.06312	18.9639	0.319128
0.0633934	18.6804	0.326089
0.0636668	18.7541	0.319861
0.0639402	18.1953	0.318624
0.0642136	18.1707	0.315497
0.064487	18.5594	0.318311
0.0647604	17.9371	0.32073
0.0650338	18.2228	0.319148
0.0653072	18.1875	0.312493
0.0655806	18.3722	0.320849
0.065854	18.0507	0.312029
0.0661274	18.362	0.321074
0.0664008	18.1577	0.310441
0.0666742	18.104	0.312837
0.0669476	18.0494	0.312735
0.0672211	18.3565	0.313626
0.0674945	18.0309	0.316301
0.0677679	17.827	0.308239
0.0680413	18.27	0.313988
0.0683147	18.0269	0.314821
0.0685881	17.5422	0.310494
0.0688615	17.4537	0.314054
0.0691349	17.6476	0.3094
0.0694083	17.7405	0.310572
0.0696817	17.67	0.309452
0.0699551	17.6142	0.304307
0.0702285	17.1779	0.308078
0.0705019	17.6647	0.309981
0.0707753	17.6565	0.309603
0.0710487	17.0991	0.302783
0.0713221	17.2607	0.304948
0.0715955	17.7034	0.307107
0.0718689	17.519	0.306945
0.0721423	17.3026	0.305528
0.0724157	17.3856	0.303953
0.0726891	17.2704	0.301277
0.0729625	17.2699	0.301267
0.0732359	17.0441	0.302318
0.0735094	16.9224	0.30136
0.0737828	17.0145	0.296835
0.0740562	17.1833	0.300068
0.0743296	16.5999	0.299586
0.074603	16.7675	0.295244
0.0748764	16.9259	0.295846
0.0751498	17.0469	0.298537
0.0754232	16.8253	0.298697
0.0756966	17.1523	0.29622
0.07597	16.5926	0.293891
0.0762434	16.7968	0.295497
0.0765168	17.079	0.297957
0.0767902	16.8358	0.296641
0.0770636	16.8026	0.296315
0.077337	16.4668	0.297867
0.0776104	16.8061	0.298392
0.0778838	17.1781	0.297971
0.0781572	16.5264	0.295019
0.0784306	17.0007	0.298269
0.078704	16.1087	0.303138
0.0789774	16.5649	0.298875
0.0792508	16.2189	0.299324
0.0795242	16.4295	0.300287
0.0797977	16.2222	0.30102
0.0800711	16.5435	0.306692
0.0803445	16.0085	0.298658
0.0806179	16.0666	0.304392
0.0808913	16.3066	0.302118
0.0811647	16.0193	0.304557
0.0814381	16.0535	0.30212
0.0817115	16.5502	0.302438
0.0819849	16.7448	0.305616
0.0822583	16.2973	0.303034
0.0825317	16.198	0.304161
0.0828051	15.7034	0.303173
0.0830785	15.9573	0.298743
0.0833519	15.9748	0.306702
0.0836253	15.6278	0.302069
0.0838987	15.8536	0.303315
0.0841721	15.3244	0.305759
0.0844455	15.4335	0.300639
0.0847189	16.0272	0.305544
0.0849923	15.5272	0.298204
0.0852657	15.5812	0.304359
0.0855391	15.2986	0.304063
0.0858125	15.4414	0.306468
0.086086	15.1077	0.302476
0.0863594	14.9034	0.30044
0.0866328	15.5202	0.303746
0.0869062	14.969	0.303356
0.0871796	14.7879	0.303614
0.087453	15.607	0.303022
0.0877264	15.042	0.303093
0.0879998	15.2406	0.304146
0.0882732	15.3675	0.305583
0.0885466	15.0467	0.30253
0.08882	14.911	0.303037
0.0890934	15.2162	0.3021
0.0893668	14.852	0.304346
0.0896402	14.9687	0.302394
0.0899136	14.5657	0.301593
0.090187	14.808	0.30202
0.0904604	14.7313	0.304743
0.0907338	14.9402	0.301981
0.0910072	14.8358	0.303588
0.0912806	14.3974	0.301537
0.091554	14.5075	0.300364
0.0918274	14.4494	0.301889
0.0921009	14.7004	0.302377
0.0923743	14.1449	0.303142
0.0926477	14.4496	0.304089
0.0929211	14.3462	0.298097
0.0931945	14.4187	0.303488
0.0934679	14.2283	0.301007
0.0937413	14.246	0.302869
0.0940147	14.1117	0.305081
0.0942881	14.5956	0.301443
0.0945615	14.0526	0.304787
0.0948349	14.2345	0.300283
0.0951083	14.0977	0.301356
0.0953817	13.9036	0.301578
0.0956551	13.8626	0.301859
0.0959285	14.0002	0.304122
0.0962019	13.7511	0.298535
0.0964753	14.0484	0.303037
0.0967487	13.6251	0.301307
0.0970221	13.7487	0.301603
0.0972955	13.8334	0.303554
0.0975689	13.6073	0.298334
0.0978423	13.4363	0.304679
0.0981157	13.7792	0.297369
0.0983892	13.7633	0.304929
0.0986626	13.4908	0.302431
0.098936	13.5125	0.301917
0.0992094	13.0346	0.303079
0.0994828	13.2884	0.298215
0.0997562	13.6426	0.302086
0.10003	12.9494	0.295223
0.100303	13.5438	0.300019
0.100576	13.0029	0.298667
0.10085	12.8035	0.300572
0.101123	12.868	0.301471
0.101397	13.2353	0.2968
0.10167	12.8811	0.301611
0.101943	12.7145	0.302378
0.102217	12.8334	0.298328
0.10249	13.3207	0.301664
0.102764	12.8995	0.29508
0.103037	12.8048	0.302513
0.10331	12.9376	0.297272
0.103584	13.1221	0.300136
0.103857	13.0535	0.301257
0.104131	12.7689	0.298735
0.104404	12.682	0.302539
0.104677	12.5791	0.29593
0.104951	12.4885	0.299376
0.105224	13.2513	0.300433
0.105498	12.6288	0.298997
0.105771	12.8338	0.301299
0.106044	12.2717	0.295229
0.106318	12.6005	0.299074
0.106591	12.5136	0.296667
0.106865	12.4572	0.296564
0.107138	13.0383	0.300113
0.107411	12.5086	0.295537
0.107685	12.0798	0.300822
0.107958	12.6515	0.295247
0.108232	12.524	0.296927
0.108505	12.1082	0.299157
0.108779	12.1676	0.296489
0.109052	12.3115	0.299472
0.109325	12.1171	0.295822
0.109599	11.8596	0.296703
0.109872	11.9106	0.300092
0.110146	11.9902	0.295943
0.110419	12.1307	0.298781
0.110692	11.5047	0.296357
0.110966	12.0312	0.294663
0.111239	12.109	0.299724
0.111513	12.0218	0.292196
0.111786	11.9489	0.297163
0.112059	11.6253	0.294911
0.112333	11.9244	0.296125
0.112606	11.4202	0.296909
0.11288	11.7299	0.294221
0.113153	11.5952	0.296747
0.113426	11.8729	0.296742
0.1137	11.9436	0.293284
0.113973	11.8666	0.295217
0.114247	11.4598	0.296305
0.11452	11.5952	0.294087
0.114793	11.3771	0.295797
0.115067	11.7191	0.293254
0.11534	11.4368	0.295265
0.115614	11.4655	0.294358
0.115887	11.4265	0.293662
0.11616	11.2764	0.293288
0.116434	11.3334	0.292294
0.116707	11.1657	0.296352
0.116981	11.47	0.29412
0.117254	11.0761	0.293946
0.117527	11.3803	0.293625
0.117801	11.0339	0.293733
0.118074	10.5298	0.292793
0.118348	10.751	0.29168
0.118621	10.8509	0.292298
0.118894	10.9376	0.294049
0.119168	10.964	0.293175
0.119441	11.046	0.294811
0.119715	10.4144	0.289258
0.119988	11.1472	0.291705
0.120262	10.7407	0.291548
0.120535	10.4261	0.289448
0.120808	10.734	0.289463
0.121082	10.6151	0.29052
0.121355	10.5009	0.292831
0.121629	10.7172	0.293195
0.121902	10.3927	0.288761
0.122175	10.6729	0.291556
0.122449	10.2993	0.292059
0.122722	10.4511	0.29212
0.122996	10.5886	0.309668
0.123269	10.0358	0.319643
0.123816	10.4302	0.326071
0.124089	10.1733	0.333885
0.124363	10.432	0.346334
0.124636	10.4726	0.347028
0.124909	10.3337	0.351495
0.125183	10.4376	0.357994
0.125456	11.0096	0.357729
0.12573	10.8104	0.363323
0.126003	10.8398	0.376167
0.126276	10.12	0.380175
0.12655	9.7586	0.343554
0.126823	10.3394	0.334741
0.127097	10.4745	0.327927
0.12737	9.5192	0.32545
0.127643	9.517	0.315284
0.127917	10.1809	0.321544
0.12819	10.3176	0.314494
0.128464	10.4979	0.314863
0.128737	9.23275	0.311037
0.12901	9.9437	0.309727
0.129284	9.56585	0.304481
0.129557	9.835	0.30492
0.129831	9.71035	0.300055
0.130104	9.6434	0.300837
0.130377	9.73185	0.295317
0.130651	9.3725	0.295413
0.130924	9.2252	0.298335
0.131198	9.12945	0.294514
0.131471	9.625	0.295137
0.131744	9.8136	0.292263
0.132018	9.8615	0.292276
0.132291	9.4656	0.29669
0.132565	9.42955	0.290236
0.132838	9.5979	0.289845
0.133112	8.9701	0.290297
0.133385	9.04195	0.293055
0.133658	9.9249	0.295832
0.133932	9.3055	0.284345
0.134205	9.0149	0.291696
0.134479	9.5206	0.290701
0.134752	9.5744	0.294047
0.135025	8.7063	0.289334
0.135299	9.1375	0.291884
0.135572	9.3318	0.288124
0.135846	8.8757	0.292909
0.136119	9.3023	0.28563
0.136392	9.3743	0.288194
0.136666	8.82215	0.288737
0.136939	8.95505	0.289304
0.137213	9.2282	0.287186
0.137486	8.61905	0.287434
0.137759	8.7152	0.28696
0.138033	8.89955	0.288219
0.138306	9.6187	0.290557
0.13858	8.58845	0.285849
0.138853	8.7812	0.284933
0.139126	9.0618	0.286269
0.1394	8.38095	0.28375
0.139673	9.21935	0.29048
0.139947	8.35275	0.286532
0.14022	9.0457	0.288077
0.140493	8.51635	0.284172
0.140767	8.67565	0.284402
0.14104	8.54835	0.285487
0.141314	8.84085	0.287244
0.141587	8.87875	0.284782
0.14186	8.3923	0.284081
0.142134	8.19685	0.283015
0.142407	9.0259	0.287965
0.142681	8.4719	0.284125
0.142954	8.6718	0.284128
0.143227	8.41555	0.282045
0.143501	8.7495	0.286779
0.143774	8.59455	0.285456
0.144048	8.4939	0.283779
0.144321	8.5573	0.283146
0.144594	8.32035	0.283733
0.144868	7.88595	0.282802
0.145141	8.39925	0.2837
0.145415	7.80555	0.281732
0.145688	8.11835	0.282498
0.145962	8.5451	0.280181
0.146235	8.25945	0.277468
0.146508	8.17465	0.279594
0.146782	7.9313	0.277369
0.147055	8.3543	0.276391
0.147329	7.95515	0.275363
0.147602	8.0061	0.275795
0.147875	8.0559	0.272519
0.148149	7.9962	0.275744
0.148422	8.20345	0.274085
0.148696	8.0838	0.278137
0.148969	8.18195	0.269917
0.149242	7.54585	0.274417
0.149516	7.99625	0.275983
0.149789	7.67965	0.275015
0.150063	8.1193	0.275102
0.150336	7.8013	0.274819
0.150609	8.0906	0.276529
0.150883	7.5683	0.2734
0.151156	7.13565	0.274729
0.15143	7.9313	0.274588
0.151703	7.74165	0.277906
0.151976	7.732	0.272906
0.15225	7.87105	0.273671
0.152523	7.71605	0.274276
0.152797	7.63075	0.273682
0.15307	7.7819	0.274595
0.153343	7.47645	0.27451
0.153617	7.34695	0.272344
0.15389	7.3099	0.269714
0.154164	7.84805	0.2765
0.154437	7.4153	0.270356
0.15471	7.48955	0.271948
0.154984	7.1529	0.27476
0.155257	7.3521	0.27542
0.155531	7.422	0.272808
0.155804	7.71135	0.274197
0.156077	7.60155	0.270796
0.156351	7.4759	0.27442
0.156624	7.42665	0.274463
0.156898	7.12585	0.271692
0.157171	7.55605	0.271362
0.157444	7.3473	0.274521
0.157718	7.20315	0.27452
0.157991	7.08885	0.274187
0.158265	7.2739	0.272762
0.158538	7.2815	0.270673
0.158812	7.15045	0.27264
0.159085	7.23115	0.268887
0.159358	7.0374	0.270634
0.159632	6.7393	0.270899
0.159905	6.69065	0.270839
0.160179	6.7611	0.272261
0.160452	7.0546	0.270351
0.160725	7.11405	0.269362
0.160999	6.9543	0.270703
0.161272	7.0386	0.272273
0.161546	7.05395	0.270268
0.161819	6.064	0.269137
0.162092	7.2549	0.270919
0.162366	7.4485	0.270731
0.162639	7.14285	0.269861
0.162913	6.7311	0.269702
0.163186	6.7987	0.270659
0.163459	6.51415	0.271965
0.163733	6.25045	0.270861
0.164006	6.86865	0.265252
0.16428	6.1741	0.268693
0.164553	6.6608	0.271535
0.164826	6.1179	0.269688
0.1651	6.76	0.26593
0.165373	6.5721	0.270392
0.165647	6.8587	0.272674
0.16592	6.41525	0.268137
0.166193	6.68315	0.267652
0.166467	6.3599	0.268011
0.16674	6.2378	0.269464
0.167014	6.3088	0.270171
0.167287	6.6597	0.269878
0.16756	6.65125	0.265469
0.167834	6.62015	0.269925
0.168107	6.84105	0.27107
0.168381	6.2306	0.270716
0.168654	6.3827	0.265784
0.168927	5.91375	0.268671
0.169201	6.241	0.267489
0.169474	6.2987	0.268497
0.169748	6.05395	0.265283
0.170021	5.91875	0.26997
0.170295	6.79405	0.268732
0.170568	6.51965	0.269515
0.170841	6.24285	0.266251
0.171115	6.26545	0.267029
0.171388	6.58825	0.26846
0.171662	5.9971	0.267775
0.171935	6.40785	0.265882
0.172208	6.467	0.265936
0.172482	5.89305	0.265427
0.172755	5.8649	0.267726
0.173029	6.44455	0.268184
0.173302	6.5671	0.267216
0.173575	6.1738	0.267371
0.173849	5.7859	0.263667
0.174122	6.08595	0.268078
0.174396	5.8339	0.267672
0.174669	6.0496	0.264703
0.174942	6.23725	0.267143
0.175216	6.23245	0.267829
0.175489	5.8355	0.266013
0.175763	5.9419	0.264575
0.176036	5.7035	0.264548
0.176309	5.6175	0.263954
0.176583	5.9904	0.265336
0.176856	5.76455	0.267442
0.17713	5.9836	0.265943
0.177403	5.7005	0.265677
0.177676	5.66535	0.263635
0.17795	5.886	0.264026
0.178223	6.1806	0.262831
0.178497	5.3851	0.26507
0.17877	5.6149	0.264967
0.179043	5.96195	0.265617
0.179317	5.78135	0.266375
0.17959	6.01295	0.262252
0.179864	5.906	0.266207
0.180137	5.23585	0.267609
0.18041	5.71995	0.265909
0.180684	5.9918	0.264728
0.180957	5.8065	0.264628
0.181231	5.98295	0.265781
0.181504	5.5147	0.264497
0.181777	5.4599	0.263677
0.182051	5.9829	0.266014
0.182324	5.5744	0.262851
0.182598	5.5378	0.263069
0.182871	5.5615	0.262806
0.183145	5.34285	0.260791
0.183418	5.29505	0.265965
0.183691	5.84315	0.264712
0.183965	5.40365	0.262818
0.184238	5.1457	0.264689
0.184512	5.7089	0.2623
0.184785	5.5856	0.262465
0.185058	5.7432	0.263011
0.185332	5.4888	0.265592
0.185605	5.67605	0.26248
0.185879	5.23655	0.261931
0.186152	5.006	0.263174
0.186425	5.4898	0.261301
0.186699	4.57525	0.262745
0.186972	5.47735	0.263365
0.187246	5.50825	0.260232
0.187519	5.3472	0.262853
0.187792	4.97925	0.261282
0.188066	4.81815	0.259185
0.188339	4.9682	0.262227
0.188613	5.15575	0.262044
0.188886	5.6523	0.260267
0.189159	5.15915	0.261157
0.189433	4.67165	0.262476
0.189706	5.01475	0.260929
0.18998	5.18335	0.261373
0.190253	5.33135	0.257799
0.190526	5.43125	0.262592
0.1908	5.0116	0.260467
0.191073	5.06005	0.257993
0.191347	5.13655	0.262
0.19162	5.2106	0.260624
0.191893	5.07245	0.258583
0.192167	5.12455	0.262451
0.19244	5.02375	0.257883
0.192714	5.1218	0.259584
0.192987	4.69755	0.260406
0.19326	5.30325	0.259603
0.193534	4.87355	0.260951
0.193807	5.11155	0.258126
0.194081	5.12965	0.257472
0.194354	4.6177	0.257343
0.194627	4.9285	0.259831
0.194901	4.83815	0.258379
0.195174	4.4813	0.257252
0.195448	4.83525	0.260915
0.195721	4.715	0.258952
0.195995	4.73255	0.25797
0.196268	4.62675	0.259429
0.196541	4.79295	0.259519
0.196815	5.1151	0.258041
0.197088	4.38585	0.258674
0.197362	4.38035	0.261
0.197635	5.19755	0.259698
0.197908	4.7074	0.259487
0.198182	4.6294	0.257197
0.198455	4.89605	0.258221
0.198729	4.7268	0.25842
0.199002	4.81375	0.260516
0.199275	4.95735	0.260387
0.199549	4.261	0.256974
0.199822	4.72515	0.2572
0.200096	4.45375	0.257419
0.200369	4.7518	0.260878
0.200642	4.6702	0.256659
0.200916	5.0644	0.258842
0.201189	4.8814	0.257507
0.201463	4.69525	0.259212
0.201736	4.50875	0.258273
0.202009	4.8879	0.258032
0.202283	4.07135	0.257286
0.202556	4.3916	0.260508
0.20283	4.2825	0.254565
0.203103	4.59355	0.260806
0.203376	5.01895	0.260129
0.20365	4.0822	0.256337
0.203923	4.3755	0.25771
0.204197	4.5251	0.258784
0.20447	3.97185	0.25887
0.204743	3.9073	0.255911
0.205017	4.22825	0.256107
0.20529	4.0793	0.258893
0.205564	3.9922	0.259391
0.205837	4.3604	0.257514
0.20611	4.00025	0.255876
0.206384	4.5437	0.256929
0.206657	4.5901	0.257219
0.206931	4.54445	0.258391
0.207204	4.0952	0.257021
0.207477	4.2483	0.257921
0.207751	4.5643	0.254867
0.208024	4.7529	0.256276
0.208298	4.1764	0.256457
0.208571	4.00145	0.256442
0.208845	4.1312	0.255682
0.209118	4.6197	0.257368
0.209391	4.2662	0.257722
0.209665	4.3211	0.2558
0.209938	3.7478	0.254402
0.210212	4.61885	0.253541
0.210485	4.28	0.25837
0.210758	4.48445	0.256001
0.211032	4.48745	0.25424
0.211305	4.25095	0.253959
0.211579	4.361	0.254664
0.211852	4.0282	0.25568
0.212125	4.06345	0.256805
0.212399	4.4384	0.256018
0.212672	3.95345	0.259454
0.212946	4.08415	0.254848
0.213219	4.02515	0.256308
0.213492	4.59175	0.255692
0.213766	4.17915	0.254916
0.214039	4.1268	0.255863
0.214313	3.6929	0.257384
0.214586	4.18125	0.257584
0.214859	4.2851	0.252936
0.215133	4.2892	0.257061
0.215406	4.00375	0.255098
0.21568	3.63165	0.254019
0.215953	3.8178	0.252534
0.216226	4.0236	0.251862
0.2165	3.8075	0.251269
0.216773	4.15125	0.25542
0.217047	4.0513	0.252929
0.21732	3.89915	0.255152
0.217593	3.65465	0.253136
0.217867	3.71415	0.253647
0.21814	3.6806	0.253177
0.218414	3.70355	0.253483
0.218687	3.81745	0.254521
0.21896	4.213	0.253858
0.219234	3.99665	0.251787
0.219507	4.23	0.253982
0.219781	3.71285	0.250721
0.220054	4.08355	0.255547
0.220328	4.02465	0.253816
0.220601	3.7841	0.251538
0.220874	3.48985	0.253666
0.221148	3.7498	0.252448
0.221421	3.37735	0.251858
0.221695	3.9165	0.252424
0.221968	3.71705	0.249865
0.222241	3.69435	0.253874
0.222515	4.30295	0.250832
0.222788	3.6688	0.254409
0.223062	4.0155	0.251823
0.223335	4.1492	0.252393
0.223608	3.9437	0.252145
0.223882	4.06275	0.251462
0.224155	3.9945	0.254631
0.224429	3.74845	0.251324
0.224702	3.86355	0.253412
0.224975	3.6675	0.252721
0.225249	3.7939	0.251127
0.225522	3.1713	0.251385
0.225796	3.13705	0.2506
0.226069	3.9142	0.253084
0.226342	3.788	0.251794
0.226616	3.81255	0.252471
0.226889	3.564	0.252873
0.227163	3.5515	0.251217
0.227436	3.5174	0.250525
0.227709	3.6227	0.25194
0.227983	3.8117	0.249879
0.228256	3.8673	0.251433
0.22853	3.6377	0.249086
0.228803	3.47595	0.252991
0.229076	3.15715	0.252514
0.22935	3.61035	0.250778
0.229623	2.92845	0.251112
0.229897	2.96855	0.249687
0.23017	3.5089	0.25025
0.230443	3.34115	0.250411
0.230717	3.5473	0.250944
0.23099	3.8495	0.251905
0.231264	3.2292	0.250442
0.231537	3.48825	0.245861
0.23181	3.592	0.249892
0.232084	3.47875	0.250343
0.232357	3.40885	0.247806
0.232631	3.08225	0.246688
0.232904	3.31055	0.248475
0.233178	3.0784	0.248227
0.233451	3.93515	0.247162
0.233724	3.24725	0.247516
0.233998	3.6693	0.24825
0.234271	3.6245	0.251002
0.234545	3.5571	0.249486
0.234818	3.50285	0.249127
0.235091	3.4211	0.248064
0.235365	3.0486	0.249595
0.235638	3.03655	0.248239
0.235912	2.9796	0.248384
0.236185	3.01475	0.250158
0.236458	3.35015	0.249516
0.236732	3.23685	0.249649
0.237005	3.3834	0.248318
0.237279	3.47805	0.246757
0.237552	3.2803	0.248594
0.237825	3.2771	0.248832
0.238099	3.6139	0.249755
0.238372	3.28475	0.245021
0.238646	3.52185	0.250237
0.238919	3.29515	0.246913
0.239192	3.30215	0.247969
0.239466	3.5597	0.249535
0.239739	3.458	0.24586
0.240013	3.60715	0.247445
0.240286	3.19745	0.247946
0.240559	3.46715	0.248686
0.240833	3.30095	0.250167
0.241106	3.13765	0.24662
0.24138	3.4373	0.250099
0.241653	2.95415	0.245338
0.241926	2.8695	0.247031
0.2422	2.9837	0.245171
0.242473	3.292	0.246875
0.242747	3.5791	0.246921
0.24302	3.5926	0.247794
0.243293	3.3792	0.247867
0.243567	3.24095	0.246702
0.24384	3.07435	0.242828
0.244114	3.0841	0.247736
0.244387	3.0689	0.246301
0.24466	3.06205	0.249906
0.244934	3.26215	0.247097
0.245207	3.3969	0.24577
0.245481	3.1549	0.248708
0.245754	2.6931	0.246888
0.246028	2.9537	0.246319
0.246301	2.86015	0.246496
0.246574	3.21255	0.24712
0.246848	3.31005	0.245014
0.247121	3.24185	0.246282
0.247395	3.0238	0.246098
0.247668	3.0958	0.246588
0.247941	3.33585	0.245814
0.248215	2.44235	0.245613
0.248488	3.27285	0.246137
0.248762	3.4206	0.245434
0.249035	2.9266	0.245539
0.249308	3.1573	0.244142
0.249582	2.8092	0.246243
0.249855	3.01055	0.246181
0.250129	3.01585	0.245528
0.250402	3.0782	0.245677
0.250675	2.85845	0.244821
0.250949	3.35285	0.245768
0.251222	2.87585	0.247061
0.251496	2.7065	0.245302
0.251769	3.2236	0.244231
0.252042	3.1927	0.245125
0.252316	2.89475	0.2453
0.252589	2.9961	0.243894
0.252863	2.99885	0.24681
0.253136	2.8815	0.245544
0.253409	2.81985	0.243246
0.253683	2.8011	0.246696
0.253956	3.57545	0.245374
0.25423	2.9553	0.24555
0.254503	3.42895	0.24507
0.254776	2.8567	0.243804
0.25505	2.7697	0.248268
0.255323	3.13855	0.244343
0.255597	3.0691	0.244936
0.25587	2.8853	0.243329
0.256143	2.6661	0.242796
0.256417	2.7161	0.242792
0.25669	3.0794	0.242262
0.256964	2.8774	0.245286
0.257237	3.1402	0.24196
0.25751	3.2983	0.243403
0.257784	3.37245	0.244874
0.258057	2.49675	0.245375
0.258331	2.6864	0.272714
0.258604	2.80115	0.286468
0.258878	2.73215	0.299803
0.259151	2.8542	0.308453
0.259424	2.9671	0.320406
0.259698	3.25335	0.333766
0.259971	2.8977	0.351418
0.260245	3.03195	0.363746
0.260518	2.72625	0.362643
0.260791	2.96065	0.383321
0.261065	2.22925	0.391085
0.261338	2.1282	0.40008
0.261612	2.8184	0.321027
0.261885	2.74965	0.305414
0.262158	2.7154	0.296305
0.262432	2.15225	0.295333
0.262705	2.8863	0.2835
0.262979	2.67965	0.280343
0.263252	2.8599	0.27405
0.263525	2.70435	0.270566
0.263799	2.93575	0.270594
0.264072	2.35205	0.266861
0.264346	2.4892	0.268635
0.264619	2.7518	0.267465
0.264892	3.0108	0.264351
0.265166	2.3129	0.265017
0.265439	2.5707	0.263018
0.265713	2.7488	0.264408
0.265986	2.55135	0.263507
0.266259	2.94285	0.263615
0.266533	2.56545	0.26216
0.266806	2.63885	0.263733
0.26708	2.87645	0.260246
0.267353	2.6567	0.260974
0.267626	2.75555	0.261016
0.2679	2.23635	0.262188
0.268173	2.6332	0.259949
0.268447	2.73275	0.261584
0.26872	2.7569	0.258632
0.268993	2.7448	0.261788
0.269267	2.66985	0.259367
0.26954	2.7976	0.258926
0.269814	2.8501	0.257507
0.270087	2.83625	0.254611
0.270361	2.3593	0.254157
0.270634	2.4786	0.253112
0.270907	2.68195	0.253065
0.271181	2.40525	0.252917
0.271454	2.60765	0.250833
0.271728	3.04955	0.248474
0.272001	2.36915	0.247281
0.272274	2.72735	0.246399
0.272548	2.1714	0.245332
0.272821	3.12	0.248095
0.273095	2.47435	0.246796
0.273368	2.47525	0.247512
0.273641	2.6038	0.247733
0.273915	2.5925	0.245406
0.274188	2.3472	0.246367
0.274462	2.5138	0.244978
0.274735	2.80755	0.244516
0.275008	2.4978	0.246623
0.275282	2.41025	0.2478
0.275555	2.5093	0.246031
0.275829	2.48295	0.245803
0.276102	2.769	0.245427
0.276375	2.2448	0.249454
0.276649	2.79405	0.248246
0.276922	2.10505	0.24728
0.277196	2.4044	0.243605
0.277469	2.486	0.244269
0.277742	2.6288	0.246123
0.278016	2.8342	0.245305
0.278289	2.4639	0.244318
0.278563	2.41215	0.245522
0.278836	2.6266	0.244017
0.279109	2.27855	0.24745
0.279383	2.74285	0.248149
0.279656	2.8577	0.245195
0.27993	2.501	0.245424
0.280203	2.3149	0.244814
0.280476	2.50715	0.246695
0.28075	2.52345	0.243915
0.281023	2.0136	0.242436
0.281297	2.11295	0.247401
0.28157	2.21615	0.245364
0.281843	2.6273	0.242802
0.282117	2.22125	0.244184
0.28239	2.3691	0.246438
0.282664	2.63625	0.244311
0.282937	2.42065	0.243457
0.283211	2.4765	0.245449
0.283484	2.22975	0.242525
0.283757	1.99535	0.243666
0.284031	2.71115	0.241755
0.284304	2.43065	0.243952
0.284578	2.613	0.244249
0.284851	2.1392	0.244358
0.285124	2.3757	0.246348
0.285398	2.4703	0.241835
0.285671	2.1803	0.241827
0.285945	1.9981	0.243909
0.286218	2.3394	0.243903
0.286491	2.0697	0.244308
0.286765	1.87665	0.243539
0.287038	2.23905	0.245026
0.287312	2.3222	0.240836
0.287585	2.33985	0.241841
0.287858	2.53695	0.244752
0.288132	2.5168	0.243275
0.288405	1.6728	0.244407
0.288679	2.37305	0.241013
0.288952	2.03345	0.244402
0.289225	2.2652	0.242389
0.289499	2.3894	0.245542
0.289772	2.1704	0.240116
0.290046	2.6639	0.242581
0.290319	2.37965	0.242066
0.290592	2.19745	0.242542
0.290866	1.8437	0.243215
0.291139	2.20465	0.241736
0.291413	1.73715	0.241061
0.291686	2.304	0.239825
0.291959	2.5838	0.240091
0.292233	2.51365	0.240749
0.292506	2.1385	0.241197
0.29278	2.36015	0.243539
0.293053	2.26555	0.240508
0.293326	2.3339	0.242008
0.2936	2.26075	0.241543
0.293873	1.86815	0.24091
0.294147	1.88345	0.240765
0.29442	2.03585	0.240755
0.294693	2.21265	0.241184
0.294967	2.40605	0.239763
0.29524	2.2107	0.241656
0.295514	2.45855	0.24181
0.295787	2.39095	0.243157
0.296061	1.98675	0.240336
0.296334	2.09995	0.239423
0.296607	2.1847	0.239577
0.296881	2.2661	0.240361
0.297154	2.22575	0.241662
0.297428	2.3844	0.240563
0.297701	2.1606	0.241642
0.297974	2.1296	0.240638
0.298248	2.11355	0.241225
0.298521	2.3279	0.240219
0.298795	1.93915	0.240032
0.299068	2.44865	0.240845
0.299341	2.03755	0.239332
0.299615	2.08805	0.240183
0.299888	2.23285	0.240522
0.300162	2.3167	0.240315
0.300435	1.9496	0.238417
0.300708	2.0303	0.237937
0.300982	2.50975	0.240406
0.301255	2.48235	0.237696
0.301529	2.14705	0.239261
0.301802	2.22735	0.23708
0.302075	2.25135	0.238575
0.302349	1.631	0.240376
0.302622	2.084	0.237334
0.302896	2.10215	0.239234
0.303169	2.0981	0.238475
0.303442	2.11345	0.240385
0.303716	2.2404	0.241207
0.303989	2.22325	0.237403
0.304263	2.19115	0.238698
0.304536	2.02425	0.238506
0.304809	1.79695	0.239316
0.305083	2.2763	0.239831
0.305356	2.15285	0.23933
0.30563	1.5883	0.238481
0.305903	2.0131	0.239655
0.306176	1.8783	0.239075
0.30645	2.52545	0.238309
0.306723	1.7457	0.239105
0.306997	1.9923	0.236606
0.30727	2.052	0.236897
0.307543	2.07215	0.238624
0.307817	1.94455	0.238788
0.30809	2.00955	0.239331
0.308364	1.99095	0.235945
0.308637	2.24695	0.23777
0.308911	1.67005	0.239554
0.309184	2.0931	0.239481
0.309457	2.00365	0.234781
0.309731	1.8682	0.23798
0.310004	1.4666	0.238279
0.310278	2.009	0.238497
0.310551	1.9302	0.2367
0.310824	1.64685	0.237398
0.311098	2.2972	0.239548
0.311371	1.8986	0.238807
0.311645	1.87045	0.236626
0.311918	1.9361	0.236568
0.312191	1.982	0.239932
0.312465	2.0278	0.236061
0.312738	2.1928	0.235409
0.313012	1.98715	0.238279
0.313285	2.27485	0.237049
0.313558	1.9457	0.236419
0.313832	1.95425	0.237001
0.314105	1.8799	0.236684
0.314379	2.07715	0.238144
0.314652	1.9638	0.236085
0.314925	2.0967	0.235834
0.315199	1.9114	0.237491
0.315472	2.13765	0.237206
0.315746	2.2793	0.234234
0.316019	1.89375	0.23543
0.316292	1.63705	0.23709
0.316566	2.28775	0.238174
0.316839	1.8057	0.236393
0.317113	2.34575	0.237694
0.317386	2.194	0.236692
0.317659	2.0213	0.234291
0.317933	2.03595	0.236186
0.318206	2.368	0.237236
0.31848	2.1777	0.236025
0.318753	2.1194	0.236753
0.319026	1.92415	0.234146
0.3193	1.8844	0.235864
0.319573	2.0207	0.236771
0.319847	1.6033	0.235139
0.32012	1.90965	0.234744
0.320394	1.6269	0.236949
0.320667	1.95275	0.236877
0.32094	1.9608	0.234016
0.321214	1.95925	0.236042
0.321487	2.28725	0.234811
0.321761	2.20405	0.237486
0.322034	1.80445	0.234992
0.322307	1.9306	0.23352
0.322581	2.22	0.235812
0.322854	1.94125	0.234062
0.323128	1.52925	0.236237
0.323401	1.92125	0.237246
0.323674	1.8852	0.2374
0.323948	1.94855	0.235587
0.324221	1.82525	0.235691
0.324495	1.87165	0.233321
0.324768	2.4279	0.235208
0.325041	2.3608	0.235648
0.325315	2.29765	0.233821
0.325588	1.5211	0.233869
0.325862	1.5151	0.235157
0.326135	1.94435	0.234487
0.326408	1.9429	0.235372
0.326682	1.8896	0.237046
0.326955	1.7936	0.234007
0.327229	1.6358	0.233579
0.327502	1.77755	0.234765
0.327775	1.97255	0.233521
0.328049	2.3445	0.235247
0.328322	2.04295	0.233542
0.328596	1.9678	0.234728
0.328869	1.6188	0.230469
0.329142	1.2973	0.233487
0.329416	1.89455	0.231683
0.329689	2.76015	0.233396
0.329963	2.0344	0.233567
0.330236	1.8531	0.233707
0.330509	1.4774	0.232581
0.330783	2.0623	0.233767
0.331056	2.06885	0.234168
0.33133	1.5311	0.233516
0.331603	1.82935	0.234931
0.331876	1.75475	0.233751
0.33215	1.6469	0.23295
0.332423	1.7486	0.234694
0.332697	1.7196	0.235132
0.33297	1.72555	0.234448
0.333244	1.79505	0.231453
0.333517	1.80955	0.233976
0.33379	1.8086	0.236176
0.334064	2.0072	0.234245
0.334337	1.8083	0.233642
0.334611	1.9653	0.232549
0.334884	1.8445	0.232843
0.335157	2.29825	0.232071
0.335431	1.85	0.234814
0.335704	1.8634	0.233847
0.335978	1.75925	0.232975
0.336251	1.9249	0.231761
0.336524	1.7062	0.231151
0.336798	1.73245	0.233112
0.337071	1.7355	0.233169
0.337345	1.5396	0.232207
0.337618	2.1886	0.232346
0.337891	1.81425	0.230599
0.338165	1.88035	0.231202
0.338438	1.5469	0.233331
0.338712	1.69385	0.230202
0.338985	1.9957	0.231318
0.339258	1.7517	0.23257
0.339532	1.75735	0.231618
0.339805	1.8968	0.233006
0.340079	1.8586	0.233205
0.340352	1.92325	0.232244
0.340625	1.79635	0.23007
0.340899	1.6376	0.232656
0.341172	1.84855	0.231788
0.341446	1.68385	0.233731
0.341719	1.9456	0.231439
0.341992	1.45105	0.232262
0.342266	1.9812	0.231098
0.342539	1.79675	0.232689
0.342813	1.9178	0.233115
0.343086	1.4975	0.23249
0.343359	1.60495	0.231297
0.343633	1.31545	0.231809
0.343906	1.69665	0.232287
0.34418	1.87215	0.232347
0.344453	1.66435	0.230678
0.344726	1.62485	0.23308
0.345	1.797	0.231046
0.345273	1.66095	0.231106
0.345547	2.01605	0.232266
0.34582	1.49675	0.229661
0.346094	1.5309	0.230621
0.346367	1.44355	0.232163
0.34664	1.76225	0.231193
0.346914	1.66995	0.232292
0.347187	1.02865	0.233132
0.347461	1.7419	0.229713
0.347734	1.64935	0.230357
0.348007	1.50545	0.22969
0.348281	1.926	0.230937
0.348554	2.01665	0.230564
0.348828	1.71675	0.230996
0.349101	1.6179	0.229296
0.349374	2.0139	0.231203
0.349648	1.61575	0.230805
0.349921	1.6886	0.231451
0.350195	1.4899	0.232731
0.350468	1.29575	0.232638
0.350741	1.4571	0.23006
0.351015	1.8669	0.232444
0.351288	1.61165	0.227455
0.351562	1.6394	0.228478
0.351835	1.00615	0.230273
0.352108	1.30815	0.231799
0.352382	1.10985	0.229562
0.352655	1.4312	0.23055
0.352929	2.01225	0.231124
0.353202	1.6148	0.23031
0.353475	1.5578	0.229755
0.353749	1.75955	0.231338
0.354022	1.55065	0.229837
0.354296	1.9266	0.231656
0.354569	1.8294	0.230768
0.354842	1.6617	0.229921
0.355116	1.91415	0.231931
0.355389	1.44515	0.229541
0.355663	1.55575	0.229438
0.355936	1.9635	0.230609
0.356209	2.0456	0.231599
0.356483	1.72545	0.230503
0.356756	1.85475	0.230783
0.35703	1.39555	0.229147
0.357303	1.4694	0.230292
0.357577	1.662	0.228537
0.35785	1.71525	0.230668
0.358123	1.5159	0.231067
0.358397	1.82545	0.229701
0.35867	1.47045	0.228503
0.358944	1.69025	0.228354
0.359217	2.0343	0.231562
0.35949	1.38385	0.22842
0.359764	1.67545	0.231283
0.360037	1.67295	0.229115
0.360311	1.6399	0.229474
0.360584	1.50975	0.228779
0.360857	1.47885	0.22802
0.361131	1.278	0.230458
0.361404	1.2891	0.226766
0.361678	1.6589	0.229698
0.361951	1.8674	0.228381
0.362224	1.7145	0.230286
0.362498	1.4222	0.231496
0.362771	1.41395	0.228391
0.363045	1.36155	0.229473
0.363318	1.07405	0.2305
0.363591	1.7473	0.22695
0.363865	1.38075	0.228789
0.364138	1.98485	0.230327
0.364412	1.60865	0.229867
0.364685	1.76125	0.231606
0.364958	1.9604	0.229582
0.365232	1.61565	0.228478
0.365505	1.299	0.227266
0.365779	1.7024	0.229028
0.366052	1.5635	0.228091
0.366325	1.84325	0.229444
0.366599	1.53425	0.229027
0.366872	1.49065	0.22993
0.367146	1.18865	0.229325
0.367419	1.8862	0.229044
0.367692	1.4492	0.228444
0.367966	1.7667	0.230037
0.368239	1.55675	0.228604
0.368513	1.02095	0.227335
0.368786	1.9039	0.229561
0.369059	1.6636	0.227496
0.369333	1.5241	0.229389
0.369606	1.80055	0.230665
0.36988	1.6664	0.229164
0.370153	1.4181	0.228473
0.370427	1.3798	0.227826
0.3707	1.8849	0.226943
0.370973	1.5133	0.23119
0.371247	1.789	0.229807
0.37152	1.796	0.228276
0.371794	1.1121	0.229279
0.372067	1.37795	0.229586
0.37234	1.7107	0.229451
0.372614	1.3351	0.228829
0.372887	1.93515	0.231313
0.373161	1.2304	0.230539
0.373434	1.61045	0.225727
0.373707	1.50045	0.228297
0.373981	1.2079	0.227225
0.374254	1.5162	0.230361
0.374528	1.6592	0.227956
0.374801	1.6556	0.227516
0.375074	1.4539	0.230168
0.375348	1.6429	0.227897
0.375621	1.5536	0.228275
0.375895	1.252	0.229074
0.376168	1.4572	0.229979
0.376441	1.55345	0.22864
0.376715	1.44345	0.22986
0.376988	1.7383	0.229486
0.377262	1.2982	0.227693
0.377535	1.63965	0.227726
0.377808	1.6635	0.229321
0.378082	1.86615	0.227617
0.378355	1.4444	0.228925
0.378629	1.527	0.229524
0.378902	1.66135	0.22651
0.379175	1.46095	0.228283
0.379449	1.38775	0.228608
0.379722	1.6941	0.228699
0.379996	1.5698	0.227906
0.380269	1.4672	0.228054
0.380542	1.654	0.227189
0.380816	1.69055	0.228816
0.381089	1.08065	0.228312
0.381363	1.49515	0.228187
0.381636	1.49455	0.22663
0.381909	1.5401	0.223757
0.382183	1.11165	0.229215
0.382456	1.83055	0.227164
0.38273	1.36165	0.226808
0.383003	1.42705	0.227718
0.383277	1.3505	0.227701
0.38355	1.36955	0.229333
0.383823	1.30815	0.228806
0.384097	1.6442	0.226993
0.38437	1.57925	0.227721
0.384644	1.48015	0.226121
0.384917	1.30265	0.228741
0.38519	1.2397	0.226727
0.385464	1.4218	0.228475
0.385737	1.38385	0.228258
0.386011	1.29415	0.228619
0.386284	1.38465	0.226836
0.386557	1.33485	0.227505
0.386831	1.429	0.224986
0.387104	1.09485	0.226759
0.387378	1.51865	0.228134
0.387651	1.4189	0.226876
0.387924	1.4472	0.225503
0.388198	1.06225	0.228388
0.388471	1.14935	0.226379
0.388745	1.0938	0.227268
0.389018	1.58805	0.22878
0.389291	1.5523	0.225492
0.389565	1.5561	0.227476
0.389838	1.4377	0.226043
0.390112	1.2678	0.225736
0.390385	1.32955	0.224571
0.390658	1.2801	0.223894
0.390932	1.6346	0.226513
0.391205	1.83775	0.227989
0.391479	1.3592	0.228841
0.391752	1.00655	0.228465
0.392025	1.6384	0.227332
0.392299	1.24895	0.226423
0.392572	1.31515	0.225193
0.392846	1.12195	0.224682
0.393119	1.384	0.224956
0.393392	1.5255	0.224635
0.393666	1.7173	0.262834
0.393939	1.3535	0.276683
0.394213	1.46425	0.289684
0.394486	1.2638	0.310992
0.394759	1.2017	0.334495
0.395033	1.49575	0.347831
0.395306	1.6401	0.365632
0.39558	1.52665	0.368276
0.395853	1.6983	0.387504
0.396127	1.5513	0.406641
0.3964	1.62415	0.299289
0.396673	1.04955	0.283923
0.396947	1.49625	0.271115
0.39722	1.512	0.263902
0.397494	1.0887	0.258206
0.397767	0.9636	0.254012
0.39804	1.75185	0.254003
0.398314	1.0126	0.250911
0.398587	1.16	0.251135
0.398861	1.8427	0.250789
0.399134	1.1829	0.248095
0.399407	1.23605	0.246881
0.399681	1.4797	0.243426
0.399954	1.1694	0.247936
0.400228	1.31255	0.246353
0.400501	1.5026	0.246866
0.400774	1.56505	0.243874
0.401048	1.3242	0.240514
0.401321	1.6297	0.239851
0.401595	1.42155	0.236395
0.401868	1.0983	0.237493
0.402141	1.6992	0.232337
0.402415	1.0811	0.234515
0.402688	1.07815	0.231034
0.402962	1.65265	0.229826
0.403235	1.3615	0.229044
0.403508	1.37525	0.228607
0.403782	1.42015	0.226328
0.404055	1.35015	0.228503
0.404329	1.3142	0.228184
0.404602	1.44125	0.224135
0.404875	1.25435	0.228277
0.405149	1.1991	0.225177
0.405422	1.437	0.227232
0.405696	1.3963	0.226563
0.405969	1.22815	0.225362
0.406242	1.19245	0.227141
0.406516	1.48565	0.225002
0.406789	1.63185	0.226128
0.407063	1.38585	0.225157
0.407336	1.759	0.226873
0.40761	1.2243	0.227036
0.407883	1.03805	0.226348
0.408156	1.3519	0.226265
0.40843	1.3099	0.226719
0.408703	1.23875	0.225865
0.408977	1.4527	0.226063
0.40925	1.439	0.226831
0.409523	1.53595	0.226306
0.409797	1.3549	0.22432
0.41007	1.23335	0.227401
0.410344	1.28225	0.226223
0.410617	1.14535	0.226342
0.41089	1.3968	0.226412
0.411164	1.4386	0.223089
0.411437	1.32105	0.226352
0.411711	1.18365	0.226663
0.411984	1.47735	0.225159
0.412257	1.2943	0.22447
0.412531	1.42725	0.222464
0.412804	1.62365	0.22581
0.413078	0.95815	0.224816
0.413351	1.44215	0.224089
0.413624	1.41865	0.22569
0.413898	1.4515	0.225319
0.414171	1.3885	0.224843
0.414445	1.28275	0.226028
0.414718	1.2242	0.225053
0.414991	1.6034	0.224423
0.415265	1.58035	0.2237
0.415538	1.4897	0.224769
0.415812	1.47285	0.225002
0.416085	1.28355	0.221252
0.416358	1.45635	0.225198
0.416632	1.42125	0.223852
0.416905	1.176	0.223613
0.417179	1.55885	0.225682
0.417452	1.3599	0.223265
0.417725	1.38565	0.224149
0.417999	1.095	0.22415
0.418272	1.1113	0.223772
0.418546	1.4747	0.225652
0.418819	1.56365	0.224302
0.419092	1.5166	0.223271
0.419366	1.02095	0.222121
0.419639	1.01595	0.226189
0.419913	1.4847	0.221848
0.420186	1.42455	0.223626
0.42046	1.0855	0.223172
0.420733	1.33845	0.224627
0.421006	1.0415	0.223486
0.42128	1.25295	0.222472
0.421553	1.4873	0.22574
0.421827	1.6747	0.222216
0.4221	1.1262	0.223607
0.422373	1.2545	0.223213
0.422647	1.82525	0.222568
0.42292	1.2508	0.222788
0.423194	1.4916	0.221921
0.423467	1.5747	0.22472
0.42374	1.31845	0.222567
0.424014	1.1606	0.223282
0.424287	1.5554	0.222773
0.424561	1.15225	0.223337
0.424834	1.35235	0.222041
0.425107	1.4679	0.223234
0.425381	1.1738	0.222404
0.425654	1.4286	0.222133
0.425928	1.12795	0.224121
0.426201	1.03825	0.221445
0.426474	1.3502	0.222251
0.426748	1.52655	0.221838
0.427021	1.22625	0.224396
0.427295	1.4205	0.222617
0.427568	1.26745	0.220986
0.427841	1.51335	0.223322
0.428115	1.4159	0.222038
0.428388	1.93695	0.220709
0.428662	1.29555	0.221295
0.428935	1.50475	0.221656
0.429208	1.6093	0.221168
0.429482	1.2603	0.219393
0.429755	1.062	0.22165
0.430029	1.3198	0.220643
0.430302	1.33385	0.221689
0.430575	1.6729	0.218881
0.430849	1.0516	0.222223
0.431122	0.75675	0.220295
0.431396	1.0793	0.221715
0.431669	0.71975	0.222316
0.431942	1.63	0.221115
0.432216	1.46715	0.221176
0.432489	1.5019	0.221576
0.432763	1.12895	0.222569
0.433036	1.17805	0.218752
0.43331	1.61935	0.221917
0.433583	1.1321	0.220543
0.433856	1.44455	0.22028
0.43413	1.37435	0.221328
0.434403	1.1044	0.222558
0.434677	1.2465	0.219411
0.43495	1.12935	0.220158
0.435223	1.1096	0.219782
0.435497	1.39185	0.219524
0.43577	1.61645	0.219074
0.436044	0.8887	0.217608
0.436317	1.0889	0.2216
0.43659	1.38	0.219435
0.436864	1.4535	0.220239
0.437137	1.28625	0.219594
0.437411	1.2574	0.221013
0.437684	1.4683	0.21964
0.437957	1.56015	0.219283
0.438231	1.4616	0.220399
0.438504	1.285	0.220395
0.438778	1.08255	0.218433
0.439051	1.05425	0.21817
0.439324	1.45835	0.219594
0.439598	1.56425	0.220926
0.439871	1.37535	0.217125
0.440145	1.6686	0.220326
0.440418	1.81405	0.21909
0.440691	1.44445	0.221841
0.440965	1.282	0.220425
0.441238	1.21495	0.220038
0.441512	1.18	0.218423
0.441785	1.19545	0.219653
0.442058	1.4124	0.219414
0.442332	1.0574	0.220626
0.442605	1.22885	0.219793
0.442879	1.47045	0.217584
0.443152	1.22395	0.216823
0.443425	1.1994	0.220884
0.443699	1.30635	0.218108
0.443972	1.3506	0.219293
0.444246	1.298	0.219192
0.444519	1.16075	0.22108
0.444792	1.1816	0.217709
0.445066	1.1669	0.220531
0.445339	1.4291	0.219463
0.445613	1.48	0.217466
0.445886	1.50865	0.217612
0.44616	0.947	0.219351
0.446433	1.3687	0.218778
0.446706	1.1968	0.217257
0.44698	0.97695	0.217647
0.447253	1.25525	0.219148
0.447527	1.19205	0.216453
0.4478	0.75795	0.215243
0.448073	1.0916	0.217481
0.448347	1.18765	0.219654
0.44862	1.16585	0.217479
0.448894	1.2429	0.218783
0.449167	1.3154	0.218316
0.44944	1.4903	0.218436
0.449714	1.2985	0.218675
0.449987	1.3881	0.218322
0.450261	1.2411	0.216969
0.450534	1.47705	0.21663
0.450807	1.2105	0.218321
0.451081	1.3451	0.219379
0.451354	1.6452	0.221612
0.451628	0.9773	0.216797
0.451901	1.12225	0.217271
0.452174	1.6513	0.218969
0.452448	1.4242	0.216177
0.452721	0.7701	0.218959
0.452995	0.90295	0.217482
0.453268	1.52095	0.216594
0.453541	1.22245	0.21778
0.453815	1.0231	0.217004
0.454088	1.2227	0.217133
0.454362	1.07115	0.215083
0.454635	1.04735	0.219299
0.454908	1.34415	0.216343
0.455182	1.1716	0.218045
0.455455	1.11225	0.215529
0.455729	0.8395	0.218472
0.456002	1.1566	0.217333
0.456275	1.0948	0.219261
0.456549	1.20815	0.216872
0.456822	1.00655	0.215744
0.457096	1.2174	0.215767
0.457369	1.17655	0.215955
0.457643	1.0607	0.218413
0.457916	1.184	0.217439
0.458189	1.04415	0.217917
0.458463	1.31595	0.217382
0.458736	1.29315	0.21732
0.45901	1.12145	0.218307
0.459283	1.1119	0.218238
0.459556	1.15495	0.218083
0.45983	1.0162	0.21906
0.460103	1.33685	0.219468
0.460377	0.95335	0.219099
0.46065	1.1857	0.218036
0.460923	0.86205	0.218214
0.461197	1.39945	0.217739
0.46147	1.3445	0.216741
0.461744	1.1582	0.217303
0.462017	1.0198	0.216892
0.46229	1.1385	0.216703
0.462564	1.1888	0.21597
0.462837	0.8809	0.219336
0.463111	1.18425	0.217965
0.463384	1.1743	0.219006
0.463657	0.86135	0.216782
0.463931	1.3118	0.215746
0.464204	0.81865	0.215589
0.464478	0.87565	0.214437
0.464751	1.19855	0.215732
0.465024	1.5497	0.216323
0.465298	1.0344	0.214871
0.465571	1.23	0.215542
0.465845	1.08975	0.218268
0.466118	1.6538	0.215601
0.466391	1.01385	0.212998
0.466665	0.9516	0.214113
0.466938	1.4572	0.213428
0.467212	1.2956	0.214899
0.467485	1.03365	0.21332
0.467758	1.31695	0.214661
0.468032	1.09205	0.214945
0.468305	0.9921	0.21684
0.468579	1.2452	0.216813
0.468852	1.28925	0.214864
0.469125	0.9526	0.213711
0.469399	1.1628	0.217024
0.469672	0.86855	0.21604
0.469946	1.13665	0.214255
0.470219	1.21935	0.216166
0.470493	1.45625	0.214921
0.470766	1.30485	0.215911
0.471039	1.33145	0.214604
0.471313	1.28915	0.216106
0.471586	1.274	0.215398
0.47186	1.04095	0.218143
0.472133	1.0682	0.217765
0.472406	0.99245	0.213717
0.47268	1.61245	0.216289
0.472953	1.28985	0.216452
0.473227	1.4946	0.216696
0.4735	0.76045	0.214735
0.473773	1.2357	0.213956
0.474047	0.74865	0.216114
0.47432	1.1498	0.217713
0.474594	1.08865	0.216679
0.474867	1.22265	0.214386
0.47514	0.8781	0.215995
0.475414	0.86435	0.214711
0.475687	1.13945	0.21685
0.475961	1.53915	0.217695
0.476234	1.0364	0.214834
0.476507	1.256	0.214942
0.476781	1.218	0.214929
0.477054	0.90875	0.216154
0.477328	0.8353	0.214491
0.477601	0.9908	0.216671
0.477874	0.92085	0.215801
0.478148	1.02445	0.216503
0.478421	0.92235	0.216989
0.478695	1.09175	0.217758
0.478968	0.8306	0.216542
0.479241	1.1406	0.216628
0.479515	1.24535	0.214384
0.479788	1.03675	0.217851
0.480062	1.06065	0.215443
0.480335	1.1194	0.216618
0.480608	1.0009	0.216284
0.480882	1.23265	0.213611
0.481155	1.09405	0.216091
0.481429	1.1708	0.215857
0.481702	1.1462	0.215105
0.481975	0.98975	0.215556
0.482249	1.2177	0.216365
0.482522	0.99025	0.214721
0.482796	1.0063	0.217973
0.483069	1.2094	0.214315
0.483343	0.9835	0.214637
0.483616	0.992	0.215275
0.483889	1.095	0.215551
0.484163	1.1102	0.216816
0.484436	1.1181	0.213383
0.48471	1.1581	0.214164
0.484983	1.08455	0.216531
0.485256	1.02415	0.214806
0.48553	1.18175	0.215004
0.485803	1.16545	0.214693
0.486077	0.70435	0.215708
0.48635	1.1563	0.215057
0.486623	1.13245	0.215315
0.486897	1.3361	0.215198
0.48717	1.43925	0.214961
0.487444	1.381	0.215222
0.487717	0.7682	0.213171
0.48799	0.72375	0.214242
0.488264	1.4792	0.218735
0.488537	1.0694	0.214299
0.488811	1.07285	0.218024
0.489084	1.10235	0.215338
0.489357	0.97655	0.215617
0.489631	1.4234	0.215056
0.489904	1.4625	0.214691
0.490178	0.98605	0.215167
0.490451	1.10895	0.212472
0.490724	0.7496	0.21527
0.490998	1.0396	0.215202
0.491271	0.9576	0.214545
0.491545	1.2745	0.214699
0.491818	1.4759	0.215753
0.492091	1.1784	0.2146
0.492365	1.32475	0.215255
0.492638	1.3519	0.215322
0.492912	1.31925	0.216183
0.493185	0.93975	0.214795
0.493458	1.18525	0.214914
0.493732	1.18655	0.21437
0.494005	1.0587	0.217397
0.494279	0.94255	0.216195
0.494552	1.51315	0.213564
0.494825	1.01255	0.216093
0.495099	1.2125	0.21447
0.495372	1.2299	0.21369
0.495646	1.3148	0.213428
0.495919	1.1028	0.214326
0.496193	0.7953	0.214926
0.496466	1.2344	0.215977
0.496739	1.33195	0.216114
0.497013	1.24315	0.214692
0.497286	1.3804	0.215484
0.49756	1.00455	0.213984
0.497833	1.2273	0.214349
0.498106	1.16695	0.216035
0.49838	1.26605	0.215827
0.498653	1.40135	0.217381
0.498927	1.067	0.213728
0.4992	1.0304	0.214524
0.499473	1.09145	0.215366
0.499747	0.8794	0.215395
