# DATA=SAXS
 0.109549E+00  0.757595E+02  0.974009E+01
 0.111833E+00  0.686629E+02  0.825814E+01
 0.114117E+00  0.586381E+02  0.717363E+01
 0.116401E+00  0.515790E+02  0.650463E+01
 0.118685E+00  0.508580E+02  0.597852E+01
 0.120969E+00  0.497345E+02  0.547063E+01
 0.123252E+00  0.538441E+02  0.496855E+01
 0.125536E+00  0.580769E+02  0.461302E+01
 0.127820E+00  0.574555E+02  0.432680E+01
 0.130104E+00  0.549920E+02  0.412633E+01
 0.132388E+00  0.549820E+02  0.384551E+01
 0.134672E+00  0.587003E+02  0.359017E+01
 0.136955E+00  0.562890E+02  0.343738E+01
 0.139239E+00  0.588445E+02  0.327754E+01
 0.141523E+00  0.621896E+02  0.309422E+01
 0.143807E+00  0.587819E+02  0.291830E+01
 0.146091E+00  0.594002E+02  0.281408E+01
 0.148375E+00  0.584599E+02  0.271688E+01
 0.150658E+00  0.556633E+02  0.257618E+01
 0.152942E+00  0.515032E+02  0.249078E+01
 0.155226E+00  0.530233E+02  0.233771E+01
 0.157510E+00  0.538587E+02  0.229100E+01
 0.159794E+00  0.533896E+02  0.219793E+01
 0.162077E+00  0.525744E+02  0.206024E+01
 0.164361E+00  0.503020E+02  0.196070E+01
 0.166645E+00  0.480577E+02  0.184378E+01
 0.168929E+00  0.477016E+02  0.179442E+01
 0.171213E+00  0.500025E+02  0.170535E+01
 0.173497E+00  0.489292E+02  0.162752E+01
 0.175780E+00  0.485636E+02  0.156531E+01
 0.178064E+00  0.474670E+02  0.149598E+01
 0.180348E+00  0.446160E+02  0.142847E+01
 0.182632E+00  0.457525E+02  0.136762E+01
 0.184916E+00  0.460434E+02  0.135045E+01
 0.187200E+00  0.466273E+02  0.128724E+01
 0.189483E+00  0.463868E+02  0.124069E+01
 0.191767E+00  0.450593E+02  0.120401E+01
 0.194051E+00  0.438283E+02  0.115413E+01
 0.196335E+00  0.429943E+02  0.114598E+01
 0.198619E+00  0.434716E+02  0.108288E+01
 0.200903E+00  0.442271E+02  0.105308E+01
 0.203186E+00  0.418735E+02  0.101931E+01
 0.205470E+00  0.409745E+02  0.994264E+00
 0.207754E+00  0.402322E+02  0.983379E+00
 0.210038E+00  0.399602E+02  0.937511E+00
 0.212322E+00  0.412205E+02  0.918273E+00
 0.214606E+00  0.396840E+02  0.861854E+00
 0.216889E+00  0.384749E+02  0.822843E+00
 0.219173E+00  0.383550E+02  0.802645E+00
 0.221457E+00  0.375710E+02  0.755821E+00
 0.223741E+00  0.376426E+02  0.745743E+00
 0.226025E+00  0.378218E+02  0.714077E+00
 0.228309E+00  0.374776E+02  0.693864E+00
 0.230592E+00  0.366474E+02  0.672809E+00
 0.232876E+00  0.357943E+02  0.633888E+00
 0.235160E+00  0.360406E+02  0.619363E+00
 0.237444E+00  0.363599E+02  0.589776E+00
 0.239728E+00  0.358283E+02  0.573721E+00
 0.242012E+00  0.348025E+02  0.558253E+00
 0.244295E+00  0.342367E+02  0.546603E+00
 0.246579E+00  0.351676E+02  0.540011E+00
 0.248863E+00  0.341447E+02  0.524029E+00
 0.251147E+00  0.334273E+02  0.516950E+00
 0.253431E+00  0.332686E+02  0.506190E+00
 0.255715E+00  0.326563E+02  0.497798E+00
 0.257998E+00  0.325391E+02  0.492742E+00
 0.260282E+00  0.317935E+02  0.481277E+00
 0.262566E+00  0.312451E+02  0.478499E+00
 0.264850E+00  0.308482E+02  0.466610E+00
 0.267134E+00  0.310050E+02  0.461165E+00
 0.269418E+00  0.306156E+02  0.456330E+00
 0.271701E+00  0.301415E+02  0.448699E+00
 0.273985E+00  0.292336E+02  0.445545E+00
 0.276269E+00  0.294541E+02  0.433524E+00
 0.278553E+00  0.291255E+02  0.431422E+00
 0.280837E+00  0.287364E+02  0.427752E+00
 0.283121E+00  0.287369E+02  0.422544E+00
 0.285404E+00  0.290109E+02  0.420008E+00
 0.287688E+00  0.292706E+02  0.408730E+00
 0.289972E+00  0.287303E+02  0.408267E+00
 0.292256E+00  0.277799E+02  0.402470E+00
 0.294540E+00  0.272663E+02  0.397597E+00
 0.296824E+00  0.269335E+02  0.393157E+00
 0.299107E+00  0.270795E+02  0.385552E+00
 0.301391E+00  0.267439E+02  0.386499E+00
 0.303675E+00  0.261898E+02  0.379419E+00
 0.305959E+00  0.255903E+02  0.376823E+00
 0.308243E+00  0.252195E+02  0.373043E+00
 0.310527E+00  0.246157E+02  0.368614E+00
 0.312810E+00  0.244711E+02  0.365925E+00
 0.315094E+00  0.244477E+02  0.360425E+00
 0.317378E+00  0.244249E+02  0.358064E+00
 0.319662E+00  0.243095E+02  0.353937E+00
 0.321946E+00  0.236465E+02  0.350881E+00
 0.324230E+00  0.229277E+02  0.348307E+00
 0.326513E+00  0.230106E+02  0.343240E+00
 0.328797E+00  0.229062E+02  0.342158E+00
 0.331081E+00  0.226249E+02  0.337600E+00
 0.333365E+00  0.224314E+02  0.335517E+00
 0.335649E+00  0.214557E+02  0.330613E+00
 0.337933E+00  0.211643E+02  0.328835E+00
 0.340216E+00  0.209790E+02  0.326804E+00
 0.342500E+00  0.213626E+02  0.323150E+00
 0.344784E+00  0.215577E+02  0.322721E+00
 0.347068E+00  0.208326E+02  0.317975E+00
 0.349352E+00  0.209856E+02  0.315476E+00
 0.351636E+00  0.207066E+02  0.311704E+00
 0.353919E+00  0.204289E+02  0.308197E+00
 0.356203E+00  0.200962E+02  0.307902E+00
 0.358487E+00  0.197827E+02  0.304944E+00
 0.360771E+00  0.200288E+02  0.303342E+00
 0.363055E+00  0.204437E+02  0.300684E+00
 0.365339E+00  0.194779E+02  0.297734E+00
 0.367622E+00  0.196376E+02  0.296696E+00
 0.369906E+00  0.193441E+02  0.293127E+00
 0.372190E+00  0.188264E+02  0.293074E+00
 0.374474E+00  0.183284E+02  0.288226E+00
 0.376758E+00  0.184104E+02  0.286964E+00
 0.379042E+00  0.179845E+02  0.288199E+00
 0.381325E+00  0.176704E+02  0.282270E+00
 0.383609E+00  0.181229E+02  0.282278E+00
 0.385893E+00  0.180557E+02  0.279444E+00
 0.388177E+00  0.176182E+02  0.278809E+00
 0.390461E+00  0.173087E+02  0.277089E+00
 0.392744E+00  0.170221E+02  0.273157E+00
 0.395028E+00  0.171398E+02  0.274398E+00
 0.397312E+00  0.172321E+02  0.271287E+00
 0.399596E+00  0.171905E+02  0.271305E+00
 0.401880E+00  0.166453E+02  0.267789E+00
 0.404164E+00  0.163956E+02  0.265199E+00
 0.406447E+00  0.165102E+02  0.265454E+00
 0.408731E+00  0.163580E+02  0.262314E+00
 0.411015E+00  0.163504E+02  0.262886E+00
 0.413299E+00  0.164736E+02  0.259903E+00
 0.415583E+00  0.160833E+02  0.259302E+00
 0.417867E+00  0.156049E+02  0.258817E+00
 0.420150E+00  0.149527E+02  0.254657E+00
 0.422434E+00  0.147457E+02  0.255296E+00
 0.424718E+00  0.146962E+02  0.252372E+00
 0.427002E+00  0.142456E+02  0.252762E+00
 0.429286E+00  0.145902E+02  0.250684E+00
 0.431570E+00  0.146346E+02  0.248081E+00
 0.433853E+00  0.143713E+02  0.248860E+00
 0.436137E+00  0.143273E+02  0.246733E+00
 0.438421E+00  0.140978E+02  0.246319E+00
 0.440705E+00  0.140382E+02  0.243753E+00
 0.442989E+00  0.141351E+02  0.242325E+00
 0.445273E+00  0.141196E+02  0.243193E+00
 0.447556E+00  0.140881E+02  0.240996E+00
 0.449840E+00  0.139220E+02  0.240633E+00
 0.452124E+00  0.135877E+02  0.238010E+00
 0.454408E+00  0.133565E+02  0.236843E+00
 0.456692E+00  0.131473E+02  0.236879E+00
 0.458976E+00  0.128512E+02  0.233928E+00
 0.461259E+00  0.126583E+02  0.233711E+00
 0.463543E+00  0.127653E+02  0.231785E+00
 0.465827E+00  0.126188E+02  0.232345E+00
 0.468111E+00  0.124689E+02  0.230801E+00
 0.470395E+00  0.125617E+02  0.228904E+00
 0.472679E+00  0.122932E+02  0.229524E+00
 0.474962E+00  0.123211E+02  0.227769E+00
 0.477246E+00  0.120437E+02  0.227718E+00
 0.479530E+00  0.120808E+02  0.226495E+00
 0.481814E+00  0.119268E+02  0.226591E+00
 0.484098E+00  0.116225E+02  0.229663E+00
 0.486382E+00  0.119771E+02  0.229196E+00
 0.488665E+00  0.117693E+02  0.229702E+00
 0.490949E+00  0.117771E+02  0.228362E+00
 0.493233E+00  0.114446E+02  0.228762E+00
 0.495517E+00  0.110167E+02  0.229300E+00
 0.497801E+00  0.112695E+02  0.229027E+00
 0.500085E+00  0.115005E+02  0.229246E+00
 0.502368E+00  0.113791E+02  0.227794E+00
 0.504652E+00  0.111967E+02  0.228278E+00
 0.506936E+00  0.111777E+02  0.227621E+00
 0.509220E+00  0.109575E+02  0.227488E+00
 0.511504E+00  0.106498E+02  0.227888E+00
 0.513788E+00  0.104129E+02  0.226315E+00
 0.516071E+00  0.108370E+02  0.226525E+00
 0.518355E+00  0.106729E+02  0.225360E+00
 0.520639E+00  0.106477E+02  0.225092E+00
 0.522923E+00  0.103018E+02  0.225357E+00
 0.525207E+00  0.101129E+02  0.224506E+00
 0.527491E+00  0.971817E+01  0.225044E+00
 0.529774E+00  0.995399E+01  0.222869E+00
 0.532058E+00  0.100134E+02  0.224216E+00
 0.534342E+00  0.100695E+02  0.223756E+00
 0.536626E+00  0.102459E+02  0.222787E+00
 0.538910E+00  0.994001E+01  0.222700E+00
 0.541194E+00  0.968388E+01  0.222082E+00
 0.543477E+00  0.962482E+01  0.222768E+00
 0.545761E+00  0.939573E+01  0.221075E+00
 0.548045E+00  0.959573E+01  0.220677E+00
 0.550329E+00  0.960921E+01  0.220098E+00
 0.552613E+00  0.948297E+01  0.219283E+00
 0.554897E+00  0.897630E+01  0.220213E+00
 0.557180E+00  0.895224E+01  0.218475E+00
 0.559464E+00  0.882603E+01  0.218652E+00
 0.561748E+00  0.890994E+01  0.218068E+00
 0.564032E+00  0.894221E+01  0.218790E+00
 0.566316E+00  0.886449E+01  0.218816E+00
 0.568600E+00  0.877245E+01  0.217186E+00
 0.570883E+00  0.881391E+01  0.217993E+00
 0.573167E+00  0.883711E+01  0.216118E+00
 0.575451E+00  0.866158E+01  0.216559E+00
 0.577735E+00  0.872002E+01  0.216439E+00
 0.580019E+00  0.863613E+01  0.214577E+00
 0.582303E+00  0.885779E+01  0.217534E+00
 0.584586E+00  0.874334E+01  0.215706E+00
 0.586870E+00  0.838430E+01  0.215248E+00
 0.589154E+00  0.806380E+01  0.213480E+00
 0.591438E+00  0.789002E+01  0.213177E+00
 0.593722E+00  0.785499E+01  0.214440E+00
 0.596006E+00  0.796485E+01  0.212765E+00
 0.598289E+00  0.810891E+01  0.213592E+00
 0.600573E+00  0.802511E+01  0.212021E+00
 0.602857E+00  0.780742E+01  0.212872E+00
 0.605141E+00  0.770318E+01  0.212970E+00
 0.607425E+00  0.795146E+01  0.210668E+00
 0.609709E+00  0.744037E+01  0.212033E+00
 0.611992E+00  0.752896E+01  0.210900E+00
 0.614276E+00  0.744197E+01  0.210586E+00
 0.616560E+00  0.770594E+01  0.211525E+00
 0.618844E+00  0.785631E+01  0.209532E+00
 0.621128E+00  0.766653E+01  0.211140E+00
 0.623412E+00  0.747239E+01  0.209623E+00
 0.625695E+00  0.698918E+01  0.209518E+00
 0.627979E+00  0.739010E+01  0.208976E+00
 0.630263E+00  0.745131E+01  0.209133E+00
 0.632547E+00  0.740173E+01  0.209512E+00
 0.634831E+00  0.699421E+01  0.207993E+00
 0.637114E+00  0.703171E+01  0.208214E+00
 0.639398E+00  0.708278E+01  0.208294E+00
 0.641682E+00  0.679472E+01  0.207206E+00
 0.643966E+00  0.665390E+01  0.207646E+00
 0.646250E+00  0.668119E+01  0.205156E+00
 0.648534E+00  0.710887E+01  0.207238E+00
 0.650817E+00  0.715561E+01  0.206401E+00
 0.653101E+00  0.699648E+01  0.206835E+00
 0.655385E+00  0.692174E+01  0.206134E+00
 0.657669E+00  0.693352E+01  0.204972E+00
 0.659953E+00  0.691448E+01  0.205857E+00
 0.662237E+00  0.667288E+01  0.204444E+00
 0.664520E+00  0.668330E+01  0.204495E+00
 0.666804E+00  0.680867E+01  0.204220E+00
 0.669088E+00  0.704732E+01  0.204359E+00
 0.671372E+00  0.683527E+01  0.204275E+00
 0.673656E+00  0.652835E+01  0.202574E+00
 0.675940E+00  0.638783E+01  0.203419E+00
 0.678223E+00  0.621335E+01  0.203711E+00
 0.680507E+00  0.642745E+01  0.202827E+00
 0.682791E+00  0.633048E+01  0.202874E+00
 0.685075E+00  0.597225E+01  0.200810E+00
 0.687359E+00  0.615518E+01  0.201971E+00
 0.689643E+00  0.623783E+01  0.201772E+00
 0.691926E+00  0.610613E+01  0.201356E+00
 0.694210E+00  0.617273E+01  0.201383E+00
 0.696494E+00  0.617767E+01  0.200562E+00
 0.698778E+00  0.626164E+01  0.201091E+00
 0.701062E+00  0.596027E+01  0.199573E+00
 0.703346E+00  0.576011E+01  0.199577E+00
 0.705629E+00  0.591151E+01  0.200059E+00
 0.707913E+00  0.598255E+01  0.199073E+00
 0.710197E+00  0.584831E+01  0.200126E+00
 0.712481E+00  0.594560E+01  0.198158E+00
 0.714765E+00  0.588706E+01  0.197822E+00
 0.717049E+00  0.591667E+01  0.198660E+00
 0.719332E+00  0.596880E+01  0.197788E+00
 0.721616E+00  0.587767E+01  0.197923E+00
 0.723900E+00  0.572745E+01  0.196946E+00
 0.726184E+00  0.545149E+01  0.197448E+00
 0.728468E+00  0.543817E+01  0.196629E+00
 0.730752E+00  0.517212E+01  0.196505E+00
 0.733035E+00  0.553012E+01  0.196398E+00
 0.735319E+00  0.567697E+01  0.196105E+00
 0.737603E+00  0.566025E+01  0.196542E+00
 0.739887E+00  0.568313E+01  0.195002E+00
 0.742171E+00  0.562205E+01  0.195271E+00
 0.744455E+00  0.570386E+01  0.194334E+00
 0.746738E+00  0.548202E+01  0.194591E+00
 0.749022E+00  0.551629E+01  0.195261E+00
 0.751306E+00  0.568429E+01  0.194735E+00
 0.753590E+00  0.553588E+01  0.194294E+00
 0.755874E+00  0.535336E+01  0.193195E+00
 0.758158E+00  0.515257E+01  0.193386E+00
 0.760441E+00  0.520572E+01  0.192898E+00
 0.762725E+00  0.530445E+01  0.192672E+00
 0.765009E+00  0.543562E+01  0.193705E+00
 0.767293E+00  0.522123E+01  0.192538E+00
 0.769577E+00  0.497480E+01  0.192547E+00
 0.771861E+00  0.518216E+01  0.191583E+00
 0.774144E+00  0.536782E+01  0.191492E+00
 0.776428E+00  0.524804E+01  0.191444E+00
 0.778712E+00  0.525684E+01  0.191126E+00
 0.780996E+00  0.504150E+01  0.190770E+00
 0.783280E+00  0.483533E+01  0.189993E+00
 0.785564E+00  0.482398E+01  0.190680E+00
 0.787847E+00  0.483799E+01  0.190243E+00
 0.790131E+00  0.490454E+01  0.104064E+00
 0.792415E+00  0.498635E+01  0.103008E+00
 0.794699E+00  0.494913E+01  0.102977E+00
 0.796983E+00  0.487599E+01  0.103208E+00
 0.799267E+00  0.481854E+01  0.102617E+00
 0.801550E+00  0.481323E+01  0.102283E+00
 0.803834E+00  0.476776E+01  0.102622E+00
 0.806118E+00  0.486675E+01  0.102443E+00
 0.808402E+00  0.475768E+01  0.102548E+00
 0.810686E+00  0.467221E+01  0.101719E+00
 0.812970E+00  0.444287E+01  0.101771E+00
 0.815253E+00  0.431111E+01  0.101898E+00
 0.817537E+00  0.441500E+01  0.101560E+00
 0.819821E+00  0.454444E+01  0.101758E+00
 0.822105E+00  0.439591E+01  0.101183E+00
 0.824389E+00  0.445578E+01  0.101609E+00
 0.826673E+00  0.454146E+01  0.100990E+00
 0.828956E+00  0.458709E+01  0.100696E+00
 0.831240E+00  0.447902E+01  0.101063E+00
 0.833524E+00  0.445837E+01  0.100552E+00
 0.835808E+00  0.446014E+01  0.101166E+00
 0.838092E+00  0.446255E+01  0.100682E+00
 0.840376E+00  0.435029E+01  0.100346E+00
 0.842659E+00  0.432535E+01  0.100876E+00
 0.844943E+00  0.427378E+01  0.100067E+00
 0.847227E+00  0.425324E+01  0.100211E+00
 0.849511E+00  0.439467E+01  0.995400E-01
 0.851795E+00  0.421596E+01  0.995459E-01
 0.854079E+00  0.422044E+01  0.100103E+00
 0.856362E+00  0.406109E+01  0.995126E-01
 0.858646E+00  0.395909E+01  0.998159E-01
 0.860930E+00  0.405876E+01  0.990651E-01
 0.863214E+00  0.413278E+01  0.995912E-01
 0.865498E+00  0.414893E+01  0.996734E-01
 0.867781E+00  0.402721E+01  0.988432E-01
 0.870065E+00  0.405435E+01  0.988303E-01
 0.872349E+00  0.415707E+01  0.987655E-01
 0.874633E+00  0.414862E+01  0.987119E-01
 0.876917E+00  0.419384E+01  0.987346E-01
 0.879201E+00  0.419421E+01  0.985391E-01
 0.881484E+00  0.413698E+01  0.983636E-01
 0.883768E+00  0.419445E+01  0.983586E-01
 0.886052E+00  0.419252E+01  0.984274E-01
 0.888336E+00  0.419915E+01  0.980077E-01
 0.890620E+00  0.400503E+01  0.979378E-01
 0.892904E+00  0.398952E+01  0.981727E-01
 0.895187E+00  0.392451E+01  0.979116E-01
 0.897471E+00  0.393854E+01  0.977037E-01
 0.899755E+00  0.388157E+01  0.974463E-01
 0.902039E+00  0.374771E+01  0.975905E-01
 0.904323E+00  0.376985E+01  0.103075E+00
 0.906607E+00  0.387575E+01  0.765223E-01
 0.908890E+00  0.381503E+01  0.762493E-01
 0.911174E+00  0.380190E+01  0.761551E-01
 0.913458E+00  0.376537E+01  0.763883E-01
 0.915742E+00  0.384130E+01  0.761356E-01
 0.918026E+00  0.378819E+01  0.757605E-01
 0.920310E+00  0.371237E+01  0.761450E-01
 0.922593E+00  0.371660E+01  0.758172E-01
 0.924877E+00  0.369588E+01  0.756908E-01
 0.927161E+00  0.364377E+01  0.753108E-01
 0.929445E+00  0.369245E+01  0.756490E-01
 0.931729E+00  0.376176E+01  0.756178E-01
 0.934013E+00  0.360008E+01  0.755699E-01
 0.936296E+00  0.344933E+01  0.753317E-01
 0.938580E+00  0.359372E+01  0.749349E-01
 0.940864E+00  0.363217E+01  0.751887E-01
 0.943148E+00  0.362415E+01  0.750701E-01
 0.945432E+00  0.350172E+01  0.750473E-01
 0.947716E+00  0.346288E+01  0.748441E-01
 0.949999E+00  0.344183E+01  0.749305E-01
 0.952283E+00  0.340573E+01  0.748814E-01
 0.954567E+00  0.338255E+01  0.746847E-01
 0.956851E+00  0.344787E+01  0.747107E-01
 0.959135E+00  0.347807E+01  0.746117E-01
 0.961419E+00  0.344630E+01  0.743580E-01
 0.963702E+00  0.338720E+01  0.745087E-01
 0.965986E+00  0.339795E+01  0.739573E-01
 0.968270E+00  0.347798E+01  0.743883E-01
 0.970554E+00  0.346748E+01  0.743229E-01
 0.972838E+00  0.337659E+01  0.741211E-01
 0.975122E+00  0.331429E+01  0.741427E-01
 0.977405E+00  0.333617E+01  0.738962E-01
 0.979689E+00  0.330845E+01  0.743160E-01
 0.981973E+00  0.343258E+01  0.737485E-01
 0.984257E+00  0.340017E+01  0.737138E-01
 0.986541E+00  0.327723E+01  0.737785E-01
 0.988825E+00  0.332549E+01  0.735919E-01
 0.991108E+00  0.324840E+01  0.738488E-01
 0.993392E+00  0.334980E+01  0.735845E-01
 0.995676E+00  0.338675E+01  0.735496E-01
 0.997960E+00  0.333653E+01  0.735817E-01
 0.100024E+01  0.328717E+01  0.731295E-01
 0.100253E+01  0.327950E+01  0.736536E-01
 0.100481E+01  0.327608E+01  0.729526E-01
 0.100710E+01  0.324406E+01  0.734089E-01
 0.100938E+01  0.316074E+01  0.734130E-01
 0.101166E+01  0.315292E+01  0.728546E-01
 0.101395E+01  0.320190E+01  0.730160E-01
 0.101623E+01  0.310931E+01  0.728801E-01
 0.101851E+01  0.300732E+01  0.728315E-01
 0.102080E+01  0.305978E+01  0.730612E-01
 0.102308E+01  0.317202E+01  0.725882E-01
 0.102537E+01  0.317699E+01  0.727189E-01
 0.102765E+01  0.307966E+01  0.728926E-01
 0.102993E+01  0.314272E+01  0.726054E-01
 0.103222E+01  0.311325E+01  0.726839E-01
 0.103450E+01  0.306431E+01  0.722957E-01
 0.103679E+01  0.302507E+01  0.723586E-01
 0.103907E+01  0.312696E+01  0.724743E-01
 0.104135E+01  0.313302E+01  0.722339E-01
 0.104364E+01  0.304936E+01  0.721751E-01
 0.104592E+01  0.301640E+01  0.724128E-01
 0.104820E+01  0.302779E+01  0.719342E-01
 0.105049E+01  0.298695E+01  0.723350E-01
 0.105277E+01  0.295371E+01  0.717545E-01
 0.105506E+01  0.289399E+01  0.718405E-01
 0.105734E+01  0.294324E+01  0.721680E-01
 0.105962E+01  0.292453E+01  0.713975E-01
 0.106191E+01  0.286704E+01  0.719945E-01
 0.106419E+01  0.299799E+01  0.718230E-01
 0.106647E+01  0.299618E+01  0.713433E-01
 0.106876E+01  0.294028E+01  0.718106E-01
 0.107104E+01  0.283156E+01  0.712091E-01
 0.107333E+01  0.284181E+01  0.714669E-01
 0.107561E+01  0.289838E+01  0.715067E-01
 0.107789E+01  0.289459E+01  0.711232E-01
 0.108018E+01  0.293749E+01  0.714238E-01
 0.108246E+01  0.279651E+01  0.708383E-01
 0.108475E+01  0.272155E+01  0.715699E-01
 0.108703E+01  0.269900E+01  0.711726E-01
 0.108931E+01  0.282986E+01  0.709834E-01
 0.109160E+01  0.275783E+01  0.709570E-01
 0.109388E+01  0.267625E+01  0.708585E-01
 0.109616E+01  0.273037E+01  0.708705E-01
 0.109845E+01  0.278838E+01  0.707592E-01
 0.110073E+01  0.286299E+01  0.707262E-01
 0.110302E+01  0.284172E+01  0.706338E-01
 0.110530E+01  0.279819E+01  0.707563E-01
 0.110758E+01  0.278156E+01  0.705612E-01
 0.110987E+01  0.279306E+01  0.705140E-01
 0.111215E+01  0.284582E+01  0.702938E-01
 0.111444E+01  0.277168E+01  0.705167E-01
 0.111672E+01  0.258994E+01  0.706590E-01
 0.111900E+01  0.257229E+01  0.702490E-01
 0.112129E+01  0.259910E+01  0.701133E-01
 0.112357E+01  0.250847E+01  0.702580E-01
 0.112585E+01  0.255722E+01  0.698422E-01
 0.112814E+01  0.267046E+01  0.701693E-01
 0.113042E+01  0.260294E+01  0.698350E-01
 0.113271E+01  0.255450E+01  0.698384E-01
 0.113499E+01  0.253509E+01  0.703417E-01
 0.113727E+01  0.251674E+01  0.695569E-01
 0.113956E+01  0.250696E+01  0.699384E-01
 0.114184E+01  0.255899E+01  0.696609E-01
 0.114413E+01  0.256634E+01  0.699441E-01
 0.114641E+01  0.251270E+01  0.700379E-01
 0.114869E+01  0.250504E+01  0.692341E-01
 0.115098E+01  0.247670E+01  0.693597E-01
 0.115326E+01  0.248068E+01  0.694081E-01
 0.115554E+01  0.249071E+01  0.692737E-01
 0.115783E+01  0.253349E+01  0.696694E-01
 0.116011E+01  0.244386E+01  0.690011E-01
 0.116240E+01  0.234965E+01  0.694306E-01
 0.116468E+01  0.239031E+01  0.692726E-01
 0.116696E+01  0.234240E+01  0.689341E-01
 0.116925E+01  0.236475E+01  0.691553E-01
 0.117153E+01  0.239131E+01  0.691651E-01
 0.117381E+01  0.243649E+01  0.689800E-01
 0.117610E+01  0.232642E+01  0.689808E-01
 0.117838E+01  0.239261E+01  0.686341E-01
 0.118067E+01  0.249421E+01  0.689890E-01
 0.118295E+01  0.247048E+01  0.691043E-01
 0.118523E+01  0.251438E+01  0.686705E-01
 0.118752E+01  0.248962E+01  0.688799E-01
 0.118980E+01  0.235002E+01  0.684657E-01
 0.119209E+01  0.229575E+01  0.686498E-01
 0.119437E+01  0.228987E+01  0.688959E-01
 0.119665E+01  0.237181E+01  0.682701E-01
 0.119894E+01  0.233468E+01  0.684184E-01
 0.120122E+01  0.230511E+01  0.686348E-01
 0.120350E+01  0.228927E+01  0.682759E-01
 0.120579E+01  0.225001E+01  0.685136E-01
 0.120807E+01  0.233927E+01  0.678115E-01
 0.121036E+01  0.240888E+01  0.685752E-01
 0.121264E+01  0.235079E+01  0.683604E-01
 0.121492E+01  0.233192E+01  0.679414E-01
 0.121721E+01  0.230590E+01  0.682999E-01
 0.121949E+01  0.231273E+01  0.676291E-01
 0.122178E+01  0.231734E+01  0.682204E-01
 0.122406E+01  0.227952E+01  0.681173E-01
 0.122634E+01  0.230092E+01  0.676140E-01
 0.122863E+01  0.230080E+01  0.680095E-01
 0.123091E+01  0.219370E+01  0.679667E-01
 0.123319E+01  0.214614E+01  0.678164E-01
 0.123548E+01  0.214683E+01  0.678052E-01
 0.123776E+01  0.222437E+01  0.674756E-01
 0.124005E+01  0.220380E+01  0.676318E-01
 0.124233E+01  0.221602E+01  0.674292E-01
 0.124461E+01  0.215107E+01  0.676516E-01
 0.124690E+01  0.215352E+01  0.674591E-01
 0.124918E+01  0.215420E+01  0.672718E-01
 0.125147E+01  0.219296E+01  0.677126E-01
 0.125375E+01  0.218889E+01  0.673259E-01
 0.125603E+01  0.209484E+01  0.672310E-01
 0.125832E+01  0.211821E+01  0.671916E-01
 0.126060E+01  0.213253E+01  0.674877E-01
 0.126288E+01  0.219727E+01  0.669026E-01
 0.126517E+01  0.209681E+01  0.671422E-01
 0.126745E+01  0.208035E+01  0.669996E-01
 0.126974E+01  0.211156E+01  0.670589E-01
 0.127202E+01  0.205550E+01  0.673389E-01
 0.127430E+01  0.202854E+01  0.666860E-01
 0.127659E+01  0.210056E+01  0.670211E-01
 0.127887E+01  0.213713E+01  0.667382E-01
 0.128116E+01  0.209452E+01  0.668604E-01
 0.128344E+01  0.222348E+01  0.670736E-01
 0.128572E+01  0.220315E+01  0.661771E-01
 0.128801E+01  0.210245E+01  0.668173E-01
 0.129029E+01  0.207414E+01  0.667142E-01
 0.129257E+01  0.206386E+01  0.662347E-01
 0.129486E+01  0.198202E+01  0.667079E-01
 0.129714E+01  0.195247E+01  0.660547E-01
 0.129943E+01  0.198155E+01  0.667062E-01
 0.130171E+01  0.197671E+01  0.665760E-01
 0.130399E+01  0.204231E+01  0.662765E-01
 0.130628E+01  0.207727E+01  0.664741E-01
 0.130856E+01  0.207648E+01  0.662562E-01
 0.131084E+01  0.209672E+01  0.663359E-01
 0.131313E+01  0.202252E+01  0.662344E-01
 0.131541E+01  0.199178E+01  0.658305E-01
 0.131770E+01  0.191558E+01  0.662581E-01
 0.131998E+01  0.196270E+01  0.659446E-01
 0.132226E+01  0.199601E+01  0.660198E-01
 0.132455E+01  0.201159E+01  0.660175E-01
 0.132683E+01  0.183538E+01  0.658214E-01
 0.132912E+01  0.182888E+01  0.659616E-01
 0.133140E+01  0.189627E+01  0.658593E-01
 0.133368E+01  0.193416E+01  0.656020E-01
 0.133597E+01  0.201304E+01  0.657238E-01
 0.133825E+01  0.206277E+01  0.660247E-01
 0.134053E+01  0.199129E+01  0.654771E-01
 0.134282E+01  0.204859E+01  0.659334E-01
 0.134510E+01  0.205727E+01  0.655790E-01
 0.134739E+01  0.196475E+01  0.656042E-01
 0.134967E+01  0.194972E+01  0.656109E-01
 0.135195E+01  0.193642E+01  0.653040E-01
 0.135424E+01  0.194178E+01  0.655217E-01
 0.135652E+01  0.194288E+01  0.652262E-01
 0.135881E+01  0.194300E+01  0.654753E-01
 0.136109E+01  0.181359E+01  0.652927E-01
 0.136337E+01  0.188537E+01  0.649706E-01
 0.136566E+01  0.194400E+01  0.654254E-01
 0.136794E+01  0.189483E+01  0.651590E-01
 0.137022E+01  0.184527E+01  0.648685E-01
 0.137251E+01  0.180636E+01  0.651243E-01
 0.137479E+01  0.175813E+01  0.646896E-01
 0.137708E+01  0.172310E+01  0.650753E-01
 0.137936E+01  0.173610E+01  0.647905E-01
 0.138164E+01  0.180623E+01  0.647136E-01
 0.138393E+01  0.181170E+01  0.649992E-01
 0.138621E+01  0.187242E+01  0.648528E-01
 0.138850E+01  0.187993E+01  0.649593E-01
 0.139078E+01  0.191051E+01  0.646551E-01
 0.139306E+01  0.186145E+01  0.645146E-01
 0.139535E+01  0.180958E+01  0.647438E-01
 0.139763E+01  0.186641E+01  0.647915E-01
 0.139991E+01  0.184757E+01  0.644597E-01
 0.140220E+01  0.192073E+01  0.645528E-01
 0.140448E+01  0.179542E+01  0.644696E-01
 0.140677E+01  0.170590E+01  0.643305E-01
 0.140905E+01  0.172987E+01  0.645338E-01
 0.141133E+01  0.177777E+01  0.643362E-01
 0.141362E+01  0.173380E+01  0.643943E-01
 0.141590E+01  0.179877E+01  0.647474E-01
 0.141818E+01  0.183495E+01  0.640336E-01
 0.142047E+01  0.186873E+01  0.645602E-01
 0.142275E+01  0.182878E+01  0.641420E-01
 0.142504E+01  0.179872E+01  0.643244E-01
 0.142732E+01  0.184066E+01  0.643552E-01
 0.142960E+01  0.187254E+01  0.638605E-01
 0.143189E+01  0.184011E+01  0.643573E-01
 0.143417E+01  0.171911E+01  0.638844E-01
 0.143646E+01  0.175289E+01  0.643933E-01
 0.143874E+01  0.175604E+01  0.642442E-01
 0.144102E+01  0.173834E+01  0.636957E-01
 0.144331E+01  0.168053E+01  0.642175E-01
 0.144559E+01  0.168168E+01  0.638392E-01
 0.144787E+01  0.173442E+01  0.637474E-01
 0.145016E+01  0.185802E+01  0.640682E-01
 0.145244E+01  0.178848E+01  0.637073E-01
 0.145473E+01  0.174154E+01  0.640813E-01
 0.145701E+01  0.171007E+01  0.637335E-01
 0.145929E+01  0.173032E+01  0.636439E-01
 0.146158E+01  0.164649E+01  0.636714E-01
 0.146386E+01  0.168512E+01  0.635181E-01
 0.146615E+01  0.176302E+01  0.637242E-01
 0.146843E+01  0.172657E+01  0.636044E-01
 0.147071E+01  0.176498E+01  0.636505E-01
 0.147300E+01  0.168155E+01  0.635341E-01
 0.147528E+01  0.167159E+01  0.636301E-01
 0.147756E+01  0.166830E+01  0.632939E-01
 0.147985E+01  0.171474E+01  0.634282E-01
 0.148213E+01  0.174313E+01  0.634298E-01
 0.148442E+01  0.162409E+01  0.632672E-01
 0.148670E+01  0.155112E+01  0.633328E-01
 0.148898E+01  0.150432E+01  0.629908E-01
 0.149127E+01  0.165875E+01  0.633645E-01
 0.149355E+01  0.170351E+01  0.633702E-01
 0.149584E+01  0.172505E+01  0.632047E-01
 0.149812E+01  0.165775E+01  0.632273E-01
 0.150040E+01  0.167266E+01  0.629180E-01
 0.150269E+01  0.160247E+01  0.632807E-01
 0.150497E+01  0.162345E+01  0.631927E-01
 0.150725E+01  0.173171E+01  0.628399E-01
 0.150954E+01  0.169635E+01  0.633024E-01
 0.151182E+01  0.159215E+01  0.628493E-01
 0.151411E+01  0.160061E+01  0.630682E-01
 0.151639E+01  0.156012E+01  0.629027E-01
 0.151867E+01  0.157620E+01  0.623974E-01
 0.152096E+01  0.149948E+01  0.630155E-01
 0.152324E+01  0.153961E+01  0.624508E-01
 0.152553E+01  0.154846E+01  0.630525E-01
 0.152781E+01  0.161385E+01  0.626302E-01
 0.153009E+01  0.157112E+01  0.625751E-01
 0.153238E+01  0.158023E+01  0.628524E-01
 0.153466E+01  0.152756E+01  0.626184E-01
 0.153694E+01  0.150084E+01  0.624960E-01
 0.153923E+01  0.145196E+01  0.625078E-01
 0.154151E+01  0.154906E+01  0.625164E-01
 0.154380E+01  0.156442E+01  0.625518E-01
 0.154608E+01  0.153680E+01  0.623567E-01
 0.154836E+01  0.150984E+01  0.623718E-01
 0.155065E+01  0.149355E+01  0.624026E-01
 0.155293E+01  0.156287E+01  0.626562E-01
 0.155521E+01  0.163754E+01  0.622696E-01
 0.155750E+01  0.159248E+01  0.623200E-01
 0.155978E+01  0.147544E+01  0.622916E-01
 0.156207E+01  0.144322E+01  0.623001E-01
 0.156435E+01  0.148490E+01  0.622644E-01
 0.156663E+01  0.149401E+01  0.618018E-01
 0.156892E+01  0.159812E+01  0.624093E-01
 0.157120E+01  0.156452E+01  0.621669E-01
 0.157349E+01  0.153013E+01  0.620542E-01
 0.157577E+01  0.150531E+01  0.621338E-01
 0.157805E+01  0.149672E+01  0.617392E-01
 0.158034E+01  0.151477E+01  0.622733E-01
 0.158262E+01  0.152032E+01  0.622085E-01
 0.158490E+01  0.147630E+01  0.617987E-01
 0.158719E+01  0.150230E+01  0.620290E-01
 0.158947E+01  0.149158E+01  0.618480E-01
 0.159176E+01  0.146641E+01  0.620419E-01
 0.159404E+01  0.145626E+01  0.616534E-01
 0.159632E+01  0.141533E+01  0.615096E-01
 0.159861E+01  0.133341E+01  0.619599E-01
 0.160089E+01  0.138149E+01  0.615016E-01
 0.160318E+01  0.142896E+01  0.619699E-01
 0.160546E+01  0.149417E+01  0.616398E-01
 0.160774E+01  0.159059E+01  0.615444E-01
 0.161003E+01  0.159185E+01  0.617824E-01
 0.161231E+01  0.152066E+01  0.615992E-01
 0.161459E+01  0.146940E+01  0.614165E-01
 0.161688E+01  0.144640E+01  0.614836E-01
 0.161916E+01  0.148524E+01  0.614844E-01
 0.162145E+01  0.140860E+01  0.613522E-01
 0.162373E+01  0.137774E+01  0.615155E-01
 0.162601E+01  0.142922E+01  0.613302E-01
 0.162830E+01  0.138619E+01  0.614740E-01
 0.163058E+01  0.139994E+01  0.611423E-01
 0.163287E+01  0.145976E+01  0.610688E-01
 0.163515E+01  0.143787E+01  0.612318E-01
 0.163743E+01  0.144387E+01  0.612788E-01
 0.163972E+01  0.146306E+01  0.613624E-01
 0.164200E+01  0.133854E+01  0.613735E-01
 0.164428E+01  0.137076E+01  0.606723E-01
 0.164657E+01  0.140506E+01  0.613518E-01
 0.164885E+01  0.143048E+01  0.608610E-01
 0.165114E+01  0.142539E+01  0.611359E-01
 0.165342E+01  0.143625E+01  0.609638E-01
 0.165570E+01  0.148055E+01  0.608237E-01
 0.165799E+01  0.143278E+01  0.610864E-01
 0.166027E+01  0.142732E+01  0.607753E-01
 0.166255E+01  0.136580E+01  0.606470E-01
 0.166484E+01  0.130418E+01  0.610229E-01
 0.166712E+01  0.134507E+01  0.607814E-01
 0.166941E+01  0.139637E+01  0.610692E-01
 0.167169E+01  0.133995E+01  0.604567E-01
 0.167397E+01  0.132156E+01  0.606029E-01
 0.167626E+01  0.135550E+01  0.609097E-01
 0.167854E+01  0.130299E+01  0.605464E-01
 0.168083E+01  0.126112E+01  0.606710E-01
 0.168311E+01  0.133647E+01  0.603321E-01
 0.168539E+01  0.131807E+01  0.604749E-01
 0.168768E+01  0.134722E+01  0.605041E-01
 0.168996E+01  0.144722E+01  0.608181E-01
 0.169224E+01  0.143351E+01  0.604299E-01
 0.169453E+01  0.131392E+01  0.604039E-01
 0.169681E+01  0.141979E+01  0.605628E-01
 0.169910E+01  0.138956E+01  0.602936E-01
 0.170138E+01  0.140198E+01  0.603448E-01
 0.170366E+01  0.142457E+01  0.602240E-01
 0.170595E+01  0.137428E+01  0.603600E-01
 0.170823E+01  0.135873E+01  0.602609E-01
 0.171052E+01  0.131210E+01  0.601545E-01
 0.171280E+01  0.138689E+01  0.603972E-01
 0.171508E+01  0.148562E+01  0.600269E-01
 0.171737E+01  0.144696E+01  0.602293E-01
 0.171965E+01  0.134278E+01  0.603248E-01
 0.172193E+01  0.136790E+01  0.598980E-01
 0.172422E+01  0.138721E+01  0.603267E-01
 0.172650E+01  0.141797E+01  0.597601E-01
 0.172879E+01  0.137017E+01  0.599478E-01
 0.173107E+01  0.130142E+01  0.600340E-01
 0.173335E+01  0.136159E+01  0.598018E-01
 0.173564E+01  0.131283E+01  0.602221E-01
 0.173792E+01  0.133769E+01  0.596458E-01
 0.174021E+01  0.133135E+01  0.598211E-01
 0.174249E+01  0.136657E+01  0.599147E-01
 0.174477E+01  0.126737E+01  0.595919E-01
 0.174706E+01  0.125885E+01  0.598288E-01
 0.174934E+01  0.122126E+01  0.597128E-01
 0.175162E+01  0.122675E+01  0.596137E-01
 0.175391E+01  0.122274E+01  0.597270E-01
 0.175619E+01  0.117193E+01  0.594736E-01
 0.175848E+01  0.119443E+01  0.595745E-01
 0.176076E+01  0.122010E+01  0.594975E-01
 0.176304E+01  0.125468E+01  0.595943E-01
 0.176533E+01  0.123882E+01  0.596837E-01
 0.176761E+01  0.121371E+01  0.594542E-01
 0.176990E+01  0.120407E+01  0.594764E-01
 0.177218E+01  0.118813E+01  0.594480E-01
 0.177446E+01  0.123405E+01  0.594857E-01
 0.177675E+01  0.122052E+01  0.594032E-01
 0.177903E+01  0.118949E+01  0.594777E-01
 0.178131E+01  0.126110E+01  0.592741E-01
 0.178360E+01  0.124437E+01  0.595542E-01
 0.178588E+01  0.116250E+01  0.591868E-01
 0.178817E+01  0.111847E+01  0.592639E-01
 0.179045E+01  0.112192E+01  0.595276E-01
 0.179273E+01  0.125009E+01  0.591366E-01
 0.179502E+01  0.117571E+01  0.593851E-01
 0.179730E+01  0.120731E+01  0.593468E-01
 0.179958E+01  0.122130E+01  0.589345E-01
 0.180187E+01  0.122133E+01  0.595231E-01
 0.180415E+01  0.121719E+01  0.590352E-01
 0.180644E+01  0.120532E+01  0.593021E-01
 0.180872E+01  0.119984E+01  0.592663E-01
 0.181100E+01  0.120367E+01  0.591284E-01
 0.181329E+01  0.119166E+01  0.592341E-01
 0.181557E+01  0.121824E+01  0.513524E-01
 0.181786E+01  0.121363E+01  0.335334E-01
 0.182014E+01  0.119607E+01  0.330990E-01
 0.182242E+01  0.120239E+01  0.330508E-01
 0.182471E+01  0.120394E+01  0.330876E-01
 0.182699E+01  0.117714E+01  0.330701E-01
 0.182927E+01  0.116898E+01  0.330026E-01
 0.183156E+01  0.116832E+01  0.331033E-01
 0.183384E+01  0.123570E+01  0.330214E-01
 0.183613E+01  0.123806E+01  0.329595E-01
 0.183841E+01  0.120425E+01  0.329530E-01
 0.184069E+01  0.122360E+01  0.329592E-01
 0.184298E+01  0.120763E+01  0.330361E-01
 0.184526E+01  0.114778E+01  0.329889E-01
 0.184755E+01  0.117285E+01  0.328718E-01
 0.184983E+01  0.115426E+01  0.330138E-01
 0.185211E+01  0.117194E+01  0.328766E-01
 0.185440E+01  0.115244E+01  0.329019E-01
 0.185668E+01  0.117546E+01  0.329857E-01
 0.185896E+01  0.117710E+01  0.328198E-01
 0.186125E+01  0.116867E+01  0.330283E-01
 0.186353E+01  0.115533E+01  0.328441E-01
 0.186582E+01  0.117321E+01  0.327773E-01
 0.186810E+01  0.123737E+01  0.329980E-01
 0.187038E+01  0.118099E+01  0.326924E-01
 0.187267E+01  0.110006E+01  0.329225E-01
 0.187495E+01  0.112176E+01  0.326142E-01
 0.187724E+01  0.111982E+01  0.328150E-01
 0.187952E+01  0.111062E+01  0.329208E-01
 0.188180E+01  0.112165E+01  0.327187E-01
 0.188409E+01  0.116043E+01  0.328240E-01
 0.188637E+01  0.113452E+01  0.327108E-01
 0.188865E+01  0.113570E+01  0.326855E-01
 0.189094E+01  0.114615E+01  0.328408E-01
 0.189322E+01  0.113634E+01  0.326192E-01
 0.189551E+01  0.110958E+01  0.327422E-01
 0.189779E+01  0.108920E+01  0.326691E-01
 0.190007E+01  0.109040E+01  0.327205E-01
 0.190236E+01  0.112512E+01  0.326989E-01
 0.190464E+01  0.113851E+01  0.326927E-01
 0.190692E+01  0.109357E+01  0.326373E-01
 0.190921E+01  0.111431E+01  0.326924E-01
 0.191149E+01  0.107695E+01  0.325685E-01
 0.191378E+01  0.109567E+01  0.325776E-01
 0.191606E+01  0.111641E+01  0.327479E-01
 0.191834E+01  0.116650E+01  0.326245E-01
 0.192063E+01  0.115423E+01  0.326675E-01
 0.192291E+01  0.112054E+01  0.325364E-01
 0.192520E+01  0.108520E+01  0.324555E-01
 0.192748E+01  0.107565E+01  0.326599E-01
 0.192976E+01  0.109372E+01  0.325528E-01
 0.193205E+01  0.110828E+01  0.342813E-01
 0.193433E+01  0.116729E+01  0.293049E-01
 0.193661E+01  0.115586E+01  0.291786E-01
 0.193890E+01  0.111618E+01  0.293990E-01
 0.194118E+01  0.108307E+01  0.291852E-01
 0.194347E+01  0.110879E+01  0.291917E-01
 0.194575E+01  0.108682E+01  0.293575E-01
 0.194803E+01  0.109310E+01  0.292262E-01
 0.195032E+01  0.109885E+01  0.292862E-01
 0.195260E+01  0.111660E+01  0.290241E-01
 0.195489E+01  0.114355E+01  0.291416E-01
 0.195717E+01  0.112594E+01  0.292423E-01
 0.195945E+01  0.110701E+01  0.290544E-01
 0.196174E+01  0.111972E+01  0.292526E-01
 0.196402E+01  0.109217E+01  0.290972E-01
 0.196630E+01  0.103240E+01  0.291229E-01
 0.196859E+01  0.102910E+01  0.292041E-01
 0.197087E+01  0.105853E+01  0.290010E-01
 0.197316E+01  0.107367E+01  0.290914E-01
 0.197544E+01  0.103917E+01  0.291434E-01
 0.197772E+01  0.103891E+01  0.291212E-01
 0.198001E+01  0.108990E+01  0.291131E-01
 0.198229E+01  0.106934E+01  0.289088E-01
 0.198458E+01  0.105107E+01  0.290314E-01
 0.198686E+01  0.105779E+01  0.290728E-01
 0.198914E+01  0.106333E+01  0.290095E-01
 0.199143E+01  0.104270E+01  0.289736E-01
 0.199371E+01  0.103815E+01  0.291062E-01
 0.199599E+01  0.107119E+01  0.289435E-01
 0.199828E+01  0.106991E+01  0.290396E-01
 0.200056E+01  0.109782E+01  0.289145E-01
 0.200285E+01  0.110804E+01  0.288898E-01
 0.200513E+01  0.106285E+01  0.290842E-01
 0.200741E+01  0.107190E+01  0.289475E-01
 0.200970E+01  0.108711E+01  0.290637E-01
 0.201198E+01  0.105846E+01  0.289267E-01
 0.201427E+01  0.103360E+01  0.290114E-01
 0.201655E+01  0.102582E+01  0.291334E-01
 0.201883E+01  0.103247E+01  0.289319E-01
 0.202112E+01  0.105600E+01  0.290498E-01
 0.202340E+01  0.109231E+01  0.290136E-01
 0.202568E+01  0.110770E+01  0.289992E-01
 0.202797E+01  0.104359E+01  0.291619E-01
 0.203025E+01  0.969921E+00  0.288548E-01
 0.203254E+01  0.991317E+00  0.291207E-01
 0.203482E+01  0.999321E+00  0.291747E-01
 0.203710E+01  0.105065E+01  0.289965E-01
 0.203939E+01  0.106964E+01  0.290814E-01
 0.204167E+01  0.104280E+01  0.290750E-01
 0.204395E+01  0.100169E+01  0.291258E-01
 0.204624E+01  0.987271E+00  0.292019E-01
 0.204852E+01  0.997686E+00  0.290901E-01
 0.205081E+01  0.101930E+01  0.291467E-01
 0.205309E+01  0.100980E+01  0.291736E-01
 0.205537E+01  0.991414E+00  0.291003E-01
 0.205766E+01  0.986022E+00  0.291550E-01
 0.205994E+01  0.101662E+01  0.290635E-01
 0.206223E+01  0.101178E+01  0.291807E-01
 0.206451E+01  0.986442E+00  0.292354E-01
 0.206679E+01  0.100298E+01  0.290993E-01
 0.206908E+01  0.995768E+00  0.291133E-01
 0.207136E+01  0.101535E+01  0.292513E-01
 0.207364E+01  0.983054E+00  0.290947E-01
 0.207593E+01  0.977842E+00  0.292793E-01
 0.207821E+01  0.101380E+01  0.290902E-01
 0.208050E+01  0.101757E+01  0.291120E-01
 0.208278E+01  0.100908E+01  0.293788E-01
 0.208506E+01  0.953487E+00  0.290917E-01
 0.208735E+01  0.963418E+00  0.293994E-01
 0.208963E+01  0.100823E+01  0.291112E-01
 0.209192E+01  0.983062E+00  0.291842E-01
 0.209420E+01  0.944376E+00  0.292771E-01
 0.209648E+01  0.976551E+00  0.290300E-01
 0.209877E+01  0.101361E+01  0.292238E-01
 0.210105E+01  0.974813E+00  0.292790E-01
 0.210333E+01  0.981312E+00  0.292161E-01
 0.210562E+01  0.983696E+00  0.293511E-01
 0.210790E+01  0.979929E+00  0.290327E-01
 0.211019E+01  0.952883E+00  0.292865E-01
 0.211247E+01  0.948220E+00  0.292236E-01
 0.211475E+01  0.943959E+00  0.292048E-01
 0.211704E+01  0.950793E+00  0.292684E-01
 0.211932E+01  0.991081E+00  0.290344E-01
 0.212161E+01  0.985703E+00  0.293033E-01
 0.212389E+01  0.994349E+00  0.291080E-01
 0.212617E+01  0.100762E+01  0.291065E-01
 0.212846E+01  0.993033E+00  0.291633E-01
 0.213074E+01  0.946162E+00  0.291852E-01
 0.213302E+01  0.958627E+00  0.291432E-01
 0.213531E+01  0.940608E+00  0.291501E-01
 0.213759E+01  0.941210E+00  0.290214E-01
 0.213988E+01  0.988739E+00  0.291325E-01
 0.214216E+01  0.928556E+00  0.291690E-01
 0.214444E+01  0.980192E+00  0.290649E-01
 0.214673E+01  0.100811E+01  0.290253E-01
 0.214901E+01  0.101554E+01  0.291474E-01
 0.215129E+01  0.952316E+00  0.289744E-01
 0.215358E+01  0.940707E+00  0.291527E-01
 0.215586E+01  0.998750E+00  0.290547E-01
 0.215815E+01  0.104361E+01  0.291104E-01
 0.216043E+01  0.102304E+01  0.292317E-01
 0.216271E+01  0.954670E+00  0.289058E-01
 0.216500E+01  0.970222E+00  0.290526E-01
 0.216728E+01  0.942010E+00  0.289140E-01
 0.216957E+01  0.901725E+00  0.290832E-01
 0.217185E+01  0.865217E+00  0.291341E-01
 0.217413E+01  0.894759E+00  0.288958E-01
 0.217642E+01  0.931884E+00  0.290090E-01
 0.217870E+01  0.931138E+00  0.290029E-01
 0.218098E+01  0.939203E+00  0.288911E-01
 0.218327E+01  0.980170E+00  0.290546E-01
 0.218555E+01  0.957471E+00  0.287864E-01
 0.218784E+01  0.955529E+00  0.290037E-01
 0.219012E+01  0.940972E+00  0.289380E-01
 0.219240E+01  0.929464E+00  0.287571E-01
 0.219469E+01  0.918916E+00  0.289002E-01
 0.219697E+01  0.907117E+00  0.288091E-01
 0.219926E+01  0.921538E+00  0.288880E-01
 0.220154E+01  0.944663E+00  0.288417E-01
 0.220382E+01  0.893473E+00  0.287178E-01
 0.220611E+01  0.897254E+00  0.287689E-01
 0.220839E+01  0.922415E+00  0.288587E-01
 0.221067E+01  0.944124E+00  0.286684E-01
 0.221296E+01  0.910723E+00  0.287677E-01
 0.221524E+01  0.928642E+00  0.286103E-01
 0.221753E+01  0.926781E+00  0.287369E-01
 0.221981E+01  0.952252E+00  0.287488E-01
 0.222209E+01  0.936353E+00  0.285263E-01
 0.222438E+01  0.905342E+00  0.286095E-01
 0.222666E+01  0.894922E+00  0.285697E-01
 0.222895E+01  0.888518E+00  0.286411E-01
 0.223123E+01  0.889696E+00  0.286826E-01
 0.223351E+01  0.917890E+00  0.282573E-01
 0.223580E+01  0.928407E+00  0.284443E-01
 0.223808E+01  0.971510E+00  0.285492E-01
 0.224036E+01  0.965861E+00  0.282343E-01
 0.224265E+01  0.979527E+00  0.284338E-01
 0.224493E+01  0.964651E+00  0.281050E-01
 0.224722E+01  0.923030E+00  0.283560E-01
 0.224950E+01  0.900448E+00  0.282452E-01
 0.225178E+01  0.857234E+00  0.280619E-01
 0.225407E+01  0.827504E+00  0.281766E-01
 0.225635E+01  0.856980E+00  0.279623E-01
 0.225864E+01  0.882213E+00  0.281791E-01
 0.226092E+01  0.878958E+00  0.280144E-01
 0.226320E+01  0.893383E+00  0.279479E-01
 0.226549E+01  0.922403E+00  0.280820E-01
 0.226777E+01  0.931077E+00  0.280670E-01
 0.227005E+01  0.940875E+00  0.280047E-01
 0.227234E+01  0.901691E+00  0.279551E-01
 0.227462E+01  0.886927E+00  0.279021E-01
 0.227691E+01  0.882649E+00  0.281031E-01
 0.227919E+01  0.940294E+00  0.279510E-01
 0.228147E+01  0.959855E+00  0.279117E-01
 0.228376E+01  0.930634E+00  0.278822E-01
 0.228604E+01  0.872806E+00  0.280877E-01
 0.228832E+01  0.859008E+00  0.279095E-01
 0.229061E+01  0.878805E+00  0.280137E-01
 0.229289E+01  0.902744E+00  0.278315E-01
 0.229518E+01  0.940296E+00  0.279334E-01
 0.229746E+01  0.899076E+00  0.280429E-01
 0.229974E+01  0.881005E+00  0.278125E-01
 0.230203E+01  0.865285E+00  0.279496E-01
 0.230431E+01  0.923002E+00  0.279035E-01
 0.230660E+01  0.919024E+00  0.278992E-01
 0.230888E+01  0.914988E+00  0.280350E-01
 0.231116E+01  0.876367E+00  0.276905E-01
 0.231345E+01  0.863607E+00  0.279384E-01
 0.231573E+01  0.871125E+00  0.279731E-01
 0.231801E+01  0.902765E+00  0.277518E-01
 0.232030E+01  0.906627E+00  0.278888E-01
 0.232258E+01  0.880476E+00  0.276430E-01
 0.232487E+01  0.903367E+00  0.279719E-01
 0.232715E+01  0.872705E+00  0.278799E-01
 0.232943E+01  0.886447E+00  0.277647E-01
 0.233172E+01  0.884577E+00  0.278904E-01
 0.233400E+01  0.888772E+00  0.276398E-01
 0.233629E+01  0.897314E+00  0.278998E-01
 0.233857E+01  0.938513E+00  0.278126E-01
 0.234085E+01  0.940116E+00  0.276906E-01
 0.234314E+01  0.916068E+00  0.278711E-01
 0.234542E+01  0.898687E+00  0.277274E-01
 0.234770E+01  0.895042E+00  0.277229E-01
 0.234999E+01  0.893122E+00  0.277066E-01
 0.235227E+01  0.863524E+00  0.277271E-01
 0.235456E+01  0.891000E+00  0.278426E-01
 0.235684E+01  0.931690E+00  0.277246E-01
 0.235912E+01  0.931486E+00  0.276524E-01
 0.236141E+01  0.866692E+00  0.277036E-01
 0.236369E+01  0.869914E+00  0.277450E-01
 0.236598E+01  0.884123E+00  0.277144E-01
 0.236826E+01  0.838346E+00  0.276654E-01
 0.237054E+01  0.852414E+00  0.276156E-01
 0.237283E+01  0.867893E+00  0.277068E-01
 0.237511E+01  0.889527E+00  0.277575E-01
 0.237739E+01  0.909156E+00  0.275138E-01
 0.237968E+01  0.898264E+00  0.276502E-01
 0.238196E+01  0.888958E+00  0.276247E-01
 0.238425E+01  0.825860E+00  0.277465E-01
 0.238653E+01  0.791978E+00  0.276892E-01
 0.238881E+01  0.824089E+00  0.274528E-01
 0.239110E+01  0.842730E+00  0.276216E-01
 0.239338E+01  0.897601E+00  0.276037E-01
 0.239566E+01  0.879225E+00  0.275467E-01
 0.239795E+01  0.866120E+00  0.276212E-01
 0.240023E+01  0.896240E+00  0.274946E-01
 0.240252E+01  0.865932E+00  0.276424E-01
 0.240480E+01  0.823715E+00  0.275113E-01
 0.240708E+01  0.793646E+00  0.274786E-01
 0.240937E+01  0.790551E+00  0.276147E-01
 0.241165E+01  0.836243E+00  0.274930E-01
 0.241394E+01  0.812279E+00  0.276170E-01
 0.241622E+01  0.841221E+00  0.274786E-01
 0.241850E+01  0.809153E+00  0.273611E-01
 0.242079E+01  0.779208E+00  0.274960E-01
 0.242307E+01  0.762671E+00  0.275864E-01
 0.242535E+01  0.789187E+00  0.274674E-01
 0.242764E+01  0.815582E+00  0.274500E-01
 0.242992E+01  0.864531E+00  0.274222E-01
 0.243221E+01  0.891593E+00  0.274374E-01
 0.243449E+01  0.879735E+00  0.275583E-01
 0.243677E+01  0.826800E+00  0.273571E-01
 0.243906E+01  0.815407E+00  0.275335E-01
 0.244134E+01  0.807497E+00  0.274327E-01
 0.244363E+01  0.791268E+00  0.273359E-01
 0.244591E+01  0.817328E+00  0.274370E-01
 0.244819E+01  0.824573E+00  0.273314E-01
 0.245048E+01  0.805342E+00  0.274648E-01
 0.245276E+01  0.776108E+00  0.275032E-01
 0.245504E+01  0.790460E+00  0.272860E-01
 0.245733E+01  0.789971E+00  0.274679E-01
 0.245961E+01  0.819064E+00  0.273143E-01
 0.246190E+01  0.847089E+00  0.274651E-01
 0.246418E+01  0.817557E+00  0.274009E-01
 0.246646E+01  0.821469E+00  0.272463E-01
 0.246875E+01  0.822124E+00  0.275249E-01
 0.247103E+01  0.812711E+00  0.272713E-01
 0.247332E+01  0.802741E+00  0.273858E-01
 0.247560E+01  0.852101E+00  0.273530E-01
 0.247788E+01  0.855248E+00  0.272603E-01
 0.248017E+01  0.850197E+00  0.274588E-01
 0.248245E+01  0.820700E+00  0.272278E-01
 0.248473E+01  0.772148E+00  0.272703E-01
 0.248702E+01  0.778122E+00  0.273112E-01
 0.248930E+01  0.801250E+00  0.272189E-01
 0.249159E+01  0.826466E+00  0.274081E-01
 0.249387E+01  0.839724E+00  0.272953E-01
 0.249615E+01  0.817287E+00  0.272983E-01
 0.249844E+01  0.812542E+00  0.273086E-01
 0.250072E+01  0.839643E+00  0.272723E-01
 0.250301E+01  0.821511E+00  0.273130E-01
 0.250529E+01  0.787355E+00  0.272193E-01
 0.250757E+01  0.816902E+00  0.273169E-01
 0.250986E+01  0.802677E+00  0.272745E-01
 0.251214E+01  0.827320E+00  0.273190E-01
 0.251442E+01  0.828843E+00  0.271490E-01
 0.251671E+01  0.788771E+00  0.272690E-01
 0.251899E+01  0.801918E+00  0.272880E-01
 0.252128E+01  0.849793E+00  0.272013E-01
 0.252356E+01  0.825625E+00  0.272385E-01
 0.252584E+01  0.813526E+00  0.271327E-01
 0.252813E+01  0.768016E+00  0.272480E-01
 0.253041E+01  0.787975E+00  0.272773E-01
 0.253269E+01  0.818181E+00  0.270029E-01
 0.253498E+01  0.807269E+00  0.272217E-01
 0.253726E+01  0.813792E+00  0.270511E-01
 0.253955E+01  0.811774E+00  0.271874E-01
 0.254183E+01  0.815500E+00  0.272112E-01
 0.254411E+01  0.815017E+00  0.269986E-01
 0.254640E+01  0.789497E+00  0.272264E-01
 0.254868E+01  0.766641E+00  0.270833E-01
 0.255097E+01  0.778507E+00  0.271755E-01
 0.255325E+01  0.766237E+00  0.271190E-01
 0.255553E+01  0.758880E+00  0.270837E-01
 0.255782E+01  0.779554E+00  0.271771E-01
 0.256010E+01  0.771966E+00  0.270934E-01
 0.256238E+01  0.803154E+00  0.270628E-01
 0.256467E+01  0.833698E+00  0.271359E-01
 0.256695E+01  0.838785E+00  0.271349E-01
 0.256924E+01  0.824911E+00  0.271435E-01
 0.257152E+01  0.769583E+00  0.270188E-01
 0.257380E+01  0.770748E+00  0.270608E-01
 0.257609E+01  0.781143E+00  0.271383E-01
 0.257837E+01  0.775288E+00  0.270638E-01
 0.258066E+01  0.807600E+00  0.270317E-01
 0.258294E+01  0.790386E+00  0.270561E-01
 0.258522E+01  0.773384E+00  0.269933E-01
 0.258751E+01  0.786157E+00  0.270515E-01
 0.258979E+01  0.796347E+00  0.271128E-01
 0.259207E+01  0.806364E+00  0.268434E-01
 0.259436E+01  0.788644E+00  0.270949E-01
 0.259664E+01  0.796624E+00  0.270326E-01
 0.259893E+01  0.820966E+00  0.269713E-01
 0.260121E+01  0.794508E+00  0.270773E-01
 0.260349E+01  0.805767E+00  0.268667E-01
 0.260578E+01  0.757494E+00  0.271304E-01
 0.260806E+01  0.772140E+00  0.269216E-01
 0.261035E+01  0.798279E+00  0.269511E-01
 0.261263E+01  0.766131E+00  0.269845E-01
 0.261491E+01  0.760540E+00  0.268534E-01
 0.261720E+01  0.779981E+00  0.270610E-01
 0.261948E+01  0.758511E+00  0.269118E-01
 0.262176E+01  0.771550E+00  0.268554E-01
 0.262405E+01  0.794780E+00  0.270095E-01
 0.262633E+01  0.773893E+00  0.268936E-01
 0.262862E+01  0.735989E+00  0.269731E-01
 0.263090E+01  0.758045E+00  0.268199E-01
 0.263318E+01  0.773452E+00  0.268606E-01
 0.263547E+01  0.758954E+00  0.269754E-01
 0.263775E+01  0.748067E+00  0.269321E-01
 0.264003E+01  0.745888E+00  0.269031E-01
 0.264232E+01  0.742583E+00  0.269015E-01
 0.264460E+01  0.741649E+00  0.268645E-01
 0.264689E+01  0.740211E+00  0.268449E-01
 0.264917E+01  0.758044E+00  0.268266E-01
 0.265145E+01  0.787023E+00  0.268155E-01
 0.265374E+01  0.773895E+00  0.268934E-01
 0.265602E+01  0.787252E+00  0.268673E-01
 0.265831E+01  0.792881E+00  0.267341E-01
 0.266059E+01  0.749443E+00  0.268680E-01
 0.266287E+01  0.734442E+00  0.268535E-01
 0.266516E+01  0.730195E+00  0.269043E-01
 0.266744E+01  0.716780E+00  0.268704E-01
 0.266972E+01  0.708882E+00  0.266192E-01
 0.267201E+01  0.709310E+00  0.268693E-01
 0.267429E+01  0.759945E+00  0.268365E-01
 0.267658E+01  0.776014E+00  0.268818E-01
 0.267886E+01  0.755212E+00  0.268161E-01
 0.268114E+01  0.771224E+00  0.267095E-01
 0.268343E+01  0.759989E+00  0.269714E-01
 0.268571E+01  0.746938E+00  0.267099E-01
 0.268800E+01  0.751365E+00  0.268107E-01
 0.269028E+01  0.740996E+00  0.268289E-01
 0.269256E+01  0.737935E+00  0.266994E-01
 0.269485E+01  0.701912E+00  0.269469E-01
 0.269713E+01  0.688647E+00  0.267175E-01
 0.269941E+01  0.693089E+00  0.266838E-01
 0.270170E+01  0.692789E+00  0.268090E-01
 0.270398E+01  0.690452E+00  0.267193E-01
 0.270627E+01  0.715828E+00  0.268579E-01
 0.270855E+01  0.757885E+00  0.266907E-01
 0.271083E+01  0.753927E+00  0.266986E-01
 0.271312E+01  0.706295E+00  0.267715E-01
 0.271540E+01  0.715756E+00  0.266988E-01
 0.271769E+01  0.733021E+00  0.267626E-01
 0.271997E+01  0.762814E+00  0.266743E-01
 0.272225E+01  0.779819E+00  0.267969E-01
 0.272454E+01  0.725250E+00  0.266829E-01
 0.272682E+01  0.696739E+00  0.267347E-01
 0.272910E+01  0.711221E+00  0.265928E-01
 0.273139E+01  0.714391E+00  0.267281E-01
 0.273367E+01  0.706639E+00  0.267121E-01
 0.273596E+01  0.719331E+00  0.266332E-01
 0.273824E+01  0.686314E+00  0.267308E-01
 0.274052E+01  0.692745E+00  0.265987E-01
 0.274281E+01  0.732679E+00  0.267064E-01
 0.274509E+01  0.760014E+00  0.266825E-01
 0.274737E+01  0.759765E+00  0.265134E-01
 0.274966E+01  0.796237E+00  0.268413E-01
 0.275194E+01  0.760419E+00  0.265916E-01
 0.275423E+01  0.747974E+00  0.266997E-01
 0.275651E+01  0.755286E+00  0.266206E-01
 0.275879E+01  0.746882E+00  0.265563E-01
 0.276108E+01  0.749897E+00  0.268372E-01
 0.276336E+01  0.720189E+00  0.265391E-01
 0.276565E+01  0.721215E+00  0.265950E-01
 0.276793E+01  0.768239E+00  0.266246E-01
 0.277021E+01  0.787579E+00  0.265199E-01
 0.277250E+01  0.796489E+00  0.267542E-01
 0.277478E+01  0.780822E+00  0.265717E-01
 0.277706E+01  0.729405E+00  0.266073E-01
 0.277935E+01  0.721010E+00  0.266558E-01
 0.278163E+01  0.714435E+00  0.265655E-01
 0.278392E+01  0.761414E+00  0.266437E-01
 0.278620E+01  0.732687E+00  0.265376E-01
 0.278848E+01  0.730037E+00  0.265981E-01
 0.279077E+01  0.706320E+00  0.266238E-01
 0.279305E+01  0.708808E+00  0.265294E-01
 0.279534E+01  0.737464E+00  0.265644E-01
 0.279762E+01  0.733358E+00  0.265253E-01
 0.279990E+01  0.743375E+00  0.266084E-01
 0.280219E+01  0.740042E+00  0.265679E-01
 0.280447E+01  0.770169E+00  0.266188E-01
 0.280675E+01  0.754552E+00  0.264320E-01
 0.280904E+01  0.715978E+00  0.266036E-01
 0.281132E+01  0.717332E+00  0.265182E-01
 0.281361E+01  0.750825E+00  0.265253E-01
 0.281589E+01  0.697349E+00  0.266495E-01
 0.281817E+01  0.714815E+00  0.264997E-01
 0.282046E+01  0.724029E+00  0.266550E-01
 0.282274E+01  0.763400E+00  0.264640E-01
 0.282503E+01  0.740767E+00  0.264941E-01
 0.282731E+01  0.683433E+00  0.265858E-01
 0.282959E+01  0.700277E+00  0.264048E-01
 0.283188E+01  0.699570E+00  0.265882E-01
 0.283416E+01  0.677214E+00  0.265332E-01
 0.283644E+01  0.632560E+00  0.264474E-01
 0.283873E+01  0.645364E+00  0.266327E-01
 0.284101E+01  0.662948E+00  0.263999E-01
 0.284330E+01  0.651871E+00  0.265319E-01
 0.284558E+01  0.662518E+00  0.265338E-01
 0.284786E+01  0.669607E+00  0.265257E-01
 0.285015E+01  0.690936E+00  0.265519E-01
 0.285243E+01  0.695399E+00  0.263743E-01
 0.285472E+01  0.702364E+00  0.265075E-01
 0.285700E+01  0.728440E+00  0.264911E-01
 0.285928E+01  0.686103E+00  0.265138E-01
 0.286157E+01  0.688996E+00  0.264727E-01
 0.286385E+01  0.701336E+00  0.265223E-01
 0.286613E+01  0.701733E+00  0.264508E-01
 0.286842E+01  0.714101E+00  0.265399E-01
 0.287070E+01  0.690182E+00  0.264442E-01
 0.287299E+01  0.688183E+00  0.264301E-01
 0.287527E+01  0.725205E+00  0.265180E-01
 0.287755E+01  0.712019E+00  0.264345E-01
 0.287984E+01  0.721725E+00  0.264508E-01
 0.288212E+01  0.734131E+00  0.265522E-01
 0.288440E+01  0.716209E+00  0.263529E-01
 0.288669E+01  0.698787E+00  0.265352E-01
 0.288897E+01  0.687728E+00  0.263716E-01
 0.289126E+01  0.670856E+00  0.263395E-01
 0.289354E+01  0.671496E+00  0.265367E-01
 0.289582E+01  0.699045E+00  0.262684E-01
 0.289811E+01  0.718444E+00  0.265592E-01
 0.290039E+01  0.711756E+00  0.262739E-01
 0.290268E+01  0.675508E+00  0.264333E-01
 0.290496E+01  0.707826E+00  0.264985E-01
 0.290724E+01  0.713720E+00  0.263015E-01
 0.290953E+01  0.680730E+00  0.264463E-01
 0.291181E+01  0.617680E+00  0.263192E-01
 0.291409E+01  0.651686E+00  0.263794E-01
 0.291638E+01  0.677441E+00  0.265221E-01
 0.291866E+01  0.654683E+00  0.262575E-01
 0.292095E+01  0.660981E+00  0.264221E-01
 0.292323E+01  0.692163E+00  0.263108E-01
 0.292551E+01  0.733046E+00  0.263190E-01
 0.292780E+01  0.711208E+00  0.264074E-01
 0.293008E+01  0.707355E+00  0.262271E-01
 0.293237E+01  0.696326E+00  0.264563E-01
 0.293465E+01  0.659812E+00  0.263781E-01
 0.293693E+01  0.626171E+00  0.263327E-01
 0.293922E+01  0.680773E+00  0.262959E-01
 0.294150E+01  0.679950E+00  0.263605E-01
 0.294378E+01  0.689174E+00  0.263142E-01
 0.294607E+01  0.680707E+00  0.263515E-01
 0.294835E+01  0.684054E+00  0.262999E-01
 0.295064E+01  0.674616E+00  0.262411E-01
 0.295292E+01  0.661514E+00  0.264002E-01
 0.295520E+01  0.660268E+00  0.262932E-01
 0.295749E+01  0.646796E+00  0.262990E-01
 0.295977E+01  0.702376E+00  0.262669E-01
 0.296206E+01  0.717730E+00  0.262226E-01
 0.296434E+01  0.716312E+00  0.263534E-01
 0.296662E+01  0.653515E+00  0.262126E-01
 0.296891E+01  0.662201E+00  0.262324E-01
 0.297119E+01  0.687254E+00  0.263023E-01
 0.297347E+01  0.659820E+00  0.262310E-01
 0.297576E+01  0.656440E+00  0.264262E-01
 0.297804E+01  0.658373E+00  0.262056E-01
 0.298033E+01  0.670099E+00  0.262414E-01
 0.298261E+01  0.686765E+00  0.262874E-01
 0.298489E+01  0.698975E+00  0.261898E-01
 0.298718E+01  0.691196E+00  0.263457E-01
 0.298946E+01  0.646820E+00  0.262766E-01
 0.299174E+01  0.595394E+00  0.261801E-01
 0.299403E+01  0.624579E+00  0.262799E-01
 0.299631E+01  0.704953E+00  0.261296E-01
 0.299860E+01  0.701547E+00  0.262670E-01
 0.300088E+01  0.638205E+00  0.263445E-01
 0.300316E+01  0.618549E+00  0.262308E-01
 0.300545E+01  0.637577E+00  0.262490E-01
 0.300773E+01  0.667245E+00  0.261670E-01
 0.301002E+01  0.715221E+00  0.262767E-01
 0.301230E+01  0.702680E+00  0.262901E-01
 0.301458E+01  0.651644E+00  0.262340E-01
 0.301687E+01  0.677679E+00  0.261424E-01
 0.301915E+01  0.683441E+00  0.263468E-01
 0.302143E+01  0.693401E+00  0.261814E-01
 0.302372E+01  0.658674E+00  0.262215E-01
 0.302600E+01  0.666097E+00  0.261993E-01
 0.302829E+01  0.663882E+00  0.261442E-01
 0.303057E+01  0.628241E+00  0.263093E-01
 0.303285E+01  0.677026E+00  0.261440E-01
 0.303514E+01  0.694710E+00  0.262416E-01
 0.303742E+01  0.676721E+00  0.261150E-01
 0.303971E+01  0.662296E+00  0.262062E-01
 0.304199E+01  0.678720E+00  0.263559E-01
 0.304427E+01  0.680818E+00  0.260625E-01
 0.304656E+01  0.663300E+00  0.261841E-01
 0.304884E+01  0.662634E+00  0.262822E-01
 0.305112E+01  0.669063E+00  0.261117E-01
 0.305341E+01  0.672642E+00  0.263108E-01
 0.305569E+01  0.673493E+00  0.259931E-01
 0.305798E+01  0.677189E+00  0.261971E-01
 0.306026E+01  0.702611E+00  0.262138E-01
 0.306254E+01  0.700590E+00  0.260859E-01
 0.306483E+01  0.665043E+00  0.261848E-01
 0.306711E+01  0.668987E+00  0.260248E-01
 0.306940E+01  0.680190E+00  0.262195E-01
 0.307168E+01  0.705105E+00  0.262299E-01
 0.307396E+01  0.690304E+00  0.261256E-01
 0.307625E+01  0.696878E+00  0.261494E-01
 0.307853E+01  0.687048E+00  0.260978E-01
 0.308081E+01  0.649036E+00  0.261379E-01
 0.308310E+01  0.663571E+00  0.261749E-01
 0.308538E+01  0.661682E+00  0.260813E-01
 0.308767E+01  0.680246E+00  0.261678E-01
 0.308995E+01  0.687687E+00  0.261360E-01
 0.309223E+01  0.634340E+00  0.260665E-01
 0.309452E+01  0.628946E+00  0.261235E-01
 0.309680E+01  0.661818E+00  0.261068E-01
 0.309909E+01  0.660775E+00  0.261432E-01
 0.310137E+01  0.621981E+00  0.261819E-01
 0.310365E+01  0.626134E+00  0.260189E-01
 0.310594E+01  0.679303E+00  0.261063E-01
 0.310822E+01  0.663736E+00  0.262088E-01
 0.311050E+01  0.613363E+00  0.260049E-01
 0.311279E+01  0.631488E+00  0.261677E-01
 0.311507E+01  0.645883E+00  0.260117E-01
 0.311736E+01  0.650534E+00  0.261317E-01
 0.311964E+01  0.627502E+00  0.262102E-01
 0.312192E+01  0.656019E+00  0.258796E-01
 0.312421E+01  0.643001E+00  0.261447E-01
 0.312649E+01  0.659692E+00  0.261562E-01
 0.312877E+01  0.663407E+00  0.260622E-01
 0.313106E+01  0.658829E+00  0.261793E-01
 0.313334E+01  0.661779E+00  0.259116E-01
 0.313563E+01  0.665122E+00  0.260955E-01
 0.313791E+01  0.627143E+00  0.260252E-01
 0.314019E+01  0.591598E+00  0.260960E-01
 0.314248E+01  0.589754E+00  0.261448E-01
 0.314476E+01  0.604430E+00  0.259387E-01
 0.314705E+01  0.593964E+00  0.261416E-01
 0.314933E+01  0.609136E+00  0.260368E-01
 0.315161E+01  0.644019E+00  0.259935E-01
 0.315390E+01  0.649778E+00  0.260991E-01
 0.315618E+01  0.655780E+00  0.260941E-01
 0.315846E+01  0.634220E+00  0.261044E-01
 0.316075E+01  0.638367E+00  0.260483E-01
 0.316303E+01  0.644982E+00  0.260310E-01
 0.316532E+01  0.676734E+00  0.259974E-01
 0.316760E+01  0.625838E+00  0.260756E-01
 0.316988E+01  0.634146E+00  0.260120E-01
 0.317217E+01  0.680337E+00  0.260341E-01
 0.317445E+01  0.666625E+00  0.260634E-01
 0.317674E+01  0.650254E+00  0.260320E-01
 0.317902E+01  0.633941E+00  0.260977E-01
 0.318130E+01  0.629331E+00  0.259536E-01
 0.318359E+01  0.638174E+00  0.259520E-01
 0.318587E+01  0.619998E+00  0.261432E-01
 0.318815E+01  0.649951E+00  0.258801E-01
 0.319044E+01  0.686903E+00  0.260421E-01
 0.319272E+01  0.683312E+00  0.258522E-01
 0.319501E+01  0.670993E+00  0.259931E-01
 0.319729E+01  0.628030E+00  0.260709E-01
 0.319957E+01  0.609940E+00  0.258856E-01
 0.320186E+01  0.601141E+00  0.260627E-01
 0.320414E+01  0.574633E+00  0.258957E-01
 0.320643E+01  0.604721E+00  0.260093E-01
 0.320871E+01  0.610456E+00  0.260632E-01
 0.321099E+01  0.615604E+00  0.258504E-01
 0.321328E+01  0.644298E+00  0.260760E-01
 0.321556E+01  0.607758E+00  0.260044E-01
 0.321784E+01  0.603712E+00  0.259467E-01
 0.322013E+01  0.600858E+00  0.259852E-01
 0.322241E+01  0.613251E+00  0.258520E-01
 0.322470E+01  0.615099E+00  0.260141E-01
 0.322698E+01  0.638382E+00  0.259856E-01
 0.322926E+01  0.639698E+00  0.258847E-01
 0.323155E+01  0.630950E+00  0.259246E-01
 0.323383E+01  0.624030E+00  0.259863E-01
 0.323611E+01  0.620895E+00  0.259279E-01
 0.323840E+01  0.638111E+00  0.259281E-01
 0.324068E+01  0.662191E+00  0.258714E-01
 0.324297E+01  0.650579E+00  0.259142E-01
 0.324525E+01  0.623865E+00  0.259871E-01
 0.324753E+01  0.646468E+00  0.258526E-01
 0.324982E+01  0.601243E+00  0.258779E-01
 0.325210E+01  0.606149E+00  0.258564E-01
 0.325439E+01  0.618865E+00  0.258882E-01
 0.325667E+01  0.641227E+00  0.260370E-01
 0.325895E+01  0.628144E+00  0.257573E-01
 0.326124E+01  0.617483E+00  0.259159E-01
 0.326352E+01  0.614650E+00  0.259495E-01
 0.326580E+01  0.602848E+00  0.258478E-01
 0.326809E+01  0.606860E+00  0.259752E-01
 0.327037E+01  0.635198E+00  0.257533E-01
 0.327266E+01  0.600344E+00  0.259729E-01
 0.327494E+01  0.597293E+00  0.259192E-01
 0.327722E+01  0.610257E+00  0.257423E-01
 0.327951E+01  0.615476E+00  0.259614E-01
 0.328179E+01  0.586604E+00  0.257540E-01
 0.328408E+01  0.608579E+00  0.259690E-01
 0.328636E+01  0.645608E+00  0.258850E-01
 0.328864E+01  0.663217E+00  0.257812E-01
 0.329093E+01  0.626087E+00  0.259239E-01
 0.329321E+01  0.620799E+00  0.258553E-01
 0.329549E+01  0.608719E+00  0.258708E-01
 0.329778E+01  0.631499E+00  0.258331E-01
 0.330006E+01  0.637566E+00  0.258349E-01
 0.330235E+01  0.610234E+00  0.259290E-01
 0.330463E+01  0.610859E+00  0.258667E-01
 0.330691E+01  0.605088E+00  0.257874E-01
 0.330920E+01  0.617281E+00  0.257877E-01
 0.331148E+01  0.601063E+00  0.259075E-01
 0.331377E+01  0.574224E+00  0.259637E-01
 0.331605E+01  0.578744E+00  0.258182E-01
 0.331833E+01  0.578086E+00  0.257501E-01
 0.332062E+01  0.587000E+00  0.258433E-01
 0.332290E+01  0.619705E+00  0.259780E-01
 0.332518E+01  0.638669E+00  0.257651E-01
 0.332747E+01  0.645350E+00  0.258968E-01
 0.332975E+01  0.593254E+00  0.258576E-01
 0.333204E+01  0.579137E+00  0.258529E-01
 0.333432E+01  0.575675E+00  0.259391E-01
 0.333660E+01  0.555673E+00  0.257086E-01
 0.333889E+01  0.532219E+00  0.259585E-01
 0.334117E+01  0.585762E+00  0.258688E-01
 0.334346E+01  0.631802E+00  0.258535E-01
 0.334574E+01  0.614906E+00  0.259752E-01
 0.334802E+01  0.628258E+00  0.256928E-01
 0.335031E+01  0.601569E+00  0.259949E-01
 0.335259E+01  0.578265E+00  0.259234E-01
 0.335487E+01  0.593997E+00  0.257826E-01
 0.335716E+01  0.593406E+00  0.259572E-01
 0.335944E+01  0.577959E+00  0.257397E-01
 0.336173E+01  0.567257E+00  0.259889E-01
 0.336401E+01  0.544921E+00  0.258600E-01
 0.336629E+01  0.533661E+00  0.257829E-01
 0.336858E+01  0.533242E+00  0.259248E-01
 0.337086E+01  0.599710E+00  0.258736E-01
 0.337314E+01  0.590130E+00  0.258956E-01
 0.337543E+01  0.603007E+00  0.258213E-01
 0.337771E+01  0.591102E+00  0.258445E-01
 0.338000E+01  0.556952E+00  0.259846E-01
 0.338228E+01  0.554563E+00  0.259115E-01
 0.338456E+01  0.542305E+00  0.258863E-01
 0.338685E+01  0.594309E+00  0.258881E-01
 0.338913E+01  0.585157E+00  0.258492E-01
 0.339142E+01  0.597745E+00  0.258810E-01
 0.339370E+01  0.568856E+00  0.258963E-01
 0.339598E+01  0.600581E+00  0.258948E-01
 0.339827E+01  0.625712E+00  0.259802E-01
 0.340055E+01  0.630414E+00  0.260112E-01
 0.340283E+01  0.613899E+00  0.257399E-01
 0.340512E+01  0.589986E+00  0.259464E-01
 0.340740E+01  0.587771E+00  0.258347E-01
 0.340969E+01  0.601430E+00  0.259150E-01
 0.341197E+01  0.619183E+00  0.259857E-01
 0.341425E+01  0.621077E+00  0.257143E-01
 0.341654E+01  0.623157E+00  0.259524E-01
 0.341882E+01  0.640054E+00  0.258076E-01
 0.342111E+01  0.659384E+00  0.259536E-01
 0.342339E+01  0.632734E+00  0.259340E-01
 0.342567E+01  0.591334E+00  0.258236E-01
 0.342796E+01  0.596617E+00  0.260079E-01
 0.343024E+01  0.655012E+00  0.258761E-01
 0.343252E+01  0.659045E+00  0.258048E-01
 0.343481E+01  0.619018E+00  0.259438E-01
 0.343709E+01  0.547496E+00  0.258549E-01
 0.343938E+01  0.547364E+00  0.259634E-01
 0.344166E+01  0.543678E+00  0.258189E-01
 0.344394E+01  0.553530E+00  0.258481E-01
 0.344623E+01  0.569228E+00  0.259326E-01
 0.344851E+01  0.556787E+00  0.258673E-01
 0.345080E+01  0.536703E+00  0.259513E-01
 0.345308E+01  0.593479E+00  0.258882E-01
 0.345536E+01  0.579654E+00  0.259173E-01
 0.345765E+01  0.580760E+00  0.259129E-01
 0.345993E+01  0.587737E+00  0.259575E-01
 0.346221E+01  0.588763E+00  0.258001E-01
 0.346450E+01  0.618482E+00  0.259197E-01
 0.346678E+01  0.584791E+00  0.259361E-01
 0.346907E+01  0.543979E+00  0.258426E-01
 0.347135E+01  0.525852E+00  0.259316E-01
 0.347363E+01  0.564606E+00  0.258434E-01
 0.347592E+01  0.589375E+00  0.259561E-01
 0.347820E+01  0.585413E+00  0.260533E-01
 0.348048E+01  0.583700E+00  0.257843E-01
 0.348277E+01  0.580579E+00  0.260293E-01
 0.348505E+01  0.621531E+00  0.258147E-01
 0.348734E+01  0.645171E+00  0.259709E-01
 0.348962E+01  0.601375E+00  0.259919E-01
 0.349190E+01  0.567164E+00  0.257493E-01
 0.349419E+01  0.553841E+00  0.260702E-01
 0.349647E+01  0.561192E+00  0.258449E-01
 0.349876E+01  0.591182E+00  0.260106E-01
 0.350104E+01  0.608168E+00  0.259431E-01
 0.350332E+01  0.581632E+00  0.257873E-01
 0.350561E+01  0.574823E+00  0.260847E-01
 0.350789E+01  0.588760E+00  0.259297E-01
 0.351017E+01  0.600230E+00  0.259046E-01
 0.351246E+01  0.566438E+00  0.259818E-01
 0.351474E+01  0.544516E+00  0.258764E-01
 0.351703E+01  0.574337E+00  0.260352E-01
 0.351931E+01  0.579131E+00  0.259553E-01
 0.352159E+01  0.585130E+00  0.259139E-01
 0.352388E+01  0.619738E+00  0.259690E-01
 0.352616E+01  0.616983E+00  0.259079E-01
 0.352845E+01  0.571337E+00  0.260111E-01
 0.353073E+01  0.547332E+00  0.258949E-01
 0.353301E+01  0.541789E+00  0.259524E-01
 0.353530E+01  0.545960E+00  0.259579E-01
 0.353758E+01  0.560481E+00  0.260147E-01
 0.353986E+01  0.548325E+00  0.258744E-01
 0.354215E+01  0.546809E+00  0.260140E-01
 0.354443E+01  0.563141E+00  0.259359E-01
 0.354672E+01  0.531799E+00  0.259559E-01
 0.354900E+01  0.529265E+00  0.259995E-01
 0.355128E+01  0.519939E+00  0.259488E-01
 0.355357E+01  0.525957E+00  0.261102E-01
 0.355585E+01  0.521766E+00  0.259439E-01
 0.355814E+01  0.544167E+00  0.259056E-01
 0.356042E+01  0.537629E+00  0.260216E-01
 0.356270E+01  0.529859E+00  0.259608E-01
 0.356499E+01  0.548072E+00  0.261301E-01
 0.356727E+01  0.589399E+00  0.261412E-01
 0.356955E+01  0.562994E+00  0.258323E-01
 0.357184E+01  0.533705E+00  0.260811E-01
 0.357412E+01  0.526183E+00  0.259207E-01
 0.357641E+01  0.530925E+00  0.260519E-01
 0.357869E+01  0.526853E+00  0.260374E-01
 0.358097E+01  0.560659E+00  0.259704E-01
 0.358326E+01  0.550399E+00  0.261409E-01
 0.358554E+01  0.550479E+00  0.259304E-01
 0.358783E+01  0.531619E+00  0.260588E-01
 0.359011E+01  0.522158E+00  0.260751E-01
 0.359239E+01  0.496520E+00  0.260202E-01
 0.359468E+01  0.489292E+00  0.261764E-01
 0.359696E+01  0.518990E+00  0.259674E-01
 0.359924E+01  0.524535E+00  0.259921E-01
 0.360153E+01  0.544297E+00  0.260915E-01
 0.360381E+01  0.542566E+00  0.261124E-01
 0.360610E+01  0.559398E+00  0.261133E-01
 0.360838E+01  0.577841E+00  0.260742E-01
 0.361066E+01  0.561193E+00  0.261021E-01
 0.361295E+01  0.511033E+00  0.260570E-01
 0.361523E+01  0.545768E+00  0.261476E-01
 0.361751E+01  0.556935E+00  0.259733E-01
 0.361980E+01  0.572446E+00  0.261845E-01
 0.362208E+01  0.555739E+00  0.261739E-01
 0.362437E+01  0.553653E+00  0.261044E-01
 0.362665E+01  0.571905E+00  0.261432E-01
 0.362893E+01  0.580186E+00  0.259824E-01
 0.363122E+01  0.527158E+00  0.262374E-01
 0.363350E+01  0.516892E+00  0.261058E-01
 0.363579E+01  0.525532E+00  0.260840E-01
 0.363807E+01  0.542660E+00  0.261899E-01
 0.364035E+01  0.542743E+00  0.260039E-01
 0.364264E+01  0.499801E+00  0.261668E-01
 0.364492E+01  0.473900E+00  0.261609E-01
 0.364720E+01  0.513179E+00  0.260479E-01
 0.364949E+01  0.521739E+00  0.262403E-01
 0.365177E+01  0.516869E+00  0.261064E-01
 0.365406E+01  0.514755E+00  0.261299E-01
 0.365634E+01  0.536121E+00  0.261004E-01
 0.365862E+01  0.490330E+00  0.260786E-01
 0.366091E+01  0.499384E+00  0.262376E-01
 0.366319E+01  0.575440E+00  0.260754E-01
 0.366548E+01  0.562614E+00  0.261129E-01
 0.366776E+01  0.532769E+00  0.262188E-01
 0.367004E+01  0.506103E+00  0.261246E-01
 0.367233E+01  0.537913E+00  0.262399E-01
 0.367461E+01  0.527906E+00  0.262167E-01
 0.367689E+01  0.513323E+00  0.261465E-01
 0.367918E+01  0.557121E+00  0.263200E-01
 0.368146E+01  0.548149E+00  0.261687E-01
 0.368375E+01  0.536432E+00  0.262220E-01
 0.368603E+01  0.554325E+00  0.261842E-01
 0.368831E+01  0.525220E+00  0.261466E-01
 0.369060E+01  0.523125E+00  0.263144E-01
 0.369288E+01  0.519884E+00  0.261551E-01
 0.369517E+01  0.528374E+00  0.262397E-01
 0.369745E+01  0.522829E+00  0.262495E-01
 0.369973E+01  0.505729E+00  0.261910E-01
 0.370202E+01  0.505419E+00  0.262949E-01
 0.370430E+01  0.536803E+00  0.262718E-01
 0.370658E+01  0.537148E+00  0.261736E-01
 0.370887E+01  0.505754E+00  0.263861E-01
 0.371115E+01  0.472566E+00  0.261832E-01
 0.371344E+01  0.470624E+00  0.262903E-01
 0.371572E+01  0.482777E+00  0.262907E-01
 0.371800E+01  0.515215E+00  0.262514E-01
 0.372029E+01  0.547183E+00  0.263532E-01
 0.372257E+01  0.573686E+00  0.262602E-01
 0.372485E+01  0.530244E+00  0.261937E-01
 0.372714E+01  0.526498E+00  0.263024E-01
 0.372942E+01  0.510381E+00  0.262773E-01
 0.373171E+01  0.519580E+00  0.263340E-01
 0.373399E+01  0.523688E+00  0.262672E-01
 0.373627E+01  0.509378E+00  0.262778E-01
 0.373856E+01  0.513863E+00  0.264218E-01
 0.374084E+01  0.565517E+00  0.262239E-01
 0.374313E+01  0.576810E+00  0.263258E-01
 0.374541E+01  0.533860E+00  0.263695E-01
 0.374769E+01  0.527154E+00  0.263565E-01
 0.374998E+01  0.523209E+00  0.263556E-01
 0.375226E+01  0.544616E+00  0.263226E-01
 0.375454E+01  0.513335E+00  0.262768E-01
 0.375683E+01  0.504520E+00  0.264431E-01
 0.375911E+01  0.520613E+00  0.263694E-01
 0.376140E+01  0.529967E+00  0.263891E-01
 0.376368E+01  0.530019E+00  0.264059E-01
 0.376596E+01  0.503391E+00  0.263477E-01
 0.376825E+01  0.503048E+00  0.265161E-01
 0.377053E+01  0.504829E+00  0.263637E-01
 0.377282E+01  0.509740E+00  0.264452E-01
 0.377510E+01  0.497744E+00  0.264881E-01
 0.377738E+01  0.522866E+00  0.264183E-01
 0.377967E+01  0.504234E+00  0.264283E-01
 0.378195E+01  0.480756E+00  0.264308E-01
 0.378423E+01  0.534764E+00  0.263763E-01
 0.378652E+01  0.518720E+00  0.265650E-01
 0.378880E+01  0.546084E+00  0.264899E-01
 0.379109E+01  0.590320E+00  0.264986E-01
 0.379337E+01  0.562311E+00  0.265237E-01
 0.379565E+01  0.520320E+00  0.264495E-01
 0.379794E+01  0.516665E+00  0.265480E-01
 0.380022E+01  0.516216E+00  0.264330E-01
 0.380251E+01  0.515909E+00  0.265385E-01
 0.380479E+01  0.549663E+00  0.265968E-01
 0.380707E+01  0.542418E+00  0.265493E-01
 0.380936E+01  0.568745E+00  0.265400E-01
 0.381164E+01  0.577854E+00  0.265500E-01
 0.381392E+01  0.534695E+00  0.264829E-01
 0.381621E+01  0.510357E+00  0.266117E-01
 0.381849E+01  0.541042E+00  0.264764E-01
 0.382078E+01  0.556062E+00  0.265767E-01
 0.382306E+01  0.553289E+00  0.265900E-01
 0.382534E+01  0.524020E+00  0.265751E-01
 0.382763E+01  0.524561E+00  0.266468E-01
 0.382991E+01  0.549277E+00  0.265607E-01
 0.383220E+01  0.539076E+00  0.266652E-01
 0.383448E+01  0.523215E+00  0.266993E-01
 0.383676E+01  0.524697E+00  0.265960E-01
 0.383905E+01  0.534098E+00  0.266231E-01
 0.384133E+01  0.544209E+00  0.266275E-01
 0.384361E+01  0.556731E+00  0.266067E-01
 0.384590E+01  0.536592E+00  0.267382E-01
 0.384818E+01  0.534636E+00  0.265535E-01
 0.385047E+01  0.524523E+00  0.266168E-01
 0.385275E+01  0.530056E+00  0.266690E-01
 0.385503E+01  0.523122E+00  0.266056E-01
 0.385732E+01  0.492508E+00  0.266508E-01
 0.385960E+01  0.473464E+00  0.266836E-01
 0.386188E+01  0.498382E+00  0.266477E-01
 0.386417E+01  0.521814E+00  0.267647E-01
 0.386645E+01  0.511305E+00  0.266730E-01
 0.386874E+01  0.490558E+00  0.267302E-01
 0.387102E+01  0.496447E+00  0.267435E-01
 0.387330E+01  0.495583E+00  0.266561E-01
 0.387559E+01  0.468808E+00  0.267866E-01
 0.387787E+01  0.500679E+00  0.267063E-01
 0.388016E+01  0.486390E+00  0.267453E-01
 0.388244E+01  0.503734E+00  0.267910E-01
 0.388472E+01  0.516108E+00  0.267647E-01
 0.388701E+01  0.516932E+00  0.267870E-01
 0.388929E+01  0.508296E+00  0.268584E-01
 0.389157E+01  0.514457E+00  0.267573E-01
 0.389386E+01  0.547917E+00  0.268832E-01
 0.389614E+01  0.528300E+00  0.267266E-01
 0.389843E+01  0.508534E+00  0.268112E-01
 0.390071E+01  0.501106E+00  0.268949E-01
 0.390299E+01  0.503421E+00  0.268215E-01
 0.390528E+01  0.499716E+00  0.269124E-01
 0.390756E+01  0.540545E+00  0.267825E-01
 0.390985E+01  0.532819E+00  0.268831E-01
 0.391213E+01  0.498442E+00  0.269440E-01
 0.391441E+01  0.478055E+00  0.268358E-01
 0.391670E+01  0.484708E+00  0.269053E-01
 0.391898E+01  0.491720E+00  0.269727E-01
 0.392126E+01  0.475289E+00  0.269195E-01
 0.392355E+01  0.490930E+00  0.270144E-01
 0.392583E+01  0.514698E+00  0.268454E-01
 0.392812E+01  0.498522E+00  0.269394E-01
 0.393040E+01  0.495755E+00  0.270118E-01
 0.393268E+01  0.482832E+00  0.269863E-01
 0.393497E+01  0.505460E+00  0.270303E-01
 0.393725E+01  0.510063E+00  0.268842E-01
 0.393954E+01  0.468560E+00  0.270381E-01
 0.394182E+01  0.504405E+00  0.270660E-01
 0.394410E+01  0.537525E+00  0.269854E-01
 0.394639E+01  0.522058E+00  0.270500E-01
 0.394867E+01  0.515959E+00  0.270723E-01
 0.395095E+01  0.528541E+00  0.270269E-01
 0.395324E+01  0.546041E+00  0.271432E-01
 0.395552E+01  0.528208E+00  0.270204E-01
 0.395781E+01  0.510380E+00  0.271431E-01
 0.396009E+01  0.502103E+00  0.272498E-01
 0.396237E+01  0.478820E+00  0.271405E-01
 0.396466E+01  0.510183E+00  0.271147E-01
 0.396694E+01  0.532883E+00  0.271485E-01
 0.396922E+01  0.512951E+00  0.271022E-01
 0.397151E+01  0.497285E+00  0.272446E-01
 0.397379E+01  0.526342E+00  0.272118E-01
 0.397608E+01  0.488049E+00  0.272785E-01
 0.397836E+01  0.465149E+00  0.273028E-01
 0.398064E+01  0.438650E+00  0.271719E-01
 0.398293E+01  0.461033E+00  0.272618E-01
 0.398521E+01  0.476655E+00  0.271555E-01
 0.398750E+01  0.465516E+00  0.273054E-01
 0.398978E+01  0.499437E+00  0.273993E-01
 0.399206E+01  0.511327E+00  0.272453E-01
 0.399435E+01  0.503200E+00  0.272792E-01
 0.399663E+01  0.459355E+00  0.274133E-01
 0.399891E+01  0.469143E+00  0.273465E-01
 0.400120E+01  0.466280E+00  0.274032E-01
 0.400348E+01  0.478556E+00  0.272658E-01
 0.400577E+01  0.423525E+00  0.273629E-01
 0.400805E+01  0.452059E+00  0.274081E-01
 0.401033E+01  0.479822E+00  0.273694E-01
 0.401262E+01  0.489020E+00  0.274749E-01
 0.401490E+01  0.521834E+00  0.273610E-01
 0.401719E+01  0.469642E+00  0.274660E-01
 0.401947E+01  0.463652E+00  0.275020E-01
 0.402175E+01  0.475253E+00  0.273085E-01
 0.402404E+01  0.442995E+00  0.274254E-01
 0.402632E+01  0.440223E+00  0.275745E-01
 0.402860E+01  0.511449E+00  0.274374E-01
 0.403089E+01  0.493573E+00  0.275725E-01
 0.403317E+01  0.475874E+00  0.274077E-01
 0.403546E+01  0.435966E+00  0.275302E-01
 0.403774E+01  0.414115E+00  0.275658E-01
 0.404002E+01  0.417837E+00  0.274638E-01
 0.404231E+01  0.453692E+00  0.275563E-01
 0.404459E+01  0.469680E+00  0.275190E-01
 0.404688E+01  0.448133E+00  0.276634E-01
 0.404916E+01  0.438135E+00  0.276591E-01
 0.405144E+01  0.491587E+00  0.274802E-01
 0.405373E+01  0.531251E+00  0.276095E-01
 0.405601E+01  0.544499E+00  0.276981E-01
 0.405829E+01  0.497268E+00  0.276331E-01
 0.406058E+01  0.497953E+00  0.276933E-01
 0.406286E+01  0.503358E+00  0.275239E-01
 0.406515E+01  0.496445E+00  0.276762E-01
 0.406743E+01  0.487145E+00  0.278153E-01
 0.406971E+01  0.498527E+00  0.276775E-01
 0.407200E+01  0.490373E+00  0.278197E-01
 0.407428E+01  0.486013E+00  0.277020E-01
 0.407657E+01  0.495330E+00  0.278107E-01
 0.407885E+01  0.450873E+00  0.277917E-01
 0.408113E+01  0.427882E+00  0.276583E-01
 0.408342E+01  0.375829E+00  0.279097E-01
 0.408570E+01  0.390705E+00  0.279346E-01
 0.408798E+01  0.467196E+00  0.278534E-01
 0.409027E+01  0.484119E+00  0.279003E-01
 0.409255E+01  0.491216E+00  0.277503E-01
 0.409484E+01  0.480530E+00  0.279212E-01
 0.409712E+01  0.473151E+00  0.280254E-01
 0.409940E+01  0.460684E+00  0.279479E-01
 0.410169E+01  0.494032E+00  0.280023E-01
 0.410397E+01  0.473986E+00  0.280313E-01
 0.410625E+01  0.418310E+00  0.280192E-01
 0.410854E+01  0.400193E+00  0.281003E-01
 0.411082E+01  0.437928E+00  0.279672E-01
 0.411311E+01  0.428492E+00  0.281096E-01
 0.411539E+01  0.431576E+00  0.281914E-01
 0.411767E+01  0.424236E+00  0.280448E-01
 0.411996E+01  0.407775E+00  0.281229E-01
 0.412224E+01  0.435478E+00  0.280741E-01
 0.412453E+01  0.415988E+00  0.282644E-01
 0.412681E+01  0.411372E+00  0.282848E-01
 0.412909E+01  0.430078E+00  0.281072E-01
 0.413138E+01  0.431974E+00  0.282143E-01
 0.413366E+01  0.449426E+00  0.282760E-01
 0.413594E+01  0.433156E+00  0.281968E-01
 0.413823E+01  0.445038E+00  0.283355E-01
 0.414051E+01  0.446397E+00  0.282352E-01
 0.414280E+01  0.466094E+00  0.284068E-01
 0.414508E+01  0.506108E+00  0.284872E-01
 0.414736E+01  0.508821E+00  0.283147E-01
 0.414965E+01  0.516477E+00  0.283292E-01
 0.415193E+01  0.473444E+00  0.283627E-01
 0.415422E+01  0.494987E+00  0.285191E-01
 0.415650E+01  0.469396E+00  0.285248E-01
 0.415878E+01  0.471326E+00  0.283305E-01
 0.416107E+01  0.456318E+00  0.285040E-01
 0.416335E+01  0.454995E+00  0.285240E-01
 0.416563E+01  0.452621E+00  0.284813E-01
 0.416792E+01  0.454502E+00  0.285688E-01
 0.417020E+01  0.394438E+00  0.284647E-01
 0.417249E+01  0.398952E+00  0.286428E-01
 0.417477E+01  0.433071E+00  0.286887E-01
 0.417705E+01  0.430469E+00  0.285295E-01
 0.417934E+01  0.465510E+00  0.286541E-01
 0.418162E+01  0.462223E+00  0.286958E-01
 0.418391E+01  0.441687E+00  0.288353E-01
 0.418619E+01  0.448413E+00  0.287831E-01
 0.418847E+01  0.474587E+00  0.285586E-01
 0.419076E+01  0.497455E+00  0.287693E-01
 0.419304E+01  0.527784E+00  0.288009E-01
 0.419532E+01  0.508577E+00  0.286883E-01
 0.419761E+01  0.487614E+00  0.288333E-01
 0.419989E+01  0.473916E+00  0.288262E-01
 0.420218E+01  0.487379E+00  0.288977E-01
 0.420446E+01  0.503616E+00  0.288835E-01
 0.420674E+01  0.487602E+00  0.287259E-01
 0.420903E+01  0.461692E+00  0.288905E-01
 0.421131E+01  0.450073E+00  0.290363E-01
 0.421359E+01  0.454243E+00  0.289177E-01
 0.421588E+01  0.460356E+00  0.290271E-01
 0.421816E+01  0.435417E+00  0.288683E-01
 0.422045E+01  0.414332E+00  0.290257E-01
 0.422273E+01  0.462578E+00  0.291022E-01
 0.422501E+01  0.464732E+00  0.289745E-01
 0.422730E+01  0.459031E+00  0.290266E-01
 0.422958E+01  0.438802E+00  0.290362E-01
 0.423187E+01  0.453471E+00  0.291554E-01
 0.423415E+01  0.468052E+00  0.291116E-01
 0.423643E+01  0.493213E+00  0.290204E-01
 0.423872E+01  0.495484E+00  0.292344E-01
 0.424100E+01  0.464630E+00  0.292922E-01
 0.424328E+01  0.444641E+00  0.292172E-01
 0.424557E+01  0.476761E+00  0.292835E-01
 0.424785E+01  0.473766E+00  0.291783E-01
 0.425014E+01  0.492871E+00  0.293082E-01
 0.425242E+01  0.484247E+00  0.294294E-01
 0.425470E+01  0.449887E+00  0.293157E-01
 0.425699E+01  0.467948E+00  0.294647E-01
 0.425927E+01  0.520809E+00  0.293425E-01
 0.426156E+01  0.485379E+00  0.294672E-01
 0.426384E+01  0.448880E+00  0.294912E-01
 0.426612E+01  0.467571E+00  0.293833E-01
 0.426841E+01  0.483246E+00  0.295479E-01
 0.427069E+01  0.430530E+00  0.296878E-01
 0.427297E+01  0.386302E+00  0.294711E-01
 0.427526E+01  0.451271E+00  0.296260E-01
 0.427754E+01  0.440288E+00  0.295464E-01
 0.427983E+01  0.430043E+00  0.296477E-01
 0.428211E+01  0.483068E+00  0.296757E-01
 0.428439E+01  0.493705E+00  0.295720E-01
 0.428668E+01  0.494078E+00  0.297316E-01
 0.428896E+01  0.497255E+00  0.296650E-01
 0.429125E+01  0.460384E+00  0.298915E-01
 0.429353E+01  0.428316E+00  0.299392E-01
 0.429581E+01  0.448419E+00  0.297955E-01
 0.429810E+01  0.435522E+00  0.300537E-01
 0.430038E+01  0.469758E+00  0.301870E-01
 0.430266E+01  0.479870E+00  0.300864E-01
 0.430495E+01  0.508318E+00  0.302322E-01
 0.430723E+01  0.466983E+00  0.302055E-01
 0.430952E+01  0.483834E+00  0.303836E-01
 0.431180E+01  0.475502E+00  0.304527E-01
 0.431408E+01  0.494917E+00  0.302552E-01
 0.431637E+01  0.501508E+00  0.304486E-01
 0.431865E+01  0.504068E+00  0.303391E-01
 0.432094E+01  0.481105E+00  0.306020E-01
 0.432322E+01  0.442722E+00  0.305801E-01
 0.432550E+01  0.470204E+00  0.305903E-01
 0.432779E+01  0.485802E+00  0.307595E-01
 0.433007E+01  0.502713E+00  0.307346E-01
 0.433235E+01  0.487479E+00  0.306272E-01
 0.433464E+01  0.452739E+00  0.307808E-01
 0.433692E+01  0.408624E+00  0.307300E-01
 0.433921E+01  0.453592E+00  0.308898E-01
 0.434149E+01  0.439465E+00  0.309871E-01
 0.434377E+01  0.427584E+00  0.309304E-01
 0.434606E+01  0.457137E+00  0.310244E-01
 0.434834E+01  0.511724E+00  0.310833E-01
 0.435062E+01  0.493392E+00  0.309833E-01
 0.435291E+01  0.482778E+00  0.311598E-01
 0.435519E+01  0.504426E+00  0.310976E-01
 0.435748E+01  0.464375E+00  0.311626E-01
 0.435976E+01  0.415925E+00  0.312255E-01
 0.436204E+01  0.393983E+00  0.311906E-01
 0.436433E+01  0.454196E+00  0.314158E-01
 0.436661E+01  0.540471E+00  0.313800E-01
 0.436890E+01  0.532799E+00  0.315160E-01
 0.437118E+01  0.513481E+00  0.314848E-01
 0.437346E+01  0.476923E+00  0.313508E-01
 0.437575E+01  0.490293E+00  0.314597E-01
 0.437803E+01  0.477122E+00  0.316101E-01
 0.438031E+01  0.457708E+00  0.315600E-01
 0.438260E+01  0.434829E+00  0.318144E-01
 0.438488E+01  0.453643E+00  0.317058E-01
 0.438717E+01  0.484015E+00  0.317880E-01
 0.438945E+01  0.469802E+00  0.318653E-01
 0.439173E+01  0.478752E+00  0.318081E-01
 0.439402E+01  0.508453E+00  0.319218E-01
 0.439630E+01  0.459515E+00  0.318459E-01
 0.439859E+01  0.455030E+00  0.320459E-01
 0.440087E+01  0.439819E+00  0.320921E-01
 0.440315E+01  0.408902E+00  0.319241E-01
 0.440544E+01  0.448094E+00  0.320914E-01
 0.440772E+01  0.427088E+00  0.322337E-01
 0.441000E+01  0.407982E+00  0.321361E-01
 0.441229E+01  0.420554E+00  0.322886E-01
 0.441457E+01  0.416842E+00  0.321525E-01
 0.441686E+01  0.426412E+00  0.322163E-01
 0.441914E+01  0.409070E+00  0.323264E-01
 0.442142E+01  0.488156E+00  0.323620E-01
 0.442371E+01  0.492183E+00  0.325719E-01
 0.442599E+01  0.482570E+00  0.324752E-01
 0.442828E+01  0.455596E+00  0.325470E-01
 0.443056E+01  0.476770E+00  0.326584E-01
 0.443284E+01  0.422061E+00  0.325641E-01
 0.443513E+01  0.403789E+00  0.327704E-01
 0.443741E+01  0.411449E+00  0.328778E-01
 0.443969E+01  0.416363E+00  0.328322E-01
 0.444198E+01  0.402655E+00  0.330969E-01
 0.444426E+01  0.434231E+00  0.329439E-01
 0.444655E+01  0.433413E+00  0.332162E-01
 0.444883E+01  0.405751E+00  0.332907E-01
 0.445111E+01  0.418696E+00  0.332635E-01
 0.445340E+01  0.440351E+00  0.334913E-01
 0.445568E+01  0.431316E+00  0.335144E-01
 0.445796E+01  0.419318E+00  0.335277E-01
 0.446025E+01  0.418921E+00  0.337743E-01
 0.446253E+01  0.392777E+00  0.337473E-01
 0.446482E+01  0.363245E+00  0.339350E-01
 0.446710E+01  0.387984E+00  0.339746E-01
 0.446938E+01  0.436924E+00  0.339723E-01
 0.447167E+01  0.385529E+00  0.342924E-01
 0.447395E+01  0.354417E+00  0.341366E-01
 0.447624E+01  0.349806E+00  0.344291E-01
 0.447852E+01  0.365513E+00  0.344912E-01
 0.448080E+01  0.377392E+00  0.344451E-01
 0.448309E+01  0.381866E+00  0.346646E-01
 0.448537E+01  0.357188E+00  0.347493E-01
 0.448765E+01  0.356836E+00  0.346419E-01
 0.448994E+01  0.369640E+00  0.348326E-01
 0.449222E+01  0.387213E+00  0.349157E-01
 0.449451E+01  0.382588E+00  0.350110E-01
 0.449679E+01  0.349815E+00  0.351812E-01
 0.449907E+01  0.371641E+00  0.351754E-01
 0.450136E+01  0.357358E+00  0.353109E-01
 0.450364E+01  0.336069E+00  0.352044E-01
 0.450593E+01  0.354820E+00  0.354951E-01
 0.450821E+01  0.355663E+00  0.356019E-01
 0.451049E+01  0.376770E+00  0.355572E-01
 0.451278E+01  0.407187E+00  0.357949E-01
 0.451506E+01  0.394371E+00  0.358341E-01
 0.451734E+01  0.421873E+00  0.358562E-01
 0.451963E+01  0.418241E+00  0.360333E-01
 0.452191E+01  0.435524E+00  0.359971E-01
 0.452420E+01  0.407547E+00  0.361624E-01
 0.452648E+01  0.400698E+00  0.363499E-01
 0.452876E+01  0.376297E+00  0.363496E-01
 0.453105E+01  0.358162E+00  0.366023E-01
 0.453333E+01  0.356540E+00  0.365042E-01
 0.453562E+01  0.352186E+00  0.367389E-01
 0.453790E+01  0.409672E+00  0.367027E-01
 0.454018E+01  0.423286E+00  0.366679E-01
 0.454247E+01  0.369952E+00  0.368662E-01
 0.454475E+01  0.357002E+00  0.370256E-01
 0.454703E+01  0.316463E+00  0.370094E-01
 0.454932E+01  0.267244E+00  0.374278E-01
 0.455160E+01  0.310524E+00  0.373512E-01
 0.455389E+01  0.344694E+00  0.376345E-01
 0.455617E+01  0.362674E+00  0.378129E-01
 0.455845E+01  0.410708E+00  0.378750E-01
 0.456074E+01  0.397295E+00  0.382077E-01
 0.456302E+01  0.313282E+00  0.381148E-01
 0.456531E+01  0.336788E+00  0.385445E-01
 0.456759E+01  0.353242E+00  0.388139E-01
 0.456987E+01  0.374577E+00  0.388613E-01
 0.457216E+01  0.418508E+00  0.391890E-01
 0.457444E+01  0.433963E+00  0.394220E-01
 0.457672E+01  0.410162E+00  0.394173E-01
 0.457901E+01  0.338366E+00  0.397222E-01
 0.458129E+01  0.336709E+00  0.397085E-01
 0.458358E+01  0.355563E+00  0.400759E-01
 0.458586E+01  0.377658E+00  0.403644E-01
 0.458814E+01  0.363984E+00  0.403636E-01
 0.459043E+01  0.298425E+00  0.408005E-01
 0.459271E+01  0.265291E+00  0.410642E-01
 0.459499E+01  0.269692E+00  0.409996E-01
 0.459728E+01  0.351836E+00  0.413965E-01
 0.459956E+01  0.361778E+00  0.414985E-01
