% pH      PD         PP         DP         DD         Total       Site1       Site2
2.00   0.006352   0.982124   0.011524   0.000000   1.982124   0.988476   0.993648 
2.50   0.020544   0.942976   0.036480   0.000000   1.942976   0.963520   0.979456 
3.00   0.060332   0.836128   0.103508   0.000032   1.836096   0.896460   0.939636 
3.50   0.142240   0.615224   0.242276   0.000260   1.614964   0.757464   0.857500 
4.00   0.248764   0.330960   0.419112   0.001164   1.329796   0.579724   0.750072 
4.50   0.322064   0.134956   0.538160   0.004820   1.130136   0.457020   0.673116 
5.00   0.352452   0.045936   0.586276   0.015336   1.030600   0.398388   0.632212 
5.50   0.351156   0.015200   0.585496   0.048148   0.967052   0.366356   0.600696 
6.00   0.321272   0.004624   0.537512   0.136592   0.868032   0.325896   0.542136 
6.50   0.247540   0.001104   0.422500   0.328856   0.672248   0.248644   0.423604 
7.00   0.143788   0.000292   0.251936   0.603984   0.396308   0.144080   0.252228 
7.50   0.062564   0.000056   0.110340   0.827040   0.173016   0.062620   0.110396 
8.00   0.023384   0.000008   0.040056   0.936552   0.063456   0.023392   0.040064 
8.50   0.007016   0.000000   0.013924   0.979060   0.020940   0.007016   0.013924 
9.00   0.002032   0.000000   0.004464   0.993504   0.006496   0.002032   0.004464 
9.50   0.000512   0.000000   0.001436   0.998052   0.001948   0.000512   0.001436 
